,28079004,28079008,28079011,28079016,28079017,28079018,28079024,28079027,28079035,28079036,28079038,28079039,28079040,28079047,28079048,28079049,28079050,28079054,28079055,28079056,28079057,28079058,28079059,28079060
2018-11-01 01:00:00,75.0,105.0,59.0,100.0,46.0,29.0,10.0,78.0,25.0,86.0,79.0,57.0,41.0,33.0,16.0,13.0,62.0,25.0,154.0,51.0,89.0,3.0,67.0,65.0
2018-11-01 02:00:00,50.0,67.0,54.0,101.0,47.0,51.0,15.0,81.0,27.0,81.0,44.0,41.0,51.0,27.0,31.0,19.0,57.0,17.0,99.0,49.0,112.0,3.0,75.0,60.0
2018-11-01 03:00:00,63.0,60.0,47.0,89.0,28.0,33.0,22.0,45.0,30.0,56.0,23.0,36.0,34.0,24.0,14.0,27.0,29.0,36.0,30.0,42.0,102.0,4.0,111.0,49.0
2018-11-01 04:00:00,68.0,49.0,95.0,91.0,15.0,26.0,6.0,21.0,29.0,69.0,19.0,41.0,33.0,30.0,54.0,20.0,67.0,56.0,30.0,45.0,21.0,3.0,57.0,63.0
2018-11-01 05:00:00,62.0,41.0,67.0,90.0,41.0,23.0,11.0,28.0,24.0,79.0,64.0,61.0,38.0,46.0,76.0,22.0,50.0,21.0,68.0,34.0,12.0,3.0,50.0,63.0
2018-11-01 06:00:00,29.0,63.0,94.0,101.0,12.0,26.0,6.0,36.0,23.0,67.0,37.0,6.0,53.0,41.0,69.0,31.0,69.0,20.0,112.0,53.0,37.0,4.0,67.0,55.0
2018-11-01 07:00:00,59.0,82.0,100.0,74.0,25.0,28.0,16.0,68.0,32.0,60.0,36.0,24.0,63.0,28.0,27.0,26.0,65.0,4.0,105.0,87.0,77.0,9.0,91.0,28.0
2018-11-01 08:00:00,93.0,94.0,102.0,98.0,71.0,53.0,6.0,81.0,49.0,68.0,50.0,58.0,74.0,46.0,61.0,26.0,70.0,20.0,123.0,169.0,143.0,13.0,110.0,63.0
2018-11-01 09:00:00,91.0,98.0,65.0,98.0,66.0,81.0,19.0,69.0,34.0,108.0,30.0,87.0,67.0,80.0,47.0,41.0,37.0,31.0,76.0,153.0,123.0,16.0,103.0,72.0
2018-11-01 10:00:00,138.0,73.0,36.0,45.0,34.0,87.0,53.0,50.0,39.0,51.0,14.0,39.0,39.0,72.0,24.0,51.0,32.0,8.0,40.0,101.0,117.0,14.0,70.0,41.0
2018-11-01 11:00:00,30.0,43.0,19.0,41.0,15.0,52.0,36.0,28.0,19.0,26.0,20.0,19.0,25.0,41.0,15.0,38.0,27.0,3.0,26.0,61.0,79.0,9.0,37.0,33.0
2018-11-01 12:00:00,33.0,36.0,35.0,25.0,8.0,24.0,23.0,17.0,21.0,26.0,27.0,21.0,20.0,17.0,28.0,17.0,30.0,2.0,18.0,34.0,48.0,14.0,22.0,50.0
2018-11-01 13:00:00,16.0,19.0,14.0,14.0,8.0,9.0,12.0,4.0,10.0,16.0,18.0,17.0,10.0,8.0,14.0,6.0,13.0,1.0,8.0,25.0,15.0,13.0,9.0,23.0
2018-11-01 14:00:00,13.0,12.0,14.0,7.0,5.0,10.0,7.0,1.0,4.0,12.0,13.0,10.0,8.0,6.0,9.0,4.0,10.0,1.0,4.0,18.0,6.0,13.0,5.0,10.0
2018-11-01 15:00:00,10.0,11.0,15.0,7.0,4.0,5.0,4.0,1.0,2.0,8.0,10.0,8.0,9.0,4.0,8.0,2.0,11.0,1.0,2.0,23.0,6.0,5.0,5.0,9.0
2018-11-01 16:00:00,9.0,10.0,9.0,6.0,3.0,4.0,2.0,1.0,3.0,6.0,7.0,5.0,6.0,3.0,4.0,1.0,12.0,1.0,3.0,16.0,5.0,3.0,5.0,7.0
2018-11-01 17:00:00,5.0,9.0,7.0,4.0,5.0,2.0,1.0,1.0,2.0,4.0,4.0,3.0,3.0,1.0,4.0,1.0,8.0,1.0,2.0,13.0,4.0,2.0,3.0,5.0
2018-11-01 18:00:00,4.0,11.0,3.0,2.0,6.0,3.0,1.0,1.0,2.0,2.0,3.0,5.0,4.0,1.0,3.0,1.0,12.0,1.0,1.0,36.0,3.0,2.0,2.0,5.0
2018-11-01 19:00:00,5.0,10.0,3.0,2.0,6.0,4.0,1.0,1.0,2.0,4.0,10.0,6.0,7.0,1.0,5.0,1.0,19.0,1.0,1.0,128.0,4.0,3.0,1.0,4.0
2018-11-01 20:00:00,6.0,25.0,2.0,2.0,8.0,4.0,1.0,1.0,2.0,5.0,9.0,13.0,8.0,2.0,6.0,1.0,20.0,1.0,2.0,34.0,5.0,4.0,1.0,4.0
2018-11-01 21:00:00,9.0,23.0,8.0,3.0,13.0,4.0,1.0,1.0,1.0,6.0,13.0,10.0,13.0,1.0,8.0,1.0,23.0,1.0,3.0,8.0,5.0,5.0,1.0,5.0
2018-11-01 22:00:00,10.0,29.0,9.0,4.0,25.0,6.0,1.0,1.0,8.0,9.0,11.0,10.0,16.0,1.0,5.0,1.0,19.0,1.0,2.0,19.0,3.0,3.0,1.0,4.0
2018-11-01 23:00:00,5.0,13.0,5.0,4.0,11.0,3.0,1.0,1.0,6.0,4.0,5.0,5.0,10.0,1.0,3.0,1.0,17.0,1.0,1.0,27.0,2.0,2.0,1.0,5.0
2018-11-02 00:00:00,5.0,13.0,2.0,1.0,5.0,2.0,1.0,1.0,6.0,3.0,4.0,5.0,5.0,1.0,1.0,1.0,10.0,1.0,1.0,4.0,2.0,2.0,1.0,4.0
2018-11-02 01:00:00,2.0,4.0,1.0,1.0,3.0,2.0,1.0,1.0,2.0,2.0,1.0,3.0,2.0,1.0,1.0,1.0,9.0,1.0,1.0,3.0,1.0,2.0,1.0,4.0
2018-11-02 02:00:00,4.0,4.0,1.0,1.0,1.0,1.0,1.0,1.0,3.0,1.0,1.0,3.0,2.0,1.0,1.0,1.0,3.0,1.0,1.0,1.0,1.0,1.0,1.0,3.0
2018-11-02 03:00:00,2.0,3.0,1.0,1.0,1.0,1.0,1.0,1.0,2.0,1.0,1.0,2.0,1.0,1.0,1.0,1.0,3.0,1.0,1.0,1.0,1.0,1.0,1.0,3.0
2018-11-02 04:00:00,2.0,3.0,1.0,1.0,1.0,1.0,1.0,1.0,1.0,1.0,1.0,2.0,2.0,1.0,1.0,1.0,2.0,1.0,1.0,1.0,1.0,1.0,1.0,3.0
2018-11-02 05:00:00,2.0,4.0,1.0,1.0,1.0,1.0,1.0,1.0,2.0,1.0,4.0,2.0,1.0,1.0,1.0,1.0,1.0,1.0,2.0,2.0,1.0,1.0,1.0,3.0
2018-11-02 06:00:00,2.0,8.0,1.0,1.0,1.0,1.0,1.0,1.0,2.0,1.0,1.0,2.0,3.0,1.0,2.0,1.0,2.0,1.0,5.0,2.0,1.0,1.0,1.0,3.0
2018-11-02 07:00:00,4.0,11.0,1.0,12.0,6.0,4.0,1.0,2.0,2.0,2.0,2.0,5.0,7.0,1.0,6.0,1.0,14.0,1.0,13.0,6.0,2.0,1.0,3.0,4.0
2018-11-02 08:00:00,20.0,34.0,7.0,19.0,5.0,5.0,1.0,9.0,5.0,8.0,12.0,11.0,12.0,2.0,23.0,3.0,99.0,1.0,27.0,5.0,4.0,2.0,13.0,5.0
2018-11-02 09:00:00,14.0,57.0,14.0,17.0,12.0,8.0,1.0,13.0,12.0,27.0,23.0,26.0,24.0,9.0,19.0,6.0,53.0,10.0,60.0,12.0,8.0,3.0,18.0,9.0
2018-11-02 10:00:00,19.0,48.0,19.0,15.0,15.0,8.0,3.0,27.0,25.0,22.0,20.0,25.0,25.0,8.0,21.0,7.0,42.0,11.0,63.0,14.0,14.0,3.0,9.0,12.0
2018-11-02 11:00:00,13.0,28.0,20.0,8.0,8.0,6.0,2.0,25.0,24.0,11.0,14.0,11.0,11.0,3.0,11.0,3.0,39.0,4.0,40.0,17.0,9.0,2.0,17.0,8.0
2018-11-02 12:00:00,16.0,22.0,22.0,10.0,4.0,6.0,1.0,16.0,7.0,12.0,18.0,11.0,9.0,2.0,10.0,2.0,28.0,1.0,27.0,13.0,8.0,3.0,11.0,6.0
2018-11-02 13:00:00,19.0,35.0,36.0,9.0,4.0,6.0,1.0,7.0,6.0,12.0,21.0,4.0,10.0,3.0,13.0,3.0,27.0,1.0,13.0,9.0,7.0,4.0,8.0,6.0
2018-11-02 14:00:00,30.0,19.0,24.0,7.0,8.0,4.0,1.0,3.0,4.0,11.0,27.0,4.0,11.0,3.0,13.0,3.0,27.0,12.0,4.0,15.0,8.0,3.0,6.0,6.0
2018-11-02 15:00:00,24.0,13.0,9.0,4.0,5.0,3.0,1.0,7.0,4.0,8.0,19.0,4.0,8.0,4.0,5.0,1.0,14.0,5.0,5.0,16.0,9.0,2.0,3.0,6.0
2018-11-02 16:00:00,16.0,12.0,8.0,3.0,2.0,5.0,1.0,7.0,7.0,5.0,26.0,3.0,4.0,6.0,2.0,2.0,9.0,1.0,3.0,37.0,6.0,1.0,2.0,6.0
2018-11-02 17:00:00,11.0,10.0,11.0,3.0,2.0,4.0,1.0,11.0,4.0,4.0,20.0,2.0,4.0,10.0,3.0,1.0,8.0,1.0,6.0,26.0,4.0,1.0,2.0,5.0
2018-11-02 18:00:00,15.0,18.0,9.0,3.0,2.0,3.0,1.0,4.0,6.0,6.0,27.0,3.0,4.0,8.0,1.0,1.0,12.0,1.0,2.0,25.0,4.0,1.0,1.0,6.0
2018-11-02 19:00:00,24.0,24.0,16.0,3.0,2.0,9.0,1.0,7.0,9.0,7.0,25.0,2.0,4.0,10.0,2.0,2.0,14.0,2.0,1.0,92.0,5.0,4.0,1.0,5.0
2018-11-02 20:00:00,19.0,18.0,2.0,3.0,3.0,7.0,1.0,1.0,11.0,5.0,26.0,4.0,3.0,7.0,1.0,1.0,5.0,6.0,1.0,66.0,4.0,5.0,1.0,6.0
2018-11-02 21:00:00,23.0,15.0,1.0,3.0,2.0,9.0,1.0,2.0,11.0,3.0,19.0,4.0,4.0,6.0,4.0,1.0,3.0,5.0,2.0,70.0,5.0,5.0,1.0,5.0
2018-11-02 22:00:00,16.0,18.0,1.0,4.0,2.0,6.0,1.0,1.0,14.0,3.0,13.0,3.0,3.0,4.0,1.0,1.0,2.0,3.0,6.0,44.0,3.0,4.0,1.0,6.0
2018-11-02 23:00:00,16.0,21.0,1.0,7.0,1.0,7.0,1.0,1.0,33.0,3.0,6.0,2.0,2.0,2.0,1.0,1.0,1.0,1.0,4.0,58.0,2.0,9.0,1.0,4.0
2018-11-03 00:00:00,7.0,8.0,2.0,2.0,1.0,3.0,1.0,4.0,33.0,2.0,4.0,1.0,2.0,1.0,1.0,1.0,1.0,1.0,2.0,69.0,1.0,5.0,1.0,4.0
2018-11-03 01:00:00,7.0,7.0,1.0,2.0,11.0,2.0,1.0,15.0,28.0,5.0,8.0,1.0,2.0,1.0,1.0,1.0,1.0,1.0,4.0,50.0,1.0,2.0,5.0,4.0
2018-11-03 02:00:00,51.0,12.0,2.0,5.0,15.0,3.0,1.0,1.0,23.0,8.0,10.0,1.0,3.0,1.0,1.0,1.0,1.0,2.0,1.0,53.0,1.0,1.0,24.0,4.0
2018-11-03 03:00:00,57.0,17.0,1.0,1.0,5.0,23.0,1.0,1.0,20.0,5.0,5.0,6.0,2.0,2.0,2.0,1.0,1.0,1.0,1.0,49.0,1.0,1.0,1.0,4.0
2018-11-03 04:00:00,35.0,4.0,1.0,3.0,18.0,25.0,25.0,1.0,15.0,4.0,3.0,13.0,2.0,17.0,1.0,1.0,1.0,1.0,4.0,48.0,1.0,1.0,1.0,5.0
2018-11-03 05:00:00,24.0,9.0,1.0,1.0,38.0,24.0,7.0,1.0,13.0,2.0,1.0,9.0,2.0,11.0,1.0,1.0,1.0,5.0,3.0,56.0,1.0,1.0,3.0,6.0
2018-11-03 06:00:00,29.0,8.0,1.0,1.0,37.0,36.0,8.0,1.0,12.0,3.0,1.0,1.0,3.0,32.0,1.0,1.0,1.0,2.0,54.0,70.0,1.0,2.0,1.0,4.0
2018-11-03 07:00:00,57.0,18.0,3.0,10.0,69.0,33.0,9.0,15.0,31.0,13.0,15.0,9.0,8.0,41.0,1.0,1.0,1.0,2.0,67.0,56.0,3.0,3.0,2.0,4.0
2018-11-03 08:00:00,42.0,14.0,7.0,12.0,98.0,23.0,8.0,73.0,29.0,21.0,10.0,11.0,9.0,23.0,3.0,3.0,4.0,1.0,63.0,28.0,3.0,7.0,18.0,8.0
2018-11-03 09:00:00,58.0,28.0,15.0,4.0,44.0,34.0,24.0,44.0,30.0,29.0,18.0,33.0,18.0,36.0,5.0,5.0,11.0,15.0,50.0,72.0,12.0,7.0,35.0,13.0
2018-11-03 10:00:00,70.0,37.0,34.0,11.0,14.0,47.0,22.0,30.0,27.0,39.0,35.0,51.0,57.0,63.0,23.0,11.0,17.0,6.0,25.0,78.0,20.0,7.0,31.0,28.0
2018-11-03 11:00:00,63.0,62.0,31.0,18.0,12.0,41.0,33.0,16.0,38.0,27.0,59.0,45.0,17.0,23.0,34.0,39.0,28.0,7.0,21.0,38.0,22.0,12.0,22.0,33.0
2018-11-03 12:00:00,22.0,22.0,26.0,17.0,16.0,19.0,13.0,17.0,13.0,17.0,22.0,34.0,12.0,10.0,12.0,5.0,24.0,1.0,17.0,36.0,21.0,12.0,11.0,27.0
2018-11-03 13:00:00,19.0,16.0,22.0,14.0,9.0,11.0,7.0,10.0,6.0,13.0,18.0,18.0,12.0,7.0,18.0,6.0,26.0,1.0,9.0,27.0,17.0,8.0,8.0,15.0
2018-11-03 14:00:00,16.0,12.0,28.0,12.0,8.0,8.0,5.0,8.0,3.0,11.0,14.0,15.0,10.0,5.0,13.0,3.0,19.0,1.0,7.0,21.0,16.0,6.0,9.0,13.0
2018-11-03 15:00:00,17.0,9.0,21.0,9.0,6.0,6.0,4.0,5.0,3.0,8.0,9.0,11.0,12.0,3.0,10.0,2.0,11.0,1.0,4.0,19.0,10.0,4.0,5.0,12.0
2018-11-03 16:00:00,7.0,8.0,10.0,5.0,4.0,5.0,3.0,3.0,2.0,4.0,6.0,8.0,6.0,2.0,6.0,1.0,8.0,1.0,3.0,18.0,6.0,4.0,4.0,8.0
2018-11-03 17:00:00,9.0,8.0,5.0,3.0,2.0,5.0,2.0,2.0,2.0,3.0,5.0,5.0,5.0,2.0,6.0,1.0,5.0,1.0,2.0,17.0,5.0,3.0,3.0,7.0
2018-11-03 18:00:00,12.0,16.0,19.0,3.0,12.0,4.0,1.0,5.0,2.0,7.0,13.0,2.0,4.0,1.0,5.0,1.0,2.0,3.0,1.0,36.0,4.0,4.0,2.0,6.0
2018-11-03 19:00:00,54.0,39.0,184.0,8.0,57.0,10.0,1.0,67.0,3.0,10.0,112.0,99.0,11.0,31.0,26.0,1.0,46.0,88.0,47.0,228.0,36.0,6.0,2.0,9.0
2018-11-03 20:00:00,168.0,140.0,344.0,83.0,143.0,103.0,1.0,114.0,5.0,34.0,217.0,290.0,26.0,131.0,110.0,2.0,103.0,226.0,85.0,317.0,143.0,4.0,74.0,25.0
2018-11-03 21:00:00,186.0,235.0,370.0,213.0,231.0,160.0,5.0,84.0,47.0,60.0,196.0,379.0,187.0,165.0,122.0,53.0,186.0,281.0,106.0,135.0,212.0,5.0,136.0,44.0
2018-11-03 22:00:00,161.0,199.0,338.0,175.0,294.0,78.0,16.0,68.0,92.0,162.0,200.0,384.0,231.0,139.0,128.0,64.0,123.0,238.0,126.0,61.0,200.0,4.0,86.0,76.0
2018-11-03 23:00:00,96.0,252.0,180.0,105.0,216.0,63.0,16.0,77.0,96.0,185.0,180.0,408.0,237.0,111.0,170.0,125.0,141.0,172.0,118.0,55.0,191.0,8.0,67.0,122.0
2018-11-04 00:00:00,108.0,116.0,111.0,70.0,193.0,54.0,25.0,91.0,107.0,126.0,125.0,288.0,209.0,97.0,111.0,156.0,104.0,138.0,125.0,69.0,113.0,7.0,22.0,144.0
2018-11-04 01:00:00,101.0,134.0,47.0,55.0,221.0,64.0,36.0,85.0,94.0,100.0,120.0,132.0,101.0,91.0,72.0,69.0,35.0,80.0,159.0,94.0,50.0,5.0,23.0,90.0
2018-11-04 02:00:00,88.0,94.0,23.0,71.0,204.0,55.0,22.0,149.0,79.0,73.0,169.0,124.0,145.0,69.0,70.0,59.0,21.0,64.0,191.0,46.0,23.0,2.0,33.0,48.0
2018-11-04 03:00:00,50.0,114.0,40.0,86.0,147.0,38.0,29.0,35.0,60.0,80.0,86.0,114.0,174.0,40.0,44.0,111.0,7.0,73.0,145.0,45.0,30.0,3.0,44.0,17.0
2018-11-04 04:00:00,60.0,154.0,35.0,113.0,146.0,39.0,11.0,31.0,67.0,58.0,84.0,80.0,96.0,36.0,18.0,124.0,9.0,81.0,53.0,41.0,33.0,3.0,55.0,21.0
2018-11-04 05:00:00,45.0,81.0,48.0,97.0,150.0,24.0,5.0,13.0,70.0,36.0,28.0,64.0,6.0,35.0,26.0,85.0,8.0,5.0,53.0,24.0,12.0,2.0,34.0,26.0
2018-11-04 06:00:00,40.0,18.0,7.0,44.0,111.0,20.0,12.0,13.0,49.0,15.0,34.0,20.0,3.0,37.0,7.0,35.0,2.0,1.0,37.0,30.0,2.0,3.0,13.0,13.0
2018-11-04 07:00:00,34.0,15.0,2.0,10.0,109.0,24.0,13.0,25.0,39.0,18.0,9.0,2.0,3.0,27.0,1.0,11.0,1.0,1.0,55.0,35.0,1.0,3.0,3.0,4.0
2018-11-04 08:00:00,48.0,9.0,2.0,10.0,118.0,38.0,12.0,75.0,31.0,11.0,14.0,15.0,3.0,33.0,1.0,2.0,2.0,5.0,93.0,48.0,1.0,5.0,7.0,5.0
2018-11-04 09:00:00,63.0,8.0,6.0,6.0,122.0,42.0,14.0,28.0,43.0,32.0,18.0,5.0,12.0,39.0,2.0,3.0,3.0,5.0,48.0,40.0,3.0,8.0,5.0,10.0
2018-11-04 10:00:00,72.0,8.0,3.0,5.0,64.0,31.0,15.0,17.0,29.0,24.0,8.0,8.0,17.0,43.0,5.0,12.0,4.0,14.0,19.0,50.0,5.0,5.0,4.0,10.0
2018-11-04 11:00:00,71.0,14.0,9.0,8.0,16.0,39.0,27.0,25.0,26.0,12.0,17.0,12.0,15.0,44.0,12.0,16.0,8.0,15.0,35.0,40.0,6.0,7.0,10.0,10.0
2018-11-04 12:00:00,39.0,32.0,29.0,17.0,10.0,17.0,25.0,20.0,29.0,19.0,46.0,30.0,16.0,16.0,25.0,19.0,19.0,4.0,19.0,23.0,9.0,10.0,16.0,15.0
2018-11-04 13:00:00,20.0,17.0,21.0,14.0,9.0,17.0,17.0,18.0,11.0,15.0,21.0,24.0,11.0,9.0,18.0,6.0,24.0,1.0,17.0,25.0,23.0,12.0,14.0,24.0
2018-11-04 14:00:00,21.0,17.0,23.0,10.0,9.0,16.0,12.0,9.0,9.0,13.0,19.0,19.0,14.0,9.0,17.0,6.0,24.0,1.0,8.0,24.0,17.0,14.0,9.0,16.0
2018-11-04 15:00:00,14.0,20.0,22.0,12.0,9.0,9.0,5.0,9.0,5.0,13.0,18.0,13.0,11.0,6.0,15.0,5.0,18.0,1.0,8.0,17.0,15.0,6.0,9.0,13.0
2018-11-04 16:00:00,7.0,12.0,6.0,5.0,4.0,4.0,2.0,5.0,2.0,5.0,7.0,6.0,5.0,2.0,5.0,1.0,13.0,1.0,4.0,8.0,7.0,4.0,5.0,7.0
2018-11-04 17:00:00,7.0,11.0,3.0,2.0,4.0,3.0,1.0,1.0,2.0,3.0,4.0,4.0,3.0,1.0,3.0,1.0,12.0,1.0,1.0,7.0,3.0,1.0,2.0,4.0
2018-11-04 18:00:00,6.0,14.0,3.0,3.0,6.0,3.0,1.0,1.0,2.0,3.0,5.0,5.0,6.0,1.0,4.0,1.0,13.0,1.0,1.0,10.0,3.0,2.0,2.0,4.0
2018-11-04 19:00:00,6.0,13.0,3.0,2.0,4.0,7.0,1.0,1.0,4.0,6.0,10.0,7.0,7.0,2.0,4.0,1.0,17.0,1.0,1.0,14.0,4.0,3.0,1.0,5.0
2018-11-04 20:00:00,5.0,19.0,3.0,2.0,6.0,5.0,1.0,2.0,4.0,5.0,11.0,7.0,8.0,1.0,6.0,1.0,19.0,1.0,1.0,33.0,5.0,2.0,2.0,5.0
2018-11-04 21:00:00,4.0,14.0,3.0,3.0,8.0,5.0,1.0,1.0,5.0,7.0,10.0,7.0,7.0,1.0,7.0,1.0,23.0,1.0,1.0,35.0,5.0,2.0,1.0,5.0
2018-11-04 22:00:00,8.0,9.0,4.0,3.0,4.0,4.0,1.0,2.0,4.0,8.0,6.0,3.0,5.0,2.0,4.0,1.0,16.0,1.0,5.0,20.0,4.0,3.0,1.0,4.0
2018-11-04 23:00:00,7.0,7.0,5.0,3.0,5.0,3.0,1.0,13.0,4.0,4.0,6.0,2.0,5.0,1.0,3.0,1.0,13.0,1.0,25.0,13.0,2.0,4.0,1.0,4.0
2018-11-05 00:00:00,5.0,3.0,7.0,3.0,1.0,3.0,1.0,2.0,4.0,3.0,2.0,2.0,4.0,2.0,1.0,1.0,2.0,1.0,3.0,19.0,1.0,11.0,2.0,4.0
2018-11-05 01:00:00,10.0,4.0,3.0,1.0,1.0,3.0,1.0,1.0,7.0,2.0,1.0,2.0,4.0,2.0,3.0,1.0,1.0,1.0,1.0,11.0,1.0,1.0,1.0,4.0
2018-11-05 02:00:00,5.0,3.0,1.0,1.0,1.0,2.0,1.0,1.0,8.0,3.0,1.0,2.0,3.0,1.0,2.0,1.0,1.0,1.0,2.0,5.0,1.0,1.0,1.0,4.0
2018-11-05 03:00:00,5.0,2.0,1.0,1.0,1.0,1.0,1.0,1.0,13.0,2.0,1.0,3.0,2.0,1.0,1.0,1.0,9.0,1.0,1.0,3.0,1.0,1.0,1.0,3.0
2018-11-05 04:00:00,3.0,1.0,1.0,1.0,1.0,1.0,1.0,1.0,33.0,1.0,1.0,1.0,1.0,1.0,1.0,1.0,4.0,1.0,1.0,1.0,1.0,1.0,1.0,3.0
2018-11-05 05:00:00,2.0,1.0,1.0,1.0,1.0,1.0,1.0,1.0,16.0,1.0,1.0,1.0,1.0,1.0,1.0,1.0,6.0,1.0,1.0,1.0,1.0,1.0,1.0,3.0
2018-11-05 06:00:00,2.0,2.0,1.0,1.0,2.0,1.0,1.0,1.0,3.0,2.0,1.0,2.0,2.0,1.0,1.0,1.0,4.0,1.0,1.0,4.0,1.0,1.0,1.0,3.0
2018-11-05 07:00:00,5.0,11.0,2.0,3.0,3.0,1.0,1.0,1.0,1.0,4.0,1.0,3.0,3.0,1.0,2.0,1.0,11.0,1.0,2.0,8.0,1.0,1.0,1.0,4.0
2018-11-05 08:00:00,16.0,22.0,33.0,13.0,4.0,4.0,1.0,2.0,3.0,11.0,4.0,6.0,6.0,2.0,15.0,1.0,20.0,3.0,9.0,31.0,2.0,3.0,1.0,8.0
2018-11-05 09:00:00,35.0,37.0,91.0,20.0,11.0,12.0,1.0,10.0,6.0,25.0,24.0,15.0,35.0,5.0,32.0,2.0,45.0,2.0,22.0,49.0,12.0,14.0,10.0,14.0
2018-11-05 10:00:00,16.0,45.0,11.0,13.0,6.0,6.0,1.0,5.0,5.0,9.0,19.0,10.0,32.0,2.0,17.0,3.0,43.0,1.0,13.0,11.0,7.0,2.0,11.0,7.0
2018-11-05 11:00:00,14.0,31.0,6.0,10.0,6.0,4.0,1.0,5.0,2.0,6.0,12.0,8.0,6.0,2.0,14.0,2.0,30.0,1.0,5.0,9.0,7.0,4.0,5.0,9.0
2018-11-05 12:00:00,14.0,39.0,11.0,10.0,4.0,4.0,1.0,6.0,3.0,12.0,16.0,10.0,11.0,3.0,14.0,2.0,29.0,1.0,5.0,10.0,7.0,3.0,6.0,7.0
2018-11-05 13:00:00,12.0,42.0,6.0,9.0,6.0,4.0,1.0,5.0,2.0,7.0,18.0,9.0,6.0,2.0,15.0,2.0,37.0,1.0,8.0,11.0,7.0,2.0,6.0,8.0
2018-11-05 14:00:00,11.0,37.0,9.0,10.0,5.0,5.0,1.0,5.0,4.0,7.0,11.0,26.0,4.0,2.0,13.0,2.0,33.0,1.0,4.0,11.0,7.0,2.0,5.0,7.0
2018-11-05 15:00:00,12.0,30.0,7.0,6.0,6.0,4.0,1.0,5.0,2.0,7.0,8.0,7.0,7.0,2.0,13.0,2.0,26.0,1.0,5.0,10.0,7.0,2.0,5.0,8.0
2018-11-05 16:00:00,9.0,31.0,6.0,7.0,6.0,4.0,1.0,5.0,1.0,5.0,11.0,7.0,6.0,2.0,10.0,1.0,24.0,1.0,5.0,10.0,5.0,1.0,3.0,7.0
2018-11-05 17:00:00,7.0,23.0,13.0,4.0,6.0,5.0,1.0,3.0,2.0,6.0,13.0,5.0,6.0,1.0,10.0,1.0,32.0,1.0,3.0,13.0,6.0,2.0,2.0,8.0
2018-11-05 18:00:00,7.0,45.0,14.0,10.0,7.0,5.0,1.0,10.0,3.0,11.0,18.0,16.0,14.0,1.0,18.0,1.0,45.0,1.0,7.0,19.0,12.0,4.0,5.0,14.0
2018-11-05 19:00:00,9.0,54.0,14.0,5.0,10.0,6.0,1.0,9.0,2.0,11.0,17.0,23.0,17.0,1.0,16.0,1.0,39.0,1.0,8.0,21.0,9.0,3.0,3.0,10.0
2018-11-05 20:00:00,9.0,40.0,15.0,7.0,12.0,5.0,1.0,3.0,4.0,14.0,13.0,17.0,17.0,1.0,12.0,1.0,40.0,1.0,5.0,18.0,7.0,2.0,3.0,9.0
2018-11-05 21:00:00,5.0,33.0,8.0,3.0,4.0,5.0,1.0,2.0,2.0,7.0,7.0,10.0,7.0,1.0,8.0,1.0,29.0,1.0,4.0,12.0,5.0,1.0,2.0,8.0
2018-11-05 22:00:00,4.0,17.0,6.0,3.0,5.0,4.0,1.0,1.0,2.0,4.0,6.0,8.0,5.0,1.0,3.0,1.0,16.0,1.0,1.0,5.0,2.0,1.0,2.0,6.0
2018-11-05 23:00:00,5.0,16.0,3.0,3.0,2.0,5.0,1.0,1.0,2.0,2.0,4.0,3.0,2.0,1.0,3.0,1.0,14.0,1.0,1.0,11.0,2.0,1.0,2.0,4.0
2018-11-06 00:00:00,3.0,9.0,1.0,1.0,1.0,1.0,1.0,1.0,2.0,1.0,3.0,3.0,2.0,1.0,2.0,1.0,9.0,1.0,1.0,6.0,1.0,1.0,2.0,4.0
2018-11-06 01:00:00,3.0,7.0,1.0,1.0,2.0,1.0,1.0,1.0,2.0,1.0,1.0,1.0,2.0,1.0,1.0,1.0,5.0,1.0,1.0,4.0,1.0,1.0,1.0,3.0
2018-11-06 02:00:00,5.0,2.0,1.0,1.0,1.0,1.0,1.0,1.0,2.0,1.0,2.0,1.0,1.0,1.0,1.0,1.0,2.0,1.0,1.0,1.0,1.0,15.0,1.0,3.0
2018-11-06 03:00:00,3.0,2.0,1.0,1.0,1.0,1.0,1.0,1.0,2.0,1.0,1.0,1.0,1.0,1.0,1.0,1.0,2.0,1.0,1.0,1.0,1.0,1.0,1.0,3.0
2018-11-06 04:00:00,2.0,1.0,1.0,1.0,1.0,1.0,1.0,1.0,3.0,1.0,1.0,1.0,1.0,1.0,1.0,1.0,1.0,1.0,1.0,1.0,1.0,1.0,1.0,4.0
2018-11-06 05:00:00,2.0,3.0,1.0,1.0,1.0,1.0,1.0,1.0,1.0,2.0,1.0,1.0,1.0,1.0,1.0,1.0,1.0,1.0,1.0,1.0,1.0,1.0,1.0,3.0
2018-11-06 06:00:00,5.0,2.0,1.0,1.0,2.0,1.0,1.0,1.0,1.0,1.0,1.0,1.0,1.0,1.0,1.0,1.0,2.0,1.0,1.0,3.0,1.0,1.0,1.0,4.0
2018-11-06 07:00:00,4.0,22.0,2.0,5.0,5.0,2.0,1.0,1.0,2.0,3.0,2.0,4.0,5.0,1.0,4.0,1.0,11.0,1.0,2.0,9.0,2.0,1.0,1.0,4.0
2018-11-06 08:00:00,9.0,37.0,6.0,34.0,7.0,4.0,1.0,8.0,4.0,9.0,10.0,9.0,7.0,4.0,16.0,2.0,44.0,1.0,13.0,10.0,5.0,3.0,6.0,7.0
2018-11-06 09:00:00,15.0,49.0,12.0,28.0,15.0,15.0,1.0,22.0,4.0,20.0,20.0,37.0,14.0,8.0,23.0,7.0,54.0,1.0,29.0,16.0,12.0,4.0,14.0,11.0
2018-11-06 10:00:00,17.0,49.0,15.0,34.0,12.0,12.0,2.0,23.0,8.0,28.0,25.0,20.0,16.0,10.0,26.0,10.0,40.0,11.0,25.0,17.0,16.0,6.0,17.0,12.0
2018-11-06 11:00:00,22.0,52.0,11.0,16.0,7.0,7.0,1.0,10.0,4.0,13.0,12.0,13.0,10.0,2.0,20.0,3.0,39.0,1.0,9.0,11.0,11.0,4.0,11.0,8.0
2018-11-06 12:00:00,23.0,36.0,10.0,12.0,8.0,6.0,1.0,9.0,2.0,12.0,12.0,9.0,8.0,2.0,19.0,4.0,35.0,1.0,8.0,10.0,7.0,3.0,8.0,10.0
2018-11-06 13:00:00,20.0,37.0,13.0,12.0,6.0,4.0,2.0,8.0,3.0,8.0,13.0,8.0,10.0,2.0,18.0,2.0,37.0,1.0,5.0,12.0,8.0,2.0,6.0,8.0
2018-11-06 14:00:00,14.0,30.0,12.0,8.0,6.0,5.0,1.0,5.0,1.0,7.0,9.0,8.0,6.0,2.0,15.0,1.0,33.0,1.0,3.0,11.0,6.0,3.0,5.0,7.0
2018-11-06 15:00:00,10.0,25.0,9.0,7.0,6.0,4.0,1.0,5.0,1.0,7.0,9.0,7.0,7.0,2.0,11.0,2.0,24.0,1.0,4.0,9.0,6.0,2.0,5.0,6.0
2018-11-06 16:00:00,13.0,33.0,7.0,7.0,5.0,4.0,1.0,6.0,2.0,6.0,7.0,6.0,5.0,1.0,10.0,1.0,23.0,1.0,3.0,11.0,5.0,5.0,3.0,7.0
2018-11-06 17:00:00,10.0,31.0,8.0,4.0,6.0,3.0,1.0,3.0,2.0,7.0,10.0,7.0,7.0,1.0,11.0,1.0,29.0,1.0,3.0,9.0,4.0,2.0,2.0,7.0
2018-11-06 18:00:00,8.0,39.0,6.0,6.0,6.0,5.0,1.0,3.0,2.0,6.0,11.0,9.0,7.0,1.0,13.0,1.0,40.0,1.0,4.0,10.0,6.0,2.0,2.0,8.0
2018-11-06 19:00:00,12.0,54.0,6.0,8.0,8.0,5.0,1.0,3.0,1.0,5.0,12.0,6.0,5.0,1.0,18.0,1.0,36.0,1.0,4.0,18.0,5.0,2.0,1.0,5.0
2018-11-06 20:00:00,11.0,30.0,16.0,10.0,10.0,7.0,1.0,3.0,2.0,12.0,7.0,9.0,6.0,1.0,13.0,1.0,29.0,1.0,5.0,27.0,5.0,2.0,2.0,7.0
2018-11-06 21:00:00,12.0,21.0,16.0,14.0,12.0,7.0,1.0,4.0,2.0,16.0,13.0,7.0,9.0,1.0,14.0,1.0,24.0,1.0,6.0,18.0,4.0,2.0,1.0,5.0
2018-11-06 22:00:00,10.0,23.0,15.0,10.0,6.0,6.0,1.0,3.0,3.0,6.0,9.0,5.0,8.0,1.0,9.0,1.0,19.0,1.0,4.0,18.0,3.0,2.0,2.0,5.0
2018-11-06 23:00:00,7.0,12.0,9.0,4.0,3.0,8.0,1.0,1.0,2.0,3.0,3.0,3.0,5.0,1.0,3.0,1.0,7.0,1.0,1.0,12.0,2.0,2.0,1.0,4.0
2018-11-07 00:00:00,4.0,6.0,9.0,2.0,2.0,3.0,1.0,1.0,2.0,2.0,3.0,2.0,2.0,1.0,2.0,1.0,6.0,1.0,1.0,15.0,1.0,1.0,1.0,4.0
2018-11-07 01:00:00,4.0,5.0,2.0,1.0,1.0,2.0,1.0,1.0,2.0,1.0,6.0,1.0,2.0,1.0,1.0,1.0,3.0,1.0,1.0,4.0,1.0,1.0,1.0,4.0
2018-11-07 02:00:00,2.0,4.0,1.0,1.0,1.0,1.0,1.0,1.0,2.0,1.0,1.0,1.0,1.0,1.0,1.0,1.0,1.0,1.0,1.0,1.0,1.0,1.0,1.0,3.0
2018-11-07 03:00:00,4.0,2.0,2.0,1.0,1.0,1.0,1.0,1.0,1.0,1.0,18.0,1.0,1.0,1.0,1.0,1.0,1.0,1.0,1.0,1.0,1.0,1.0,1.0,3.0
2018-11-07 04:00:00,2.0,1.0,3.0,1.0,1.0,1.0,1.0,1.0,2.0,1.0,2.0,1.0,2.0,1.0,1.0,1.0,1.0,1.0,1.0,1.0,1.0,1.0,1.0,3.0
2018-11-07 05:00:00,2.0,2.0,1.0,1.0,4.0,1.0,1.0,1.0,2.0,1.0,1.0,1.0,1.0,1.0,1.0,1.0,1.0,1.0,1.0,1.0,1.0,1.0,1.0,3.0
2018-11-07 06:00:00,2.0,1.0,2.0,1.0,1.0,1.0,1.0,1.0,2.0,1.0,3.0,1.0,2.0,1.0,1.0,1.0,2.0,1.0,1.0,2.0,1.0,1.0,1.0,3.0
2018-11-07 07:00:00,3.0,7.0,5.0,3.0,23.0,2.0,1.0,1.0,2.0,2.0,1.0,2.0,3.0,1.0,3.0,1.0,7.0,1.0,6.0,4.0,1.0,1.0,1.0,4.0
2018-11-07 08:00:00,11.0,19.0,33.0,12.0,4.0,5.0,1.0,2.0,2.0,5.0,5.0,7.0,5.0,1.0,10.0,1.0,21.0,1.0,6.0,23.0,3.0,4.0,1.0,6.0
2018-11-07 09:00:00,28.0,29.0,86.0,12.0,10.0,15.0,2.0,3.0,9.0,14.0,16.0,19.0,7.0,2.0,14.0,3.0,23.0,4.0,14.0,46.0,8.0,5.0,2.0,10.0
2018-11-07 10:00:00,29.0,31.0,76.0,24.0,18.0,20.0,4.0,6.0,15.0,9.0,21.0,31.0,12.0,2.0,20.0,2.0,37.0,1.0,20.0,60.0,12.0,9.0,5.0,15.0
2018-11-07 11:00:00,30.0,46.0,49.0,21.0,11.0,17.0,5.0,10.0,19.0,19.0,26.0,72.0,23.0,15.0,39.0,9.0,39.0,2.0,12.0,30.0,17.0,9.0,9.0,16.0
2018-11-07 12:00:00,21.0,38.0,13.0,19.0,6.0,7.0,1.0,11.0,7.0,13.0,17.0,27.0,7.0,3.0,21.0,4.0,48.0,1.0,11.0,16.0,11.0,3.0,10.0,11.0
2018-11-07 13:00:00,19.0,37.0,14.0,9.0,7.0,4.0,1.0,7.0,1.0,9.0,19.0,14.0,10.0,3.0,25.0,3.0,40.0,1.0,4.0,16.0,8.0,3.0,7.0,7.0
2018-11-07 14:00:00,10.0,32.0,11.0,8.0,7.0,4.0,1.0,5.0,2.0,9.0,12.0,9.0,6.0,2.0,18.0,2.0,40.0,1.0,4.0,15.0,9.0,3.0,5.0,9.0
2018-11-07 15:00:00,11.0,27.0,24.0,7.0,8.0,4.0,1.0,4.0,3.0,9.0,14.0,6.0,9.0,2.0,11.0,1.0,55.0,1.0,3.0,17.0,7.0,7.0,3.0,7.0
2018-11-07 16:00:00,12.0,25.0,15.0,12.0,6.0,4.0,1.0,8.0,3.0,14.0,24.0,17.0,8.0,2.0,13.0,1.0,50.0,1.0,6.0,12.0,14.0,4.0,5.0,14.0
2018-11-07 17:00:00,13.0,41.0,47.0,28.0,9.0,7.0,1.0,17.0,4.0,26.0,25.0,12.0,22.0,2.0,19.0,2.0,74.0,4.0,29.0,20.0,25.0,9.0,13.0,17.0
2018-11-07 18:00:00,44.0,71.0,70.0,48.0,15.0,14.0,2.0,34.0,11.0,67.0,44.0,30.0,40.0,11.0,30.0,3.0,86.0,7.0,71.0,80.0,24.0,16.0,35.0,21.0
2018-11-07 19:00:00,35.0,72.0,45.0,87.0,19.0,9.0,1.0,56.0,14.0,89.0,31.0,30.0,43.0,12.0,41.0,2.0,68.0,20.0,129.0,57.0,32.0,21.0,77.0,42.0
2018-11-07 20:00:00,39.0,78.0,62.0,30.0,29.0,22.0,1.0,80.0,13.0,60.0,49.0,38.0,59.0,8.0,29.0,1.0,95.0,42.0,103.0,63.0,20.0,11.0,59.0,15.0
2018-11-07 21:00:00,33.0,81.0,35.0,28.0,69.0,38.0,1.0,28.0,17.0,59.0,37.0,18.0,64.0,3.0,23.0,1.0,106.0,121.0,66.0,93.0,11.0,8.0,19.0,14.0
2018-11-07 22:00:00,27.0,73.0,55.0,57.0,109.0,53.0,2.0,56.0,13.0,85.0,63.0,71.0,73.0,9.0,23.0,1.0,78.0,140.0,95.0,226.0,18.0,10.0,21.0,14.0
2018-11-07 23:00:00,54.0,76.0,71.0,65.0,123.0,75.0,38.0,95.0,29.0,85.0,30.0,97.0,83.0,102.0,25.0,5.0,32.0,61.0,140.0,180.0,36.0,7.0,52.0,17.0
2018-11-08 00:00:00,98.0,115.0,110.0,69.0,83.0,122.0,55.0,58.0,66.0,73.0,65.0,108.0,29.0,85.0,56.0,40.0,36.0,39.0,124.0,192.0,63.0,9.0,77.0,40.0
2018-11-08 01:00:00,103.0,69.0,67.0,31.0,58.0,109.0,101.0,38.0,62.0,21.0,90.0,93.0,12.0,39.0,38.0,45.0,63.0,1.0,73.0,115.0,81.0,9.0,57.0,53.0
2018-11-08 02:00:00,107.0,42.0,48.0,18.0,89.0,112.0,84.0,14.0,44.0,8.0,48.0,77.0,10.0,29.0,39.0,18.0,27.0,1.0,63.0,128.0,70.0,7.0,47.0,70.0
2018-11-08 03:00:00,108.0,38.0,28.0,19.0,90.0,101.0,80.0,1.0,41.0,8.0,6.0,77.0,11.0,35.0,10.0,17.0,25.0,1.0,21.0,134.0,48.0,8.0,37.0,64.0
2018-11-08 04:00:00,132.0,22.0,16.0,38.0,39.0,102.0,62.0,3.0,38.0,6.0,1.0,67.0,5.0,64.0,5.0,13.0,27.0,1.0,19.0,89.0,27.0,9.0,13.0,54.0
2018-11-08 05:00:00,81.0,37.0,36.0,23.0,26.0,77.0,52.0,3.0,47.0,8.0,14.0,49.0,4.0,37.0,18.0,20.0,47.0,10.0,35.0,88.0,9.0,8.0,2.0,21.0
2018-11-08 06:00:00,29.0,19.0,10.0,11.0,35.0,35.0,36.0,11.0,21.0,8.0,2.0,46.0,5.0,32.0,2.0,9.0,14.0,4.0,63.0,55.0,9.0,5.0,6.0,16.0
2018-11-08 07:00:00,118.0,46.0,15.0,32.0,73.0,40.0,29.0,30.0,12.0,65.0,6.0,58.0,17.0,25.0,8.0,1.0,21.0,24.0,62.0,113.0,24.0,11.0,30.0,28.0
2018-11-08 08:00:00,180.0,93.0,62.0,49.0,38.0,58.0,36.0,76.0,40.0,44.0,50.0,121.0,37.0,137.0,37.0,28.0,42.0,67.0,112.0,104.0,31.0,31.0,45.0,68.0
2018-11-08 09:00:00,93.0,80.0,45.0,34.0,27.0,62.0,50.0,36.0,83.0,72.0,59.0,72.0,49.0,56.0,49.0,44.0,45.0,63.0,98.0,118.0,68.0,36.0,38.0,84.0
2018-11-08 10:00:00,53.0,54.0,39.0,28.0,23.0,27.0,4.0,28.0,52.0,56.0,51.0,42.0,29.0,20.0,39.0,14.0,29.0,43.0,35.0,55.0,37.0,45.0,14.0,51.0
2018-11-08 11:00:00,34.0,42.0,59.0,28.0,12.0,19.0,14.0,16.0,31.0,37.0,23.0,43.0,18.0,10.0,37.0,9.0,31.0,8.0,21.0,41.0,16.0,50.0,13.0,45.0
2018-11-08 12:00:00,40.0,33.0,61.0,17.0,9.0,15.0,11.0,10.0,7.0,26.0,22.0,24.0,17.0,5.0,30.0,5.0,22.0,2.0,11.0,42.0,9.0,19.0,8.0,17.0
2018-11-08 13:00:00,40.0,22.0,49.0,15.0,9.0,14.0,10.0,7.0,1.0,23.0,15.0,17.0,14.0,1.0,30.0,3.0,19.0,4.0,9.0,40.0,10.0,13.0,7.0,16.0
2018-11-08 14:00:00,31.0,19.0,43.0,13.0,6.0,9.0,4.0,4.0,2.0,8.0,15.0,13.0,10.0,1.0,13.0,2.0,16.0,1.0,5.0,30.0,9.0,9.0,4.0,10.0
2018-11-08 15:00:00,24.0,24.0,52.0,11.0,5.0,9.0,2.0,2.0,3.0,8.0,12.0,10.0,9.0,1.0,11.0,1.0,13.0,1.0,4.0,50.0,4.0,9.0,3.0,7.0
2018-11-08 16:00:00,27.0,29.0,59.0,12.0,4.0,8.0,2.0,4.0,3.0,16.0,15.0,6.0,6.0,1.0,6.0,2.0,15.0,2.0,6.0,43.0,4.0,7.0,2.0,9.0
2018-11-08 17:00:00,16.0,38.0,24.0,17.0,8.0,13.0,1.0,8.0,4.0,44.0,43.0,15.0,19.0,1.0,20.0,1.0,58.0,1.0,13.0,62.0,28.0,4.0,6.0,19.0
2018-11-08 18:00:00,44.0,64.0,34.0,25.0,13.0,21.0,10.0,18.0,11.0,26.0,36.0,36.0,26.0,20.0,22.0,21.0,34.0,25.0,44.0,75.0,37.0,9.0,12.0,31.0
2018-11-08 19:00:00,59.0,56.0,57.0,59.0,18.0,19.0,8.0,19.0,14.0,32.0,53.0,44.0,21.0,17.0,37.0,19.0,45.0,9.0,58.0,90.0,20.0,7.0,21.0,16.0
2018-11-08 20:00:00,64.0,51.0,49.0,49.0,55.0,44.0,10.0,28.0,13.0,58.0,67.0,74.0,35.0,21.0,38.0,7.0,60.0,5.0,49.0,99.0,52.0,10.0,20.0,60.0
2018-11-08 21:00:00,15.0,29.0,7.0,14.0,11.0,6.0,2.0,22.0,17.0,17.0,13.0,21.0,13.0,10.0,20.0,5.0,41.0,7.0,34.0,16.0,11.0,3.0,10.0,15.0
2018-11-08 22:00:00,8.0,26.0,4.0,4.0,4.0,4.0,1.0,2.0,13.0,4.0,6.0,9.0,5.0,1.0,8.0,1.0,21.0,1.0,1.0,24.0,3.0,1.0,1.0,4.0
2018-11-08 23:00:00,5.0,18.0,2.0,2.0,5.0,3.0,1.0,1.0,29.0,3.0,5.0,4.0,5.0,1.0,4.0,1.0,12.0,1.0,1.0,10.0,2.0,1.0,1.0,5.0
2018-11-09 00:00:00,3.0,8.0,3.0,1.0,3.0,2.0,1.0,1.0,66.0,2.0,4.0,4.0,3.0,1.0,2.0,1.0,16.0,1.0,1.0,2.0,1.0,1.0,1.0,4.0
2018-11-09 01:00:00,3.0,7.0,3.0,1.0,2.0,1.0,1.0,1.0,,3.0,3.0,3.0,4.0,1.0,1.0,1.0,14.0,1.0,1.0,2.0,1.0,1.0,1.0,4.0
2018-11-09 02:00:00,3.0,7.0,2.0,1.0,1.0,1.0,1.0,1.0,,2.0,4.0,2.0,2.0,1.0,1.0,1.0,7.0,1.0,1.0,2.0,1.0,1.0,1.0,4.0
2018-11-09 03:00:00,2.0,5.0,2.0,1.0,8.0,1.0,1.0,1.0,,1.0,2.0,2.0,1.0,1.0,1.0,1.0,4.0,1.0,1.0,1.0,1.0,1.0,1.0,4.0
2018-11-09 04:00:00,2.0,4.0,3.0,1.0,9.0,1.0,1.0,1.0,,1.0,2.0,1.0,1.0,1.0,1.0,1.0,3.0,1.0,1.0,1.0,1.0,1.0,1.0,4.0
2018-11-09 05:00:00,2.0,2.0,1.0,1.0,1.0,1.0,1.0,1.0,,1.0,1.0,1.0,1.0,1.0,1.0,1.0,3.0,1.0,1.0,1.0,2.0,1.0,1.0,4.0
2018-11-09 06:00:00,2.0,6.0,1.0,1.0,1.0,1.0,1.0,1.0,,1.0,1.0,1.0,1.0,1.0,1.0,1.0,3.0,1.0,1.0,2.0,1.0,1.0,1.0,4.0
2018-11-09 07:00:00,2.0,5.0,1.0,1.0,2.0,1.0,1.0,1.0,,2.0,1.0,1.0,2.0,1.0,1.0,1.0,41.0,1.0,1.0,3.0,1.0,1.0,1.0,4.0
2018-11-09 08:00:00,5.0,10.0,2.0,1.0,5.0,2.0,1.0,1.0,,3.0,1.0,2.0,3.0,1.0,2.0,1.0,26.0,1.0,1.0,2.0,1.0,1.0,1.0,4.0
2018-11-09 09:00:00,5.0,10.0,7.0,2.0,8.0,2.0,1.0,1.0,,4.0,4.0,3.0,5.0,1.0,2.0,1.0,14.0,1.0,1.0,3.0,2.0,1.0,3.0,5.0
2018-11-09 10:00:00,6.0,16.0,7.0,3.0,6.0,4.0,1.0,2.0,,5.0,5.0,5.0,8.0,1.0,4.0,1.0,11.0,1.0,2.0,4.0,3.0,2.0,4.0,6.0
2018-11-09 11:00:00,8.0,10.0,8.0,3.0,5.0,4.0,1.0,2.0,,6.0,6.0,4.0,5.0,1.0,3.0,1.0,11.0,1.0,1.0,4.0,4.0,2.0,4.0,5.0
2018-11-09 12:00:00,9.0,10.0,8.0,3.0,4.0,4.0,1.0,2.0,,7.0,7.0,4.0,6.0,1.0,4.0,1.0,17.0,1.0,1.0,6.0,4.0,2.0,4.0,6.0
2018-11-09 13:00:00,8.0,10.0,10.0,4.0,5.0,4.0,1.0,2.0,,6.0,8.0,5.0,6.0,1.0,4.0,1.0,13.0,1.0,1.0,5.0,5.0,3.0,4.0,6.0
2018-11-09 14:00:00,7.0,10.0,10.0,3.0,5.0,4.0,1.0,2.0,,6.0,7.0,7.0,8.0,1.0,4.0,1.0,17.0,1.0,1.0,7.0,6.0,3.0,3.0,6.0
2018-11-09 15:00:00,7.0,9.0,8.0,3.0,4.0,4.0,1.0,2.0,,5.0,6.0,5.0,6.0,1.0,4.0,1.0,15.0,1.0,1.0,7.0,6.0,3.0,3.0,5.0
2018-11-09 16:00:00,7.0,8.0,5.0,3.0,4.0,3.0,1.0,2.0,,5.0,4.0,4.0,4.0,1.0,4.0,1.0,17.0,1.0,1.0,5.0,3.0,2.0,2.0,5.0
2018-11-09 17:00:00,4.0,15.0,4.0,2.0,4.0,2.0,1.0,2.0,,4.0,4.0,4.0,3.0,1.0,3.0,1.0,12.0,1.0,1.0,6.0,3.0,2.0,2.0,5.0
2018-11-09 18:00:00,5.0,8.0,2.0,1.0,4.0,2.0,1.0,2.0,,3.0,4.0,5.0,3.0,1.0,3.0,1.0,17.0,1.0,1.0,7.0,3.0,2.0,1.0,4.0
2018-11-09 19:00:00,5.0,10.0,3.0,2.0,6.0,2.0,1.0,2.0,,4.0,7.0,4.0,4.0,1.0,3.0,1.0,17.0,1.0,2.0,8.0,3.0,2.0,1.0,4.0
2018-11-09 20:00:00,7.0,11.0,2.0,1.0,7.0,4.0,1.0,1.0,,4.0,4.0,5.0,4.0,1.0,3.0,1.0,12.0,1.0,1.0,7.0,3.0,1.0,1.0,4.0
2018-11-09 21:00:00,6.0,14.0,2.0,2.0,4.0,2.0,1.0,2.0,,2.0,4.0,4.0,4.0,1.0,3.0,1.0,13.0,1.0,1.0,5.0,4.0,1.0,1.0,4.0
2018-11-09 22:00:00,6.0,12.0,2.0,2.0,3.0,2.0,1.0,1.0,,2.0,3.0,3.0,3.0,1.0,3.0,1.0,11.0,1.0,1.0,6.0,3.0,1.0,1.0,4.0
2018-11-09 23:00:00,7.0,8.0,1.0,1.0,2.0,3.0,1.0,1.0,,2.0,3.0,3.0,2.0,1.0,2.0,1.0,10.0,1.0,1.0,3.0,2.0,1.0,1.0,4.0
2018-11-10 00:00:00,6.0,10.0,1.0,1.0,2.0,2.0,1.0,1.0,,1.0,2.0,3.0,2.0,1.0,1.0,1.0,8.0,1.0,1.0,5.0,1.0,1.0,1.0,3.0
2018-11-10 01:00:00,5.0,9.0,1.0,1.0,2.0,2.0,1.0,1.0,,1.0,1.0,2.0,2.0,1.0,2.0,1.0,8.0,1.0,1.0,4.0,1.0,1.0,1.0,3.0
2018-11-10 02:00:00,7.0,13.0,1.0,1.0,1.0,1.0,1.0,1.0,,1.0,1.0,1.0,2.0,1.0,1.0,1.0,5.0,1.0,1.0,2.0,1.0,1.0,1.0,3.0
2018-11-10 03:00:00,4.0,7.0,1.0,1.0,1.0,1.0,1.0,1.0,,1.0,3.0,1.0,1.0,1.0,1.0,1.0,5.0,1.0,1.0,1.0,1.0,1.0,2.0,3.0
2018-11-10 04:00:00,3.0,5.0,1.0,1.0,1.0,1.0,1.0,1.0,,1.0,1.0,1.0,1.0,1.0,2.0,1.0,5.0,1.0,1.0,1.0,1.0,1.0,1.0,3.0
2018-11-10 05:00:00,2.0,4.0,1.0,1.0,1.0,1.0,1.0,1.0,,1.0,1.0,1.0,1.0,1.0,1.0,1.0,4.0,1.0,1.0,2.0,1.0,1.0,1.0,3.0
2018-11-10 06:00:00,2.0,5.0,1.0,1.0,1.0,1.0,1.0,1.0,,1.0,1.0,1.0,1.0,1.0,1.0,1.0,3.0,1.0,1.0,1.0,1.0,1.0,1.0,3.0
2018-11-10 07:00:00,3.0,5.0,1.0,1.0,1.0,1.0,1.0,1.0,,1.0,1.0,1.0,2.0,1.0,1.0,1.0,4.0,1.0,1.0,2.0,1.0,1.0,1.0,3.0
2018-11-10 08:00:00,3.0,7.0,1.0,1.0,1.0,5.0,1.0,1.0,,2.0,1.0,3.0,2.0,1.0,2.0,1.0,6.0,1.0,1.0,4.0,1.0,1.0,1.0,4.0
2018-11-10 09:00:00,3.0,8.0,3.0,2.0,2.0,2.0,1.0,1.0,,4.0,1.0,2.0,2.0,1.0,2.0,1.0,7.0,1.0,1.0,5.0,2.0,1.0,1.0,4.0
2018-11-10 10:00:00,5.0,10.0,2.0,3.0,6.0,3.0,1.0,1.0,,3.0,2.0,3.0,8.0,1.0,2.0,1.0,9.0,1.0,3.0,6.0,3.0,1.0,2.0,5.0
2018-11-10 11:00:00,6.0,14.0,4.0,6.0,6.0,4.0,1.0,2.0,,5.0,3.0,6.0,4.0,1.0,4.0,1.0,13.0,1.0,4.0,10.0,4.0,1.0,3.0,5.0
2018-11-10 12:00:00,5.0,14.0,5.0,6.0,9.0,3.0,1.0,3.0,,5.0,5.0,6.0,4.0,1.0,4.0,1.0,18.0,1.0,4.0,10.0,4.0,2.0,3.0,5.0
2018-11-10 13:00:00,6.0,11.0,5.0,6.0,8.0,4.0,1.0,3.0,,6.0,6.0,5.0,5.0,1.0,4.0,1.0,13.0,1.0,3.0,10.0,5.0,3.0,3.0,5.0
2018-11-10 14:00:00,6.0,10.0,7.0,4.0,7.0,4.0,1.0,2.0,,4.0,6.0,5.0,4.0,1.0,5.0,1.0,12.0,1.0,2.0,11.0,5.0,2.0,2.0,5.0
2018-11-10 15:00:00,6.0,10.0,3.0,4.0,5.0,3.0,1.0,2.0,,4.0,5.0,4.0,5.0,1.0,5.0,1.0,15.0,1.0,1.0,9.0,4.0,1.0,2.0,5.0
2018-11-10 16:00:00,5.0,7.0,3.0,3.0,5.0,3.0,1.0,2.0,,3.0,4.0,3.0,3.0,1.0,3.0,1.0,11.0,1.0,1.0,7.0,3.0,1.0,2.0,4.0
2018-11-10 17:00:00,4.0,11.0,4.0,3.0,3.0,3.0,1.0,1.0,,3.0,3.0,3.0,3.0,1.0,2.0,1.0,10.0,1.0,1.0,8.0,3.0,1.0,2.0,4.0
2018-11-10 18:00:00,4.0,12.0,4.0,4.0,4.0,3.0,1.0,1.0,,3.0,3.0,4.0,3.0,1.0,3.0,1.0,14.0,1.0,1.0,9.0,2.0,2.0,2.0,4.0
2018-11-10 19:00:00,6.0,11.0,6.0,4.0,3.0,3.0,1.0,1.0,,3.0,4.0,5.0,3.0,1.0,4.0,1.0,15.0,1.0,1.0,12.0,3.0,2.0,1.0,4.0
2018-11-10 20:00:00,7.0,15.0,5.0,6.0,4.0,3.0,1.0,1.0,,4.0,5.0,5.0,3.0,1.0,4.0,1.0,17.0,1.0,2.0,12.0,3.0,1.0,1.0,4.0
2018-11-10 21:00:00,7.0,12.0,7.0,6.0,4.0,4.0,1.0,1.0,,3.0,4.0,5.0,4.0,1.0,5.0,1.0,12.0,1.0,2.0,21.0,3.0,1.0,1.0,4.0
2018-11-10 22:00:00,7.0,14.0,12.0,7.0,5.0,4.0,1.0,1.0,,3.0,5.0,5.0,5.0,1.0,6.0,1.0,16.0,1.0,1.0,16.0,4.0,1.0,1.0,4.0
2018-11-10 23:00:00,10.0,13.0,6.0,4.0,4.0,6.0,1.0,1.0,,2.0,3.0,4.0,5.0,1.0,4.0,1.0,14.0,1.0,1.0,23.0,3.0,1.0,1.0,4.0
2018-11-11 00:00:00,5.0,6.0,2.0,2.0,4.0,1.0,1.0,1.0,,3.0,3.0,3.0,3.0,1.0,2.0,1.0,12.0,1.0,1.0,5.0,2.0,1.0,1.0,4.0
2018-11-11 01:00:00,5.0,5.0,2.0,1.0,1.0,2.0,1.0,1.0,,2.0,2.0,2.0,3.0,1.0,1.0,1.0,9.0,1.0,1.0,5.0,1.0,1.0,1.0,4.0
2018-11-11 02:00:00,5.0,5.0,4.0,1.0,2.0,2.0,1.0,1.0,,2.0,1.0,1.0,3.0,1.0,2.0,1.0,5.0,1.0,1.0,7.0,1.0,1.0,1.0,3.0
2018-11-11 03:00:00,4.0,3.0,3.0,1.0,1.0,2.0,1.0,1.0,,1.0,1.0,1.0,3.0,1.0,1.0,1.0,3.0,1.0,1.0,4.0,1.0,1.0,1.0,3.0
2018-11-11 04:00:00,3.0,5.0,4.0,1.0,1.0,1.0,1.0,1.0,,1.0,1.0,1.0,1.0,1.0,1.0,1.0,1.0,1.0,1.0,2.0,1.0,1.0,1.0,3.0
2018-11-11 05:00:00,2.0,6.0,1.0,1.0,1.0,2.0,1.0,1.0,,1.0,1.0,1.0,1.0,1.0,2.0,1.0,3.0,1.0,1.0,1.0,1.0,1.0,1.0,3.0
2018-11-11 06:00:00,2.0,7.0,1.0,1.0,1.0,1.0,1.0,1.0,,1.0,1.0,1.0,1.0,1.0,1.0,1.0,2.0,1.0,1.0,1.0,1.0,1.0,1.0,3.0
2018-11-11 07:00:00,3.0,4.0,1.0,1.0,1.0,1.0,1.0,1.0,,1.0,1.0,1.0,1.0,1.0,1.0,1.0,3.0,1.0,1.0,1.0,1.0,1.0,1.0,3.0
2018-11-11 08:00:00,3.0,5.0,1.0,1.0,1.0,1.0,1.0,1.0,,2.0,1.0,2.0,2.0,1.0,1.0,1.0,4.0,1.0,1.0,2.0,1.0,1.0,1.0,4.0
2018-11-11 09:00:00,4.0,4.0,1.0,1.0,1.0,1.0,1.0,1.0,,2.0,1.0,2.0,2.0,1.0,1.0,1.0,5.0,1.0,1.0,4.0,1.0,1.0,1.0,4.0
2018-11-11 10:00:00,5.0,7.0,1.0,2.0,2.0,3.0,1.0,1.0,,2.0,2.0,3.0,2.0,1.0,2.0,1.0,8.0,1.0,1.0,5.0,2.0,1.0,2.0,4.0
2018-11-11 11:00:00,8.0,10.0,2.0,4.0,3.0,4.0,1.0,2.0,,3.0,3.0,3.0,4.0,1.0,3.0,1.0,8.0,1.0,1.0,6.0,3.0,1.0,2.0,5.0
2018-11-11 12:00:00,4.0,6.0,6.0,3.0,2.0,4.0,1.0,2.0,,3.0,5.0,4.0,4.0,1.0,3.0,1.0,12.0,1.0,2.0,8.0,2.0,2.0,3.0,5.0
2018-11-11 13:00:00,5.0,7.0,10.0,5.0,3.0,4.0,1.0,2.0,,4.0,4.0,4.0,6.0,1.0,3.0,1.0,7.0,1.0,2.0,13.0,3.0,2.0,2.0,4.0
2018-11-11 14:00:00,6.0,9.0,17.0,4.0,4.0,4.0,1.0,2.0,,5.0,4.0,6.0,5.0,1.0,4.0,1.0,7.0,1.0,1.0,15.0,4.0,2.0,2.0,5.0
2018-11-11 15:00:00,6.0,7.0,13.0,4.0,3.0,4.0,1.0,1.0,,4.0,6.0,5.0,4.0,1.0,4.0,1.0,6.0,1.0,1.0,11.0,3.0,2.0,2.0,6.0
2018-11-11 16:00:00,5.0,5.0,13.0,2.0,2.0,7.0,1.0,1.0,,3.0,3.0,3.0,4.0,1.0,2.0,1.0,2.0,1.0,1.0,12.0,2.0,1.0,2.0,5.0
2018-11-11 17:00:00,5.0,6.0,15.0,2.0,3.0,5.0,1.0,1.0,,3.0,3.0,3.0,3.0,1.0,2.0,1.0,2.0,1.0,1.0,18.0,1.0,2.0,2.0,4.0
2018-11-11 18:00:00,8.0,9.0,13.0,2.0,2.0,5.0,1.0,1.0,,3.0,5.0,3.0,4.0,1.0,3.0,1.0,2.0,1.0,1.0,19.0,1.0,2.0,1.0,4.0
2018-11-11 19:00:00,12.0,9.0,18.0,3.0,2.0,8.0,1.0,1.0,,6.0,3.0,2.0,5.0,1.0,3.0,1.0,2.0,1.0,1.0,39.0,1.0,3.0,1.0,4.0
2018-11-11 20:00:00,12.0,9.0,22.0,5.0,3.0,9.0,3.0,1.0,,6.0,8.0,2.0,5.0,1.0,4.0,2.0,4.0,1.0,3.0,43.0,2.0,6.0,2.0,5.0
2018-11-11 21:00:00,18.0,20.0,20.0,6.0,7.0,34.0,14.0,3.0,,7.0,4.0,2.0,10.0,1.0,5.0,1.0,4.0,4.0,9.0,104.0,3.0,7.0,1.0,5.0
2018-11-11 22:00:00,16.0,12.0,17.0,8.0,8.0,12.0,3.0,4.0,,5.0,7.0,2.0,6.0,1.0,4.0,1.0,4.0,1.0,6.0,28.0,2.0,22.0,2.0,5.0
2018-11-11 23:00:00,18.0,6.0,10.0,2.0,2.0,3.0,1.0,1.0,,3.0,6.0,3.0,3.0,1.0,2.0,1.0,3.0,1.0,1.0,23.0,1.0,13.0,1.0,4.0
2018-11-12 00:00:00,7.0,3.0,8.0,1.0,2.0,3.0,1.0,1.0,,2.0,4.0,2.0,3.0,1.0,1.0,1.0,2.0,1.0,1.0,19.0,1.0,1.0,1.0,4.0
2018-11-12 01:00:00,3.0,3.0,4.0,1.0,1.0,3.0,1.0,1.0,62.0,2.0,1.0,1.0,3.0,1.0,1.0,1.0,1.0,1.0,1.0,5.0,1.0,1.0,1.0,4.0
2018-11-12 02:00:00,3.0,2.0,1.0,1.0,1.0,1.0,1.0,1.0,44.0,1.0,2.0,1.0,1.0,1.0,1.0,1.0,2.0,1.0,3.0,1.0,1.0,1.0,1.0,3.0
2018-11-12 03:00:00,2.0,2.0,1.0,1.0,1.0,1.0,1.0,1.0,41.0,1.0,1.0,3.0,1.0,1.0,1.0,1.0,3.0,1.0,1.0,2.0,1.0,1.0,1.0,3.0
2018-11-12 04:00:00,2.0,1.0,1.0,1.0,2.0,1.0,1.0,1.0,38.0,1.0,2.0,1.0,1.0,1.0,1.0,1.0,2.0,1.0,1.0,1.0,1.0,1.0,1.0,3.0
2018-11-12 05:00:00,2.0,1.0,1.0,1.0,1.0,1.0,1.0,1.0,47.0,1.0,1.0,1.0,1.0,1.0,1.0,1.0,1.0,1.0,1.0,1.0,1.0,1.0,1.0,3.0
2018-11-12 06:00:00,3.0,3.0,1.0,1.0,1.0,1.0,1.0,1.0,21.0,2.0,1.0,1.0,1.0,1.0,1.0,1.0,1.0,1.0,5.0,5.0,1.0,1.0,1.0,4.0
2018-11-12 07:00:00,5.0,14.0,3.0,2.0,2.0,3.0,1.0,4.0,12.0,6.0,4.0,1.0,6.0,1.0,1.0,1.0,1.0,12.0,28.0,38.0,3.0,3.0,1.0,6.0
2018-11-12 08:00:00,19.0,45.0,5.0,22.0,36.0,21.0,1.0,30.0,40.0,60.0,14.0,13.0,34.0,15.0,10.0,3.0,7.0,60.0,45.0,75.0,5.0,5.0,7.0,12.0
2018-11-12 09:00:00,46.0,70.0,35.0,44.0,59.0,69.0,12.0,15.0,83.0,65.0,60.0,33.0,45.0,52.0,43.0,32.0,33.0,120.0,70.0,122.0,34.0,14.0,22.0,24.0
2018-11-12 10:00:00,42.0,51.0,50.0,46.0,30.0,37.0,17.0,32.0,52.0,55.0,27.0,33.0,32.0,30.0,31.0,16.0,32.0,29.0,67.0,80.0,40.0,10.0,32.0,40.0
2018-11-12 11:00:00,55.0,31.0,52.0,45.0,17.0,32.0,17.0,14.0,31.0,13.0,20.0,17.0,15.0,8.0,20.0,3.0,19.0,4.0,19.0,62.0,13.0,24.0,19.0,20.0
2018-11-12 12:00:00,37.0,42.0,62.0,31.0,14.0,21.0,12.0,8.0,7.0,24.0,17.0,22.0,15.0,8.0,35.0,7.0,20.0,4.0,16.0,56.0,8.0,22.0,12.0,18.0
2018-11-12 13:00:00,32.0,42.0,61.0,18.0,19.0,24.0,12.0,13.0,1.0,26.0,37.0,20.0,23.0,5.0,30.0,6.0,46.0,1.0,12.0,41.0,23.0,23.0,12.0,21.0
2018-11-12 14:00:00,26.0,40.0,40.0,32.0,15.0,16.0,12.0,19.0,2.0,37.0,42.0,21.0,23.0,6.0,34.0,10.0,64.0,2.0,19.0,23.0,23.0,15.0,23.0,19.0
2018-11-12 15:00:00,17.0,20.0,37.0,17.0,7.0,5.0,8.0,20.0,9.0,23.0,20.0,9.0,16.0,2.0,15.0,3.0,30.0,2.0,18.0,23.0,22.0,7.0,17.0,16.0
2018-11-12 16:00:00,37.0,21.0,18.0,9.0,3.0,12.0,6.0,11.0,25.0,11.0,22.0,11.0,9.0,1.0,10.0,3.0,11.0,9.0,16.0,37.0,20.0,7.0,12.0,18.0
2018-11-12 17:00:00,33.0,42.0,22.0,16.0,2.0,9.0,6.0,5.0,59.0,16.0,34.0,20.0,12.0,3.0,19.0,6.0,19.0,16.0,13.0,44.0,19.0,9.0,7.0,18.0
2018-11-12 18:00:00,59.0,66.0,58.0,17.0,25.0,21.0,9.0,12.0,44.0,45.0,77.0,19.0,38.0,1.0,24.0,15.0,63.0,13.0,11.0,19.0,23.0,6.0,6.0,25.0
2018-11-12 19:00:00,52.0,60.0,78.0,18.0,2.0,21.0,4.0,24.0,43.0,27.0,59.0,10.0,48.0,45.0,15.0,22.0,76.0,46.0,15.0,66.0,37.0,6.0,9.0,27.0
2018-11-12 20:00:00,50.0,61.0,65.0,43.0,41.0,25.0,4.0,24.0,43.0,39.0,62.0,11.0,31.0,54.0,21.0,32.0,78.0,30.0,3.0,51.0,43.0,8.0,17.0,40.0
2018-11-12 21:00:00,98.0,53.0,70.0,59.0,45.0,31.0,4.0,29.0,38.0,58.0,99.0,38.0,43.0,46.0,30.0,26.0,80.0,45.0,32.0,57.0,59.0,8.0,10.0,46.0
2018-11-12 22:00:00,113.0,59.0,29.0,28.0,78.0,44.0,15.0,37.0,56.0,61.0,91.0,78.0,40.0,61.0,40.0,25.0,51.0,38.0,37.0,60.0,24.0,10.0,8.0,68.0
2018-11-12 23:00:00,115.0,40.0,19.0,26.0,106.0,66.0,10.0,30.0,36.0,32.0,56.0,37.0,33.0,62.0,17.0,32.0,26.0,9.0,56.0,82.0,11.0,9.0,3.0,53.0
2018-11-13 00:00:00,78.0,18.0,12.0,22.0,133.0,42.0,31.0,17.0,61.0,50.0,29.0,11.0,19.0,43.0,3.0,10.0,6.0,2.0,28.0,63.0,3.0,5.0,6.0,21.0
2018-11-13 01:00:00,50.0,9.0,3.0,7.0,103.0,32.0,13.0,5.0,13.0,26.0,12.0,3.0,5.0,12.0,1.0,1.0,4.0,3.0,12.0,34.0,2.0,5.0,4.0,9.0
2018-11-13 02:00:00,43.0,2.0,1.0,1.0,53.0,14.0,1.0,5.0,24.0,3.0,4.0,1.0,3.0,10.0,1.0,1.0,3.0,1.0,11.0,31.0,2.0,4.0,1.0,5.0
2018-11-13 03:00:00,10.0,2.0,1.0,1.0,30.0,8.0,1.0,5.0,4.0,2.0,1.0,1.0,2.0,1.0,1.0,1.0,3.0,10.0,9.0,32.0,1.0,3.0,1.0,4.0
2018-11-13 04:00:00,8.0,3.0,1.0,1.0,30.0,3.0,1.0,2.0,6.0,3.0,5.0,1.0,2.0,1.0,1.0,1.0,6.0,7.0,6.0,20.0,1.0,25.0,2.0,4.0
2018-11-13 05:00:00,20.0,2.0,1.0,2.0,41.0,6.0,1.0,3.0,3.0,3.0,6.0,1.0,1.0,1.0,1.0,1.0,6.0,1.0,1.0,52.0,1.0,2.0,1.0,4.0
2018-11-13 06:00:00,41.0,2.0,1.0,1.0,42.0,3.0,1.0,7.0,5.0,8.0,4.0,1.0,2.0,14.0,1.0,1.0,2.0,1.0,4.0,20.0,1.0,2.0,1.0,5.0
2018-11-13 07:00:00,79.0,6.0,2.0,3.0,68.0,7.0,1.0,29.0,6.0,18.0,10.0,3.0,4.0,13.0,2.0,1.0,4.0,3.0,13.0,51.0,1.0,9.0,1.0,8.0
2018-11-13 08:00:00,105.0,40.0,12.0,22.0,136.0,45.0,1.0,60.0,30.0,48.0,42.0,17.0,25.0,63.0,9.0,5.0,28.0,54.0,58.0,213.0,16.0,51.0,4.0,33.0
2018-11-13 09:00:00,98.0,95.0,35.0,36.0,249.0,140.0,8.0,76.0,76.0,58.0,145.0,63.0,69.0,53.0,45.0,28.0,56.0,100.0,109.0,337.0,53.0,35.0,19.0,99.0
2018-11-13 10:00:00,151.0,78.0,24.0,31.0,173.0,126.0,58.0,45.0,90.0,68.0,127.0,57.0,54.0,66.0,25.0,33.0,29.0,69.0,53.0,142.0,52.0,32.0,19.0,75.0
2018-11-13 11:00:00,151.0,55.0,20.0,24.0,71.0,75.0,41.0,35.0,73.0,43.0,61.0,42.0,28.0,31.0,21.0,23.0,26.0,83.0,45.0,113.0,24.0,24.0,13.0,35.0
2018-11-13 12:00:00,72.0,67.0,22.0,34.0,61.0,60.0,36.0,54.0,78.0,42.0,30.0,27.0,44.0,32.0,15.0,17.0,17.0,46.0,61.0,86.0,26.0,22.0,31.0,26.0
2018-11-13 13:00:00,50.0,51.0,22.0,39.0,22.0,32.0,14.0,30.0,78.0,41.0,45.0,16.0,36.0,36.0,20.0,28.0,16.0,27.0,38.0,59.0,17.0,4.0,33.0,14.0
2018-11-13 14:00:00,40.0,29.0,27.0,11.0,19.0,19.0,8.0,38.0,61.0,15.0,46.0,12.0,15.0,20.0,9.0,11.0,17.0,19.0,36.0,49.0,12.0,3.0,17.0,12.0
2018-11-13 15:00:00,42.0,22.0,8.0,9.0,14.0,15.0,10.0,14.0,34.0,14.0,33.0,8.0,16.0,25.0,8.0,6.0,15.0,17.0,13.0,36.0,10.0,2.0,8.0,8.0
2018-11-13 16:00:00,27.0,19.0,5.0,6.0,13.0,13.0,10.0,4.0,56.0,12.0,23.0,9.0,18.0,17.0,4.0,5.0,7.0,22.0,5.0,39.0,7.0,2.0,5.0,10.0
2018-11-13 17:00:00,39.0,27.0,6.0,5.0,17.0,16.0,8.0,1.0,91.0,10.0,23.0,6.0,9.0,12.0,8.0,5.0,7.0,22.0,6.0,47.0,6.0,2.0,3.0,8.0
2018-11-13 18:00:00,65.0,61.0,15.0,14.0,22.0,25.0,6.0,30.0,120.0,29.0,37.0,18.0,32.0,34.0,11.0,8.0,18.0,80.0,42.0,119.0,26.0,16.0,2.0,17.0
2018-11-13 19:00:00,108.0,150.0,126.0,106.0,189.0,74.0,19.0,139.0,128.0,94.0,118.0,201.0,104.0,149.0,15.0,22.0,65.0,222.0,171.0,306.0,162.0,21.0,37.0,89.0
2018-11-13 20:00:00,139.0,187.0,65.0,211.0,137.0,115.0,60.0,271.0,128.0,138.0,221.0,395.0,86.0,131.0,78.0,61.0,110.0,137.0,224.0,273.0,226.0,21.0,386.0,100.0
2018-11-13 21:00:00,49.0,53.0,54.0,15.0,15.0,33.0,45.0,47.0,21.0,39.0,21.0,57.0,14.0,22.0,24.0,44.0,32.0,5.0,134.0,111.0,31.0,19.0,32.0,49.0
2018-11-13 22:00:00,21.0,28.0,8.0,3.0,47.0,29.0,13.0,17.0,14.0,16.0,7.0,3.0,8.0,6.0,4.0,2.0,6.0,6.0,75.0,80.0,6.0,17.0,8.0,6.0
2018-11-13 23:00:00,9.0,20.0,7.0,3.0,115.0,12.0,14.0,39.0,11.0,5.0,4.0,3.0,5.0,3.0,1.0,1.0,3.0,6.0,44.0,70.0,11.0,7.0,7.0,6.0
2018-11-14 00:00:00,83.0,17.0,4.0,15.0,91.0,21.0,11.0,62.0,15.0,11.0,7.0,7.0,3.0,3.0,1.0,1.0,4.0,1.0,59.0,25.0,19.0,8.0,26.0,24.0
2018-11-14 01:00:00,65.0,11.0,3.0,4.0,55.0,41.0,10.0,29.0,11.0,13.0,6.0,13.0,6.0,14.0,1.0,1.0,2.0,19.0,39.0,56.0,6.0,7.0,11.0,13.0
2018-11-14 02:00:00,24.0,5.0,2.0,6.0,23.0,25.0,6.0,17.0,6.0,37.0,8.0,8.0,22.0,6.0,2.0,1.0,3.0,8.0,32.0,47.0,1.0,8.0,2.0,7.0
2018-11-14 03:00:00,8.0,4.0,1.0,15.0,35.0,11.0,5.0,28.0,2.0,9.0,4.0,2.0,2.0,15.0,1.0,1.0,2.0,19.0,43.0,36.0,1.0,5.0,17.0,6.0
2018-11-14 04:00:00,5.0,4.0,1.0,23.0,31.0,10.0,3.0,24.0,3.0,5.0,2.0,1.0,2.0,7.0,1.0,1.0,2.0,15.0,32.0,37.0,1.0,3.0,14.0,5.0
2018-11-14 05:00:00,5.0,4.0,1.0,14.0,30.0,6.0,1.0,11.0,8.0,9.0,1.0,1.0,2.0,9.0,1.0,1.0,1.0,5.0,43.0,34.0,1.0,4.0,23.0,4.0
2018-11-14 06:00:00,4.0,9.0,3.0,4.0,52.0,18.0,1.0,43.0,26.0,5.0,7.0,2.0,2.0,7.0,1.0,2.0,3.0,5.0,50.0,42.0,2.0,4.0,38.0,5.0
2018-11-14 07:00:00,12.0,14.0,9.0,17.0,117.0,33.0,1.0,90.0,9.0,11.0,14.0,6.0,9.0,9.0,3.0,4.0,5.0,5.0,78.0,40.0,12.0,15.0,37.0,18.0
2018-11-14 08:00:00,97.0,59.0,33.0,78.0,63.0,37.0,8.0,56.0,50.0,72.0,54.0,31.0,22.0,41.0,24.0,22.0,47.0,40.0,84.0,75.0,59.0,44.0,48.0,44.0
2018-11-14 09:00:00,115.0,88.0,48.0,65.0,105.0,75.0,28.0,62.0,90.0,64.0,131.0,68.0,34.0,45.0,46.0,37.0,73.0,95.0,94.0,130.0,58.0,45.0,33.0,109.0
2018-11-14 10:00:00,65.0,104.0,55.0,72.0,55.0,95.0,34.0,62.0,100.0,77.0,122.0,48.0,58.0,50.0,51.0,46.0,55.0,81.0,97.0,168.0,70.0,27.0,57.0,53.0
2018-11-14 11:00:00,50.0,62.0,35.0,39.0,55.0,55.0,44.0,64.0,97.0,56.0,47.0,29.0,62.0,61.0,31.0,30.0,21.0,36.0,71.0,64.0,31.0,15.0,45.0,35.0
2018-11-14 12:00:00,47.0,61.0,25.0,30.0,35.0,21.0,16.0,42.0,77.0,40.0,58.0,24.0,40.0,62.0,20.0,16.0,17.0,38.0,46.0,43.0,18.0,4.0,43.0,23.0
2018-11-14 13:00:00,31.0,41.0,14.0,22.0,5.0,11.0,5.0,14.0,35.0,20.0,18.0,10.0,13.0,16.0,13.0,7.0,10.0,33.0,16.0,24.0,21.0,3.0,19.0,11.0
2018-11-14 14:00:00,23.0,24.0,13.0,6.0,5.0,8.0,3.0,2.0,22.0,10.0,18.0,9.0,9.0,8.0,9.0,3.0,6.0,10.0,5.0,23.0,10.0,4.0,4.0,10.0
2018-11-14 15:00:00,22.0,18.0,5.0,11.0,5.0,7.0,4.0,1.0,16.0,7.0,9.0,6.0,9.0,13.0,6.0,2.0,7.0,8.0,3.0,23.0,7.0,4.0,3.0,7.0
2018-11-14 16:00:00,21.0,18.0,3.0,3.0,4.0,6.0,3.0,1.0,32.0,12.0,14.0,5.0,8.0,23.0,3.0,2.0,4.0,8.0,4.0,26.0,6.0,2.0,2.0,6.0
2018-11-14 17:00:00,22.0,23.0,6.0,3.0,4.0,8.0,3.0,8.0,53.0,7.0,41.0,4.0,8.0,34.0,2.0,2.0,6.0,14.0,5.0,37.0,8.0,2.0,2.0,7.0
2018-11-14 18:00:00,24.0,33.0,8.0,9.0,4.0,8.0,1.0,9.0,62.0,12.0,49.0,4.0,11.0,15.0,3.0,2.0,10.0,27.0,37.0,53.0,10.0,3.0,2.0,9.0
2018-11-14 19:00:00,41.0,47.0,11.0,15.0,36.0,32.0,2.0,9.0,63.0,32.0,58.0,9.0,31.0,41.0,7.0,3.0,10.0,47.0,42.0,161.0,9.0,4.0,1.0,7.0
2018-11-14 20:00:00,44.0,53.0,23.0,20.0,51.0,47.0,9.0,2.0,58.0,32.0,32.0,14.0,21.0,40.0,12.0,5.0,15.0,54.0,65.0,98.0,20.0,4.0,6.0,9.0
2018-11-14 21:00:00,28.0,50.0,29.0,33.0,47.0,33.0,1.0,2.0,28.0,52.0,28.0,32.0,16.0,26.0,15.0,3.0,28.0,33.0,25.0,86.0,27.0,7.0,4.0,15.0
2018-11-14 22:00:00,17.0,32.0,16.0,29.0,5.0,12.0,1.0,8.0,12.0,17.0,13.0,22.0,11.0,5.0,8.0,1.0,16.0,14.0,14.0,48.0,9.0,8.0,10.0,21.0
2018-11-14 23:00:00,14.0,19.0,5.0,9.0,5.0,6.0,1.0,5.0,14.0,12.0,9.0,6.0,4.0,2.0,4.0,1.0,6.0,1.0,17.0,31.0,6.0,2.0,4.0,7.0
2018-11-15 00:00:00,6.0,6.0,2.0,5.0,1.0,3.0,1.0,6.0,10.0,3.0,4.0,5.0,3.0,1.0,1.0,1.0,3.0,1.0,17.0,18.0,3.0,2.0,2.0,5.0
2018-11-15 01:00:00,3.0,4.0,1.0,2.0,1.0,2.0,1.0,33.0,5.0,2.0,1.0,1.0,2.0,2.0,1.0,1.0,1.0,4.0,17.0,5.0,1.0,1.0,1.0,4.0
2018-11-15 02:00:00,4.0,2.0,1.0,1.0,1.0,1.0,1.0,5.0,3.0,2.0,1.0,1.0,2.0,1.0,1.0,1.0,1.0,1.0,25.0,3.0,1.0,1.0,1.0,4.0
2018-11-15 03:00:00,3.0,1.0,1.0,1.0,1.0,1.0,1.0,1.0,3.0,1.0,1.0,1.0,1.0,1.0,1.0,1.0,2.0,2.0,1.0,2.0,1.0,1.0,1.0,3.0
2018-11-15 04:00:00,3.0,1.0,1.0,1.0,1.0,1.0,1.0,1.0,2.0,2.0,1.0,1.0,1.0,1.0,1.0,1.0,8.0,1.0,1.0,3.0,1.0,1.0,1.0,3.0
2018-11-15 05:00:00,3.0,1.0,1.0,1.0,1.0,1.0,1.0,1.0,8.0,1.0,1.0,1.0,1.0,1.0,1.0,1.0,1.0,1.0,1.0,13.0,1.0,1.0,1.0,4.0
2018-11-15 06:00:00,3.0,2.0,1.0,1.0,1.0,1.0,1.0,6.0,6.0,2.0,5.0,2.0,1.0,1.0,1.0,1.0,1.0,1.0,7.0,5.0,1.0,3.0,1.0,4.0
2018-11-15 07:00:00,8.0,6.0,1.0,2.0,5.0,3.0,1.0,18.0,6.0,8.0,7.0,2.0,6.0,4.0,1.0,1.0,2.0,2.0,17.0,33.0,2.0,3.0,2.0,5.0
2018-11-15 08:00:00,21.0,35.0,6.0,21.0,13.0,12.0,1.0,77.0,19.0,20.0,18.0,7.0,20.0,23.0,4.0,3.0,8.0,21.0,68.0,64.0,7.0,10.0,11.0,19.0
2018-11-15 09:00:00,38.0,74.0,22.0,62.0,25.0,26.0,6.0,15.0,62.0,33.0,74.0,28.0,25.0,48.0,21.0,23.0,27.0,50.0,97.0,67.0,39.0,6.0,41.0,52.0
2018-11-15 10:00:00,49.0,83.0,32.0,65.0,27.0,39.0,21.0,27.0,93.0,28.0,91.0,27.0,28.0,63.0,33.0,44.0,28.0,40.0,54.0,84.0,39.0,4.0,30.0,38.0
2018-11-15 11:00:00,38.0,51.0,19.0,23.0,18.0,25.0,12.0,23.0,102.0,29.0,57.0,19.0,23.0,52.0,17.0,19.0,18.0,22.0,21.0,54.0,15.0,3.0,14.0,19.0
2018-11-15 12:00:00,38.0,27.0,19.0,15.0,14.0,12.0,7.0,10.0,77.0,20.0,38.0,9.0,21.0,40.0,7.0,6.0,8.0,8.0,8.0,38.0,8.0,2.0,9.0,11.0
2018-11-15 13:00:00,32.0,21.0,9.0,3.0,4.0,6.0,4.0,3.0,42.0,7.0,18.0,6.0,13.0,12.0,4.0,3.0,5.0,2.0,3.0,27.0,6.0,3.0,3.0,7.0
2018-11-15 14:00:00,21.0,16.0,4.0,5.0,3.0,6.0,4.0,1.0,30.0,8.0,13.0,7.0,7.0,6.0,5.0,1.0,4.0,2.0,3.0,29.0,7.0,3.0,2.0,7.0
2018-11-15 15:00:00,18.0,16.0,6.0,8.0,2.0,6.0,2.0,2.0,13.0,6.0,14.0,4.0,6.0,9.0,3.0,1.0,5.0,4.0,4.0,36.0,6.0,2.0,2.0,6.0
2018-11-15 16:00:00,25.0,13.0,4.0,2.0,3.0,6.0,3.0,3.0,16.0,10.0,20.0,4.0,7.0,10.0,2.0,2.0,5.0,2.0,4.0,25.0,8.0,2.0,2.0,6.0
2018-11-15 17:00:00,23.0,13.0,15.0,5.0,2.0,6.0,2.0,1.0,26.0,9.0,12.0,4.0,6.0,3.0,6.0,1.0,6.0,7.0,3.0,37.0,3.0,1.0,2.0,6.0
2018-11-15 18:00:00,36.0,51.0,49.0,12.0,7.0,12.0,1.0,11.0,23.0,40.0,39.0,7.0,21.0,5.0,10.0,2.0,11.0,12.0,34.0,78.0,18.0,3.0,3.0,12.0
2018-11-15 19:00:00,72.0,96.0,91.0,37.0,55.0,52.0,8.0,60.0,54.0,113.0,117.0,50.0,83.0,97.0,59.0,29.0,59.0,109.0,104.0,172.0,71.0,4.0,28.0,47.0
2018-11-15 20:00:00,123.0,108.0,79.0,107.0,107.0,97.0,38.0,103.0,80.0,129.0,80.0,122.0,43.0,89.0,52.0,34.0,68.0,111.0,135.0,255.0,99.0,11.0,81.0,78.0
2018-11-15 21:00:00,129.0,105.0,55.0,98.0,119.0,107.0,47.0,58.0,58.0,94.0,55.0,50.0,62.0,75.0,47.0,47.0,69.0,69.0,78.0,164.0,92.0,5.0,45.0,42.0
2018-11-15 22:00:00,31.0,42.0,16.0,25.0,71.0,84.0,22.0,35.0,28.0,53.0,54.0,13.0,29.0,35.0,9.0,14.0,25.0,47.0,35.0,93.0,20.0,8.0,15.0,9.0
2018-11-15 23:00:00,17.0,20.0,4.0,10.0,25.0,26.0,7.0,29.0,12.0,19.0,9.0,5.0,16.0,13.0,2.0,4.0,6.0,16.0,30.0,49.0,7.0,3.0,5.0,7.0
2018-11-16 00:00:00,24.0,16.0,2.0,9.0,15.0,9.0,1.0,7.0,11.0,5.0,13.0,2.0,6.0,9.0,2.0,4.0,2.0,12.0,27.0,23.0,3.0,1.0,5.0,5.0
2018-11-16 01:00:00,17.0,8.0,1.0,7.0,15.0,4.0,1.0,4.0,11.0,13.0,10.0,2.0,3.0,7.0,1.0,1.0,2.0,3.0,15.0,20.0,1.0,2.0,2.0,5.0
2018-11-16 02:00:00,11.0,3.0,1.0,1.0,6.0,3.0,1.0,1.0,8.0,5.0,7.0,1.0,3.0,1.0,1.0,1.0,1.0,1.0,1.0,20.0,1.0,1.0,1.0,4.0
2018-11-16 03:00:00,6.0,2.0,1.0,1.0,1.0,2.0,1.0,1.0,7.0,2.0,2.0,1.0,2.0,1.0,1.0,1.0,1.0,1.0,1.0,4.0,1.0,1.0,1.0,4.0
2018-11-16 04:00:00,4.0,1.0,1.0,1.0,1.0,2.0,1.0,1.0,7.0,2.0,3.0,1.0,2.0,1.0,1.0,1.0,1.0,1.0,1.0,2.0,1.0,1.0,1.0,4.0
2018-11-16 05:00:00,4.0,1.0,1.0,1.0,1.0,1.0,1.0,1.0,7.0,1.0,5.0,1.0,1.0,1.0,1.0,1.0,1.0,1.0,1.0,2.0,1.0,9.0,1.0,3.0
2018-11-16 06:00:00,4.0,2.0,1.0,1.0,1.0,1.0,1.0,4.0,6.0,2.0,5.0,1.0,2.0,1.0,1.0,1.0,1.0,1.0,7.0,8.0,1.0,1.0,1.0,4.0
2018-11-16 07:00:00,13.0,7.0,2.0,2.0,6.0,3.0,1.0,19.0,16.0,14.0,4.0,2.0,10.0,6.0,2.0,1.0,2.0,5.0,19.0,27.0,2.0,3.0,2.0,6.0
2018-11-16 08:00:00,35.0,35.0,15.0,22.0,30.0,13.0,1.0,48.0,32.0,30.0,38.0,30.0,37.0,31.0,9.0,8.0,12.0,22.0,67.0,76.0,7.0,16.0,10.0,25.0
2018-11-16 09:00:00,55.0,68.0,32.0,35.0,53.0,31.0,18.0,57.0,71.0,82.0,69.0,52.0,49.0,64.0,28.0,18.0,28.0,57.0,93.0,94.0,28.0,32.0,31.0,66.0
2018-11-16 10:00:00,77.0,82.0,42.0,49.0,64.0,42.0,35.0,27.0,118.0,80.0,68.0,51.0,61.0,68.0,35.0,31.0,39.0,70.0,91.0,90.0,45.0,24.0,36.0,50.0
2018-11-16 11:00:00,60.0,82.0,29.0,45.0,35.0,33.0,23.0,71.0,107.0,38.0,42.0,26.0,34.0,46.0,24.0,28.0,25.0,68.0,55.0,79.0,29.0,6.0,36.0,26.0
2018-11-16 12:00:00,54.0,66.0,28.0,33.0,14.0,18.0,19.0,25.0,74.0,36.0,39.0,20.0,31.0,29.0,27.0,14.0,17.0,73.0,30.0,58.0,14.0,6.0,17.0,12.0
2018-11-16 13:00:00,25.0,40.0,27.0,18.0,12.0,18.0,8.0,10.0,46.0,25.0,20.0,12.0,22.0,19.0,18.0,9.0,13.0,31.0,19.0,41.0,13.0,7.0,12.0,13.0
2018-11-16 14:00:00,42.0,27.0,24.0,5.0,4.0,12.0,7.0,7.0,31.0,19.0,21.0,13.0,16.0,9.0,14.0,7.0,13.0,15.0,14.0,42.0,13.0,6.0,8.0,14.0
2018-11-16 15:00:00,28.0,28.0,23.0,9.0,3.0,9.0,3.0,9.0,26.0,14.0,18.0,11.0,13.0,6.0,10.0,4.0,13.0,7.0,16.0,42.0,18.0,17.0,6.0,14.0
2018-11-16 16:00:00,32.0,20.0,22.0,5.0,2.0,13.0,4.0,5.0,24.0,6.0,14.0,13.0,8.0,6.0,12.0,2.0,9.0,5.0,24.0,52.0,23.0,6.0,7.0,16.0
2018-11-16 17:00:00,26.0,19.0,10.0,3.0,2.0,12.0,7.0,4.0,24.0,6.0,22.0,4.0,8.0,3.0,3.0,1.0,6.0,9.0,4.0,53.0,21.0,5.0,3.0,20.0
2018-11-16 18:00:00,29.0,35.0,21.0,6.0,2.0,9.0,10.0,10.0,44.0,19.0,35.0,20.0,14.0,12.0,12.0,1.0,17.0,29.0,18.0,58.0,25.0,6.0,2.0,20.0
2018-11-16 19:00:00,61.0,65.0,14.0,17.0,11.0,44.0,11.0,15.0,93.0,46.0,64.0,25.0,35.0,51.0,11.0,10.0,13.0,103.0,31.0,131.0,17.0,13.0,7.0,15.0
2018-11-16 20:00:00,48.0,56.0,10.0,21.0,32.0,61.0,14.0,26.0,74.0,60.0,52.0,34.0,79.0,54.0,7.0,15.0,12.0,79.0,26.0,124.0,17.0,6.0,6.0,17.0
2018-11-16 21:00:00,90.0,92.0,32.0,25.0,8.0,28.0,15.0,39.0,52.0,100.0,57.0,34.0,46.0,60.0,18.0,26.0,18.0,45.0,51.0,72.0,28.0,7.0,7.0,26.0
2018-11-16 22:00:00,36.0,63.0,36.0,11.0,4.0,26.0,7.0,23.0,16.0,51.0,29.0,61.0,7.0,2.0,25.0,17.0,30.0,9.0,43.0,57.0,36.0,16.0,7.0,49.0
2018-11-16 23:00:00,18.0,21.0,3.0,2.0,1.0,6.0,1.0,1.0,16.0,5.0,6.0,7.0,4.0,1.0,2.0,1.0,3.0,1.0,1.0,36.0,6.0,13.0,1.0,11.0
2018-11-17 00:00:00,8.0,9.0,2.0,2.0,1.0,3.0,1.0,1.0,10.0,7.0,3.0,1.0,4.0,2.0,1.0,1.0,1.0,1.0,11.0,16.0,2.0,5.0,1.0,4.0
2018-11-17 01:00:00,6.0,6.0,1.0,1.0,1.0,3.0,1.0,1.0,11.0,4.0,1.0,3.0,3.0,1.0,1.0,1.0,1.0,1.0,9.0,9.0,2.0,4.0,1.0,4.0
2018-11-17 02:00:00,4.0,5.0,3.0,1.0,1.0,2.0,1.0,1.0,8.0,4.0,1.0,3.0,2.0,1.0,1.0,1.0,1.0,1.0,1.0,7.0,1.0,5.0,1.0,4.0
2018-11-17 03:00:00,4.0,4.0,2.0,1.0,1.0,2.0,1.0,1.0,6.0,5.0,1.0,1.0,3.0,1.0,1.0,1.0,1.0,1.0,1.0,4.0,1.0,5.0,1.0,4.0
2018-11-17 04:00:00,3.0,2.0,1.0,1.0,1.0,1.0,1.0,2.0,8.0,5.0,2.0,1.0,1.0,1.0,1.0,1.0,1.0,1.0,1.0,3.0,1.0,4.0,1.0,4.0
2018-11-17 05:00:00,4.0,4.0,1.0,1.0,1.0,1.0,1.0,5.0,6.0,2.0,1.0,1.0,1.0,1.0,1.0,1.0,1.0,1.0,1.0,3.0,1.0,2.0,1.0,4.0
2018-11-17 06:00:00,5.0,3.0,1.0,1.0,1.0,1.0,1.0,10.0,8.0,6.0,1.0,1.0,1.0,1.0,1.0,1.0,1.0,1.0,4.0,3.0,1.0,2.0,1.0,4.0
2018-11-17 07:00:00,5.0,3.0,1.0,1.0,1.0,2.0,1.0,8.0,9.0,4.0,3.0,1.0,2.0,1.0,1.0,1.0,1.0,1.0,5.0,9.0,1.0,1.0,1.0,4.0
2018-11-17 08:00:00,8.0,4.0,1.0,4.0,1.0,3.0,1.0,12.0,11.0,6.0,3.0,2.0,5.0,1.0,1.0,1.0,1.0,1.0,13.0,16.0,1.0,1.0,1.0,7.0
2018-11-17 09:00:00,15.0,12.0,2.0,21.0,3.0,4.0,1.0,8.0,39.0,5.0,5.0,3.0,4.0,4.0,2.0,3.0,2.0,1.0,23.0,19.0,5.0,1.0,8.0,7.0
2018-11-17 10:00:00,22.0,22.0,9.0,15.0,9.0,9.0,5.0,4.0,73.0,9.0,10.0,9.0,8.0,8.0,9.0,5.0,7.0,7.0,11.0,26.0,6.0,2.0,7.0,8.0
2018-11-17 11:00:00,23.0,19.0,8.0,8.0,7.0,9.0,7.0,3.0,42.0,17.0,14.0,9.0,12.0,11.0,8.0,5.0,8.0,7.0,5.0,27.0,8.0,2.0,5.0,8.0
2018-11-17 12:00:00,18.0,12.0,11.0,5.0,4.0,7.0,4.0,2.0,24.0,11.0,10.0,7.0,9.0,5.0,5.0,2.0,4.0,6.0,2.0,21.0,8.0,4.0,3.0,8.0
2018-11-17 13:00:00,21.0,10.0,10.0,6.0,3.0,6.0,3.0,2.0,15.0,15.0,11.0,7.0,7.0,3.0,10.0,2.0,4.0,2.0,3.0,19.0,5.0,5.0,3.0,7.0
2018-11-17 14:00:00,17.0,8.0,8.0,5.0,3.0,5.0,2.0,3.0,11.0,9.0,11.0,13.0,6.0,1.0,4.0,1.0,4.0,1.0,3.0,20.0,5.0,5.0,3.0,6.0
2018-11-17 15:00:00,7.0,10.0,8.0,6.0,3.0,3.0,1.0,3.0,9.0,5.0,10.0,11.0,4.0,1.0,3.0,1.0,3.0,1.0,2.0,16.0,9.0,3.0,4.0,7.0
2018-11-17 16:00:00,9.0,7.0,12.0,3.0,1.0,4.0,1.0,3.0,12.0,7.0,16.0,13.0,3.0,1.0,3.0,1.0,18.0,1.0,1.0,14.0,8.0,2.0,3.0,7.0
2018-11-17 17:00:00,15.0,7.0,21.0,3.0,5.0,5.0,2.0,4.0,18.0,7.0,13.0,4.0,4.0,3.0,4.0,2.0,15.0,1.0,4.0,13.0,7.0,2.0,3.0,7.0
2018-11-17 18:00:00,26.0,7.0,7.0,3.0,11.0,6.0,1.0,3.0,18.0,11.0,25.0,20.0,4.0,2.0,1.0,1.0,7.0,3.0,1.0,17.0,8.0,4.0,1.0,6.0
2018-11-17 19:00:00,25.0,11.0,2.0,4.0,4.0,9.0,1.0,1.0,18.0,6.0,30.0,25.0,5.0,5.0,1.0,1.0,3.0,5.0,1.0,35.0,8.0,7.0,1.0,7.0
2018-11-17 20:00:00,32.0,26.0,4.0,5.0,2.0,6.0,1.0,2.0,14.0,8.0,13.0,34.0,6.0,6.0,1.0,1.0,2.0,16.0,2.0,32.0,8.0,20.0,1.0,7.0
2018-11-17 21:00:00,18.0,25.0,8.0,7.0,2.0,9.0,1.0,1.0,21.0,33.0,17.0,34.0,8.0,6.0,4.0,1.0,5.0,21.0,14.0,38.0,10.0,4.0,1.0,6.0
2018-11-17 22:00:00,14.0,31.0,11.0,11.0,1.0,13.0,1.0,8.0,26.0,30.0,22.0,61.0,7.0,9.0,11.0,1.0,7.0,22.0,27.0,61.0,15.0,3.0,2.0,8.0
2018-11-17 23:00:00,45.0,28.0,24.0,13.0,7.0,21.0,2.0,29.0,26.0,46.0,10.0,7.0,9.0,12.0,2.0,1.0,27.0,29.0,32.0,127.0,25.0,6.0,3.0,18.0
2018-11-18 00:00:00,11.0,14.0,19.0,15.0,22.0,23.0,5.0,22.0,21.0,43.0,6.0,1.0,4.0,22.0,2.0,1.0,18.0,4.0,36.0,114.0,27.0,4.0,7.0,21.0
2018-11-18 01:00:00,14.0,16.0,6.0,20.0,4.0,6.0,1.0,67.0,14.0,16.0,8.0,3.0,3.0,4.0,2.0,1.0,4.0,1.0,47.0,26.0,4.0,3.0,10.0,13.0
2018-11-18 02:00:00,24.0,16.0,9.0,15.0,1.0,3.0,1.0,16.0,16.0,7.0,6.0,3.0,3.0,3.0,2.0,1.0,3.0,1.0,11.0,9.0,2.0,4.0,17.0,8.0
2018-11-18 03:00:00,18.0,10.0,1.0,3.0,1.0,2.0,1.0,1.0,9.0,8.0,3.0,1.0,2.0,1.0,1.0,1.0,1.0,1.0,1.0,7.0,2.0,2.0,2.0,4.0
2018-11-18 04:00:00,5.0,5.0,1.0,1.0,1.0,2.0,1.0,1.0,7.0,3.0,2.0,1.0,2.0,1.0,1.0,1.0,1.0,1.0,1.0,3.0,1.0,1.0,1.0,4.0
2018-11-18 05:00:00,4.0,4.0,1.0,1.0,1.0,2.0,1.0,2.0,9.0,2.0,1.0,1.0,1.0,1.0,1.0,1.0,1.0,1.0,1.0,2.0,1.0,1.0,1.0,4.0
2018-11-18 06:00:00,5.0,3.0,1.0,1.0,1.0,1.0,1.0,2.0,8.0,2.0,3.0,1.0,1.0,1.0,1.0,1.0,1.0,1.0,2.0,2.0,2.0,1.0,1.0,4.0
2018-11-18 07:00:00,6.0,3.0,1.0,1.0,1.0,1.0,1.0,8.0,12.0,2.0,1.0,1.0,1.0,1.0,1.0,1.0,1.0,1.0,2.0,4.0,1.0,1.0,1.0,4.0
2018-11-18 08:00:00,5.0,3.0,1.0,2.0,1.0,1.0,1.0,10.0,9.0,3.0,1.0,2.0,1.0,1.0,1.0,1.0,1.0,1.0,4.0,5.0,1.0,1.0,1.0,5.0
2018-11-18 09:00:00,7.0,6.0,1.0,2.0,1.0,2.0,1.0,4.0,31.0,5.0,2.0,3.0,2.0,2.0,1.0,1.0,1.0,1.0,3.0,8.0,1.0,1.0,5.0,4.0
2018-11-18 10:00:00,11.0,9.0,2.0,4.0,1.0,3.0,2.0,3.0,16.0,4.0,5.0,9.0,4.0,2.0,1.0,1.0,2.0,1.0,2.0,10.0,3.0,1.0,5.0,5.0
2018-11-18 11:00:00,9.0,9.0,2.0,2.0,1.0,4.0,1.0,2.0,12.0,5.0,7.0,9.0,4.0,2.0,2.0,1.0,2.0,1.0,1.0,10.0,3.0,1.0,2.0,5.0
2018-11-18 12:00:00,7.0,9.0,2.0,2.0,1.0,4.0,1.0,2.0,10.0,6.0,5.0,7.0,4.0,2.0,2.0,1.0,4.0,2.0,2.0,14.0,6.0,2.0,1.0,5.0
2018-11-18 13:00:00,7.0,8.0,4.0,4.0,1.0,4.0,1.0,1.0,12.0,6.0,8.0,4.0,6.0,1.0,2.0,1.0,2.0,1.0,5.0,21.0,8.0,2.0,2.0,7.0
2018-11-18 14:00:00,10.0,9.0,6.0,4.0,1.0,5.0,1.0,1.0,11.0,7.0,11.0,3.0,6.0,1.0,3.0,1.0,2.0,1.0,2.0,18.0,5.0,3.0,1.0,7.0
2018-11-18 15:00:00,7.0,8.0,5.0,1.0,1.0,5.0,1.0,1.0,11.0,10.0,6.0,4.0,4.0,1.0,6.0,1.0,1.0,1.0,3.0,19.0,2.0,2.0,1.0,6.0
2018-11-18 16:00:00,8.0,5.0,3.0,1.0,1.0,4.0,1.0,1.0,10.0,5.0,3.0,2.0,3.0,1.0,3.0,1.0,1.0,1.0,1.0,13.0,1.0,1.0,1.0,5.0
2018-11-18 17:00:00,9.0,7.0,4.0,1.0,1.0,4.0,1.0,6.0,14.0,3.0,4.0,2.0,4.0,1.0,1.0,1.0,1.0,1.0,3.0,20.0,2.0,1.0,1.0,4.0
2018-11-18 18:00:00,12.0,16.0,4.0,2.0,1.0,5.0,1.0,5.0,16.0,7.0,7.0,3.0,4.0,2.0,1.0,1.0,1.0,3.0,11.0,28.0,5.0,2.0,1.0,5.0
2018-11-18 19:00:00,36.0,14.0,3.0,3.0,1.0,6.0,1.0,2.0,14.0,4.0,13.0,5.0,5.0,4.0,1.0,2.0,3.0,3.0,4.0,34.0,4.0,2.0,1.0,5.0
2018-11-18 20:00:00,27.0,16.0,3.0,4.0,1.0,6.0,1.0,2.0,17.0,4.0,10.0,5.0,5.0,4.0,1.0,1.0,2.0,6.0,6.0,26.0,8.0,2.0,1.0,5.0
2018-11-18 21:00:00,17.0,11.0,4.0,3.0,1.0,5.0,1.0,1.0,15.0,5.0,9.0,4.0,4.0,3.0,1.0,1.0,2.0,4.0,6.0,21.0,5.0,1.0,1.0,5.0
2018-11-18 22:00:00,6.0,6.0,4.0,1.0,1.0,3.0,1.0,1.0,12.0,5.0,3.0,2.0,3.0,1.0,3.0,1.0,1.0,1.0,5.0,17.0,2.0,1.0,1.0,4.0
2018-11-18 23:00:00,4.0,5.0,3.0,1.0,1.0,2.0,1.0,1.0,9.0,4.0,2.0,2.0,2.0,1.0,1.0,1.0,1.0,1.0,1.0,13.0,1.0,1.0,1.0,4.0
2018-11-19 00:00:00,3.0,3.0,1.0,1.0,1.0,2.0,1.0,1.0,10.0,2.0,1.0,1.0,3.0,1.0,1.0,1.0,1.0,1.0,2.0,8.0,1.0,1.0,1.0,4.0
2018-11-19 01:00:00,3.0,5.0,1.0,1.0,1.0,2.0,1.0,1.0,8.0,2.0,1.0,1.0,1.0,1.0,1.0,1.0,1.0,1.0,1.0,4.0,1.0,1.0,1.0,4.0
2018-11-19 02:00:00,4.0,1.0,1.0,1.0,1.0,1.0,1.0,1.0,8.0,1.0,1.0,1.0,1.0,2.0,1.0,1.0,1.0,1.0,1.0,2.0,1.0,1.0,4.0,3.0
2018-11-19 03:00:00,3.0,1.0,1.0,1.0,1.0,1.0,1.0,1.0,8.0,2.0,1.0,1.0,1.0,1.0,1.0,1.0,1.0,1.0,1.0,2.0,1.0,1.0,1.0,4.0
2018-11-19 04:00:00,2.0,1.0,1.0,1.0,1.0,1.0,1.0,1.0,8.0,1.0,2.0,1.0,1.0,1.0,1.0,1.0,1.0,1.0,1.0,1.0,1.0,1.0,1.0,3.0
2018-11-19 05:00:00,2.0,1.0,1.0,1.0,1.0,1.0,1.0,1.0,19.0,1.0,2.0,1.0,1.0,1.0,1.0,1.0,1.0,1.0,1.0,2.0,1.0,1.0,1.0,4.0
2018-11-19 06:00:00,2.0,2.0,1.0,1.0,1.0,1.0,1.0,1.0,10.0,1.0,4.0,1.0,1.0,1.0,1.0,1.0,2.0,1.0,3.0,3.0,1.0,1.0,1.0,4.0
2018-11-19 07:00:00,4.0,3.0,1.0,2.0,2.0,1.0,1.0,8.0,10.0,6.0,7.0,1.0,2.0,2.0,1.0,1.0,4.0,1.0,8.0,15.0,1.0,2.0,1.0,5.0
2018-11-19 08:00:00,12.0,18.0,2.0,6.0,6.0,4.0,1.0,16.0,15.0,11.0,38.0,3.0,3.0,11.0,6.0,1.0,14.0,7.0,29.0,22.0,4.0,6.0,1.0,9.0
2018-11-19 09:00:00,20.0,39.0,11.0,15.0,12.0,7.0,2.0,29.0,30.0,21.0,90.0,8.0,8.0,42.0,6.0,6.0,33.0,27.0,46.0,44.0,14.0,5.0,9.0,20.0
2018-11-19 10:00:00,26.0,40.0,11.0,14.0,13.0,11.0,6.0,25.0,39.0,14.0,93.0,13.0,10.0,55.0,9.0,7.0,19.0,24.0,50.0,52.0,14.0,6.0,10.0,23.0
2018-11-19 11:00:00,32.0,29.0,16.0,11.0,8.0,9.0,6.0,11.0,86.0,13.0,36.0,6.0,11.0,32.0,6.0,6.0,9.0,10.0,12.0,37.0,7.0,3.0,4.0,11.0
2018-11-19 12:00:00,43.0,28.0,16.0,8.0,10.0,14.0,7.0,5.0,88.0,12.0,31.0,8.0,12.0,15.0,6.0,7.0,9.0,5.0,5.0,28.0,8.0,2.0,4.0,11.0
2018-11-19 13:00:00,32.0,19.0,25.0,6.0,12.0,12.0,4.0,13.0,43.0,11.0,34.0,8.0,13.0,16.0,4.0,5.0,24.0,2.0,10.0,20.0,8.0,1.0,4.0,9.0
2018-11-19 14:00:00,9.0,26.0,29.0,11.0,9.0,6.0,2.0,7.0,12.0,17.0,17.0,28.0,13.0,3.0,13.0,2.0,32.0,2.0,8.0,17.0,9.0,1.0,5.0,9.0
2018-11-19 15:00:00,10.0,31.0,15.0,11.0,10.0,6.0,1.0,5.0,11.0,16.0,14.0,9.0,14.0,3.0,16.0,2.0,42.0,1.0,3.0,16.0,8.0,3.0,5.0,7.0
2018-11-19 16:00:00,6.0,33.0,8.0,9.0,7.0,4.0,1.0,5.0,9.0,8.0,11.0,8.0,7.0,2.0,11.0,1.0,39.0,1.0,5.0,13.0,7.0,3.0,3.0,10.0
2018-11-19 17:00:00,7.0,33.0,6.0,8.0,10.0,4.0,1.0,7.0,8.0,13.0,16.0,9.0,12.0,1.0,12.0,1.0,35.0,1.0,6.0,16.0,6.0,2.0,1.0,9.0
2018-11-19 18:00:00,8.0,42.0,8.0,8.0,13.0,5.0,1.0,7.0,11.0,19.0,17.0,14.0,10.0,1.0,17.0,1.0,43.0,1.0,8.0,24.0,10.0,3.0,2.0,13.0
2018-11-19 19:00:00,11.0,43.0,6.0,11.0,25.0,6.0,1.0,9.0,9.0,31.0,24.0,15.0,14.0,1.0,18.0,1.0,51.0,1.0,13.0,30.0,11.0,2.0,4.0,9.0
2018-11-19 20:00:00,9.0,37.0,7.0,9.0,14.0,7.0,1.0,7.0,11.0,13.0,15.0,21.0,13.0,2.0,27.0,1.0,49.0,1.0,12.0,28.0,11.0,1.0,3.0,7.0
2018-11-19 21:00:00,5.0,38.0,9.0,10.0,10.0,5.0,1.0,5.0,11.0,15.0,16.0,14.0,15.0,2.0,20.0,1.0,35.0,1.0,5.0,14.0,8.0,1.0,2.0,8.0
2018-11-19 22:00:00,6.0,25.0,5.0,5.0,4.0,5.0,1.0,3.0,10.0,10.0,9.0,12.0,21.0,1.0,13.0,1.0,23.0,1.0,1.0,12.0,5.0,1.0,2.0,6.0
2018-11-19 23:00:00,4.0,20.0,3.0,3.0,7.0,3.0,1.0,2.0,9.0,5.0,6.0,7.0,12.0,1.0,5.0,1.0,18.0,1.0,1.0,5.0,3.0,1.0,2.0,5.0
2018-11-20 00:00:00,4.0,12.0,3.0,1.0,4.0,2.0,1.0,1.0,13.0,2.0,5.0,5.0,7.0,1.0,2.0,1.0,10.0,1.0,1.0,7.0,1.0,1.0,1.0,4.0
2018-11-20 01:00:00,2.0,8.0,1.0,1.0,1.0,1.0,1.0,1.0,6.0,1.0,3.0,3.0,3.0,1.0,2.0,1.0,6.0,1.0,3.0,2.0,1.0,1.0,1.0,4.0
2018-11-20 02:00:00,3.0,3.0,1.0,1.0,1.0,1.0,1.0,1.0,6.0,1.0,2.0,1.0,2.0,1.0,1.0,1.0,3.0,1.0,2.0,1.0,2.0,1.0,1.0,3.0
2018-11-20 03:00:00,2.0,2.0,1.0,1.0,1.0,1.0,1.0,1.0,8.0,1.0,1.0,1.0,1.0,1.0,1.0,1.0,1.0,1.0,2.0,1.0,1.0,1.0,1.0,3.0
2018-11-20 04:00:00,2.0,3.0,1.0,1.0,1.0,1.0,1.0,1.0,6.0,1.0,2.0,1.0,1.0,1.0,1.0,1.0,2.0,1.0,1.0,1.0,1.0,1.0,1.0,3.0
2018-11-20 05:00:00,2.0,2.0,1.0,1.0,1.0,1.0,1.0,1.0,6.0,1.0,1.0,1.0,1.0,1.0,1.0,1.0,1.0,1.0,1.0,1.0,1.0,1.0,1.0,3.0
2018-11-20 06:00:00,1.0,4.0,1.0,1.0,2.0,1.0,1.0,1.0,12.0,1.0,1.0,1.0,1.0,1.0,1.0,1.0,4.0,1.0,1.0,1.0,1.0,1.0,3.0,3.0
2018-11-20 07:00:00,4.0,14.0,1.0,2.0,6.0,2.0,1.0,1.0,6.0,6.0,1.0,4.0,3.0,1.0,3.0,1.0,18.0,1.0,1.0,11.0,2.0,2.0,2.0,4.0
2018-11-20 08:00:00,12.0,35.0,5.0,12.0,6.0,3.0,1.0,6.0,9.0,7.0,8.0,10.0,5.0,1.0,15.0,2.0,53.0,1.0,7.0,13.0,4.0,2.0,3.0,6.0
2018-11-20 09:00:00,14.0,33.0,16.0,15.0,6.0,7.0,1.0,10.0,17.0,11.0,18.0,16.0,7.0,1.0,28.0,2.0,72.0,2.0,21.0,18.0,8.0,3.0,5.0,8.0
2018-11-20 10:00:00,14.0,38.0,11.0,13.0,7.0,6.0,1.0,7.0,16.0,7.0,20.0,11.0,8.0,7.0,23.0,2.0,42.0,2.0,10.0,12.0,9.0,6.0,7.0,8.0
2018-11-20 11:00:00,13.0,39.0,7.0,8.0,5.0,5.0,6.0,5.0,14.0,6.0,13.0,9.0,5.0,1.0,20.0,2.0,35.0,1.0,5.0,15.0,7.0,2.0,5.0,6.0
2018-11-20 12:00:00,10.0,34.0,22.0,9.0,6.0,4.0,1.0,2.0,13.0,8.0,21.0,12.0,8.0,2.0,15.0,1.0,48.0,1.0,5.0,15.0,8.0,2.0,4.0,9.0
2018-11-20 13:00:00,11.0,39.0,34.0,14.0,13.0,5.0,1.0,5.0,15.0,25.0,27.0,13.0,19.0,2.0,14.0,1.0,61.0,1.0,5.0,22.0,14.0,4.0,6.0,9.0
2018-11-20 14:00:00,13.0,35.0,22.0,15.0,11.0,7.0,2.0,10.0,23.0,25.0,20.0,13.0,22.0,9.0,21.0,4.0,57.0,3.0,10.0,20.0,15.0,4.0,11.0,12.0
2018-11-20 15:00:00,11.0,29.0,10.0,8.0,9.0,5.0,1.0,7.0,10.0,9.0,11.0,10.0,8.0,2.0,15.0,2.0,32.0,1.0,7.0,14.0,10.0,3.0,7.0,9.0
2018-11-20 16:00:00,8.0,25.0,7.0,5.0,7.0,3.0,1.0,3.0,9.0,7.0,12.0,8.0,6.0,2.0,11.0,1.0,31.0,1.0,4.0,14.0,6.0,2.0,4.0,7.0
2018-11-20 17:00:00,6.0,26.0,17.0,5.0,5.0,4.0,1.0,2.0,8.0,5.0,10.0,7.0,6.0,1.0,9.0,1.0,43.0,1.0,3.0,10.0,4.0,2.0,3.0,8.0
2018-11-20 18:00:00,6.0,33.0,13.0,5.0,6.0,3.0,1.0,4.0,9.0,7.0,11.0,10.0,10.0,1.0,13.0,1.0,40.0,1.0,3.0,14.0,8.0,2.0,3.0,8.0
2018-11-20 19:00:00,7.0,26.0,9.0,8.0,7.0,6.0,1.0,3.0,8.0,7.0,11.0,18.0,7.0,1.0,15.0,1.0,29.0,1.0,8.0,16.0,6.0,2.0,2.0,6.0
2018-11-20 20:00:00,7.0,27.0,5.0,6.0,6.0,3.0,1.0,2.0,7.0,6.0,17.0,11.0,9.0,1.0,17.0,1.0,34.0,1.0,5.0,14.0,7.0,1.0,2.0,5.0
2018-11-20 21:00:00,8.0,25.0,4.0,4.0,5.0,4.0,1.0,2.0,8.0,6.0,10.0,8.0,6.0,1.0,9.0,1.0,27.0,1.0,2.0,12.0,5.0,1.0,1.0,5.0
2018-11-20 22:00:00,6.0,15.0,3.0,5.0,2.0,3.0,1.0,2.0,7.0,4.0,4.0,5.0,4.0,1.0,7.0,1.0,20.0,1.0,1.0,9.0,3.0,1.0,1.0,5.0
2018-11-20 23:00:00,5.0,11.0,2.0,3.0,4.0,3.0,1.0,2.0,8.0,3.0,3.0,4.0,2.0,1.0,4.0,1.0,13.0,1.0,1.0,9.0,2.0,1.0,1.0,4.0
2018-11-21 00:00:00,5.0,8.0,3.0,2.0,2.0,2.0,1.0,1.0,6.0,2.0,3.0,2.0,2.0,1.0,2.0,1.0,11.0,1.0,1.0,2.0,1.0,1.0,1.0,4.0
2018-11-21 01:00:00,4.0,10.0,1.0,1.0,1.0,1.0,1.0,1.0,5.0,1.0,2.0,1.0,2.0,1.0,1.0,1.0,5.0,1.0,1.0,1.0,1.0,1.0,1.0,4.0
2018-11-21 02:00:00,2.0,4.0,1.0,1.0,1.0,1.0,1.0,1.0,6.0,1.0,1.0,1.0,1.0,1.0,1.0,1.0,2.0,1.0,1.0,1.0,1.0,1.0,1.0,4.0
2018-11-21 03:00:00,4.0,3.0,1.0,1.0,1.0,1.0,1.0,1.0,5.0,1.0,1.0,1.0,1.0,1.0,1.0,1.0,2.0,1.0,1.0,1.0,1.0,1.0,1.0,3.0
2018-11-21 04:00:00,2.0,7.0,3.0,1.0,1.0,1.0,1.0,1.0,5.0,1.0,1.0,1.0,1.0,1.0,1.0,1.0,3.0,1.0,1.0,1.0,1.0,1.0,1.0,3.0
2018-11-21 05:00:00,2.0,2.0,1.0,1.0,1.0,1.0,1.0,1.0,10.0,1.0,1.0,2.0,1.0,1.0,1.0,1.0,1.0,1.0,1.0,1.0,1.0,1.0,1.0,3.0
2018-11-21 06:00:00,2.0,4.0,1.0,1.0,1.0,1.0,1.0,1.0,12.0,1.0,1.0,1.0,1.0,1.0,1.0,1.0,3.0,1.0,1.0,1.0,1.0,1.0,1.0,3.0
2018-11-21 07:00:00,4.0,14.0,2.0,5.0,5.0,3.0,1.0,1.0,5.0,5.0,1.0,3.0,9.0,2.0,2.0,1.0,11.0,1.0,1.0,9.0,2.0,2.0,1.0,4.0
2018-11-21 08:00:00,8.0,27.0,8.0,16.0,4.0,3.0,1.0,3.0,10.0,9.0,7.0,8.0,8.0,2.0,11.0,1.0,39.0,1.0,12.0,11.0,3.0,2.0,4.0,13.0
2018-11-21 09:00:00,11.0,36.0,18.0,17.0,8.0,7.0,1.0,5.0,14.0,12.0,18.0,9.0,7.0,3.0,17.0,1.0,46.0,1.0,13.0,13.0,8.0,3.0,7.0,8.0
2018-11-21 10:00:00,14.0,35.0,10.0,14.0,9.0,7.0,2.0,7.0,12.0,9.0,16.0,12.0,9.0,3.0,19.0,3.0,48.0,3.0,10.0,14.0,12.0,4.0,6.0,10.0
2018-11-21 11:00:00,14.0,40.0,10.0,10.0,7.0,7.0,1.0,5.0,12.0,7.0,12.0,9.0,8.0,2.0,17.0,9.0,31.0,4.0,8.0,11.0,9.0,2.0,7.0,9.0
2018-11-21 12:00:00,19.0,47.0,7.0,9.0,7.0,5.0,1.0,5.0,11.0,7.0,9.0,9.0,5.0,3.0,15.0,4.0,29.0,1.0,5.0,10.0,8.0,2.0,5.0,9.0
2018-11-21 13:00:00,14.0,30.0,7.0,10.0,7.0,5.0,1.0,6.0,10.0,7.0,9.0,17.0,6.0,2.0,14.0,1.0,30.0,1.0,4.0,10.0,6.0,2.0,5.0,6.0
2018-11-21 14:00:00,13.0,33.0,8.0,8.0,6.0,4.0,1.0,5.0,9.0,7.0,8.0,10.0,7.0,2.0,15.0,1.0,31.0,1.0,5.0,9.0,6.0,2.0,5.0,7.0
2018-11-21 15:00:00,12.0,29.0,8.0,7.0,5.0,4.0,1.0,4.0,9.0,10.0,9.0,8.0,5.0,1.0,14.0,1.0,33.0,1.0,3.0,10.0,10.0,6.0,4.0,7.0
2018-11-21 16:00:00,10.0,31.0,6.0,10.0,6.0,5.0,1.0,8.0,9.0,9.0,9.0,10.0,5.0,1.0,15.0,1.0,33.0,1.0,6.0,11.0,8.0,5.0,6.0,9.0
2018-11-21 17:00:00,8.0,31.0,13.0,12.0,8.0,4.0,1.0,9.0,8.0,13.0,17.0,13.0,6.0,1.0,19.0,1.0,45.0,1.0,7.0,16.0,8.0,2.0,4.0,12.0
2018-11-21 18:00:00,14.0,23.0,23.0,21.0,10.0,11.0,1.0,6.0,11.0,21.0,32.0,13.0,11.0,1.0,21.0,1.0,52.0,1.0,8.0,36.0,11.0,4.0,3.0,14.0
2018-11-21 19:00:00,27.0,39.0,35.0,79.0,58.0,44.0,1.0,22.0,15.0,66.0,30.0,29.0,45.0,18.0,34.0,1.0,57.0,20.0,50.0,203.0,13.0,12.0,24.0,10.0
2018-11-21 20:00:00,44.0,74.0,38.0,84.0,72.0,80.0,3.0,102.0,34.0,111.0,29.0,21.0,103.0,70.0,41.0,18.0,72.0,22.0,137.0,334.0,12.0,19.0,63.0,10.0
2018-11-21 21:00:00,77.0,97.0,25.0,89.0,108.0,55.0,8.0,106.0,46.0,77.0,28.0,29.0,85.0,97.0,46.0,58.0,62.0,45.0,145.0,229.0,13.0,31.0,98.0,16.0
2018-11-21 22:00:00,27.0,63.0,8.0,64.0,55.0,7.0,1.0,100.0,15.0,57.0,11.0,19.0,60.0,90.0,23.0,57.0,34.0,33.0,141.0,98.0,10.0,13.0,39.0,8.0
2018-11-21 23:00:00,12.0,17.0,3.0,29.0,14.0,8.0,1.0,74.0,9.0,21.0,5.0,4.0,21.0,5.0,6.0,23.0,19.0,40.0,70.0,49.0,3.0,2.0,18.0,5.0
2018-11-22 00:00:00,11.0,7.0,2.0,5.0,4.0,5.0,1.0,21.0,8.0,8.0,3.0,2.0,21.0,5.0,2.0,1.0,10.0,13.0,49.0,32.0,2.0,2.0,3.0,4.0
2018-11-22 01:00:00,5.0,4.0,2.0,3.0,4.0,3.0,1.0,25.0,7.0,3.0,2.0,1.0,14.0,1.0,2.0,1.0,11.0,1.0,31.0,21.0,1.0,1.0,1.0,4.0
2018-11-22 02:00:00,5.0,3.0,1.0,1.0,8.0,3.0,1.0,12.0,8.0,4.0,10.0,1.0,5.0,12.0,1.0,1.0,11.0,4.0,26.0,21.0,1.0,1.0,14.0,4.0
2018-11-22 03:00:00,8.0,6.0,1.0,1.0,8.0,14.0,2.0,4.0,16.0,2.0,1.0,1.0,2.0,15.0,4.0,1.0,19.0,4.0,12.0,40.0,1.0,1.0,16.0,3.0
2018-11-22 04:00:00,10.0,2.0,4.0,1.0,10.0,18.0,14.0,5.0,8.0,2.0,2.0,1.0,1.0,2.0,1.0,1.0,2.0,1.0,12.0,27.0,1.0,1.0,4.0,5.0
2018-11-22 05:00:00,5.0,3.0,2.0,1.0,3.0,11.0,4.0,5.0,21.0,2.0,1.0,1.0,1.0,3.0,1.0,1.0,1.0,1.0,30.0,11.0,1.0,1.0,1.0,4.0
2018-11-22 06:00:00,5.0,4.0,4.0,1.0,1.0,7.0,3.0,9.0,7.0,3.0,2.0,2.0,2.0,10.0,2.0,1.0,3.0,1.0,41.0,9.0,3.0,2.0,2.0,6.0
2018-11-22 07:00:00,11.0,10.0,14.0,16.0,10.0,13.0,2.0,27.0,8.0,13.0,4.0,19.0,6.0,27.0,12.0,1.0,10.0,4.0,45.0,51.0,8.0,10.0,7.0,13.0
2018-11-22 08:00:00,43.0,35.0,36.0,32.0,32.0,42.0,13.0,62.0,27.0,30.0,18.0,68.0,21.0,34.0,19.0,4.0,28.0,90.0,105.0,76.0,21.0,30.0,52.0,47.0
2018-11-22 09:00:00,67.0,54.0,84.0,66.0,39.0,63.0,38.0,74.0,33.0,53.0,62.0,92.0,38.0,56.0,42.0,13.0,75.0,101.0,96.0,134.0,71.0,29.0,60.0,123.0
2018-11-22 10:00:00,86.0,55.0,103.0,99.0,34.0,42.0,31.0,49.0,61.0,44.0,38.0,91.0,38.0,43.0,36.0,11.0,89.0,41.0,94.0,65.0,77.0,30.0,57.0,118.0
2018-11-22 11:00:00,59.0,44.0,70.0,88.0,21.0,28.0,18.0,32.0,42.0,26.0,35.0,71.0,17.0,19.0,44.0,12.0,69.0,26.0,59.0,44.0,49.0,23.0,44.0,51.0
2018-11-22 12:00:00,41.0,26.0,52.0,38.0,8.0,17.0,14.0,36.0,25.0,27.0,28.0,21.0,11.0,6.0,29.0,4.0,22.0,18.0,50.0,34.0,45.0,35.0,32.0,32.0
2018-11-22 13:00:00,25.0,19.0,41.0,17.0,11.0,12.0,7.0,13.0,16.0,20.0,16.0,19.0,10.0,2.0,28.0,4.0,15.0,1.0,12.0,30.0,10.0,25.0,11.0,14.0
2018-11-22 14:00:00,18.0,24.0,36.0,13.0,6.0,9.0,3.0,5.0,16.0,10.0,19.0,13.0,9.0,1.0,14.0,1.0,28.0,1.0,7.0,29.0,11.0,16.0,5.0,11.0
2018-11-22 15:00:00,15.0,21.0,49.0,10.0,6.0,5.0,1.0,3.0,10.0,15.0,14.0,9.0,7.0,1.0,18.0,1.0,31.0,1.0,5.0,34.0,22.0,10.0,3.0,21.0
2018-11-22 16:00:00,18.0,18.0,32.0,13.0,4.0,6.0,1.0,2.0,9.0,8.0,10.0,11.0,7.0,2.0,10.0,1.0,10.0,1.0,7.0,40.0,6.0,7.0,3.0,22.0
2018-11-22 17:00:00,13.0,19.0,53.0,15.0,4.0,8.0,1.0,6.0,9.0,12.0,24.0,13.0,8.0,1.0,8.0,1.0,31.0,2.0,11.0,51.0,6.0,5.0,3.0,21.0
2018-11-22 18:00:00,49.0,23.0,48.0,15.0,6.0,13.0,5.0,4.0,14.0,17.0,12.0,35.0,19.0,2.0,8.0,1.0,23.0,16.0,9.0,62.0,8.0,17.0,4.0,33.0
2018-11-22 19:00:00,69.0,33.0,54.0,31.0,12.0,34.0,4.0,35.0,19.0,30.0,16.0,6.0,24.0,4.0,17.0,2.0,10.0,21.0,80.0,80.0,10.0,23.0,19.0,15.0
2018-11-22 20:00:00,59.0,28.0,48.0,26.0,11.0,37.0,16.0,44.0,15.0,23.0,15.0,7.0,15.0,3.0,17.0,3.0,16.0,16.0,58.0,66.0,10.0,12.0,36.0,11.0
2018-11-22 21:00:00,59.0,24.0,40.0,11.0,5.0,21.0,10.0,35.0,15.0,12.0,11.0,6.0,14.0,2.0,14.0,2.0,11.0,10.0,63.0,55.0,5.0,13.0,9.0,8.0
2018-11-22 22:00:00,51.0,19.0,28.0,14.0,3.0,15.0,3.0,16.0,12.0,8.0,8.0,4.0,7.0,3.0,10.0,1.0,8.0,6.0,46.0,50.0,4.0,12.0,6.0,7.0
2018-11-22 23:00:00,33.0,12.0,19.0,9.0,2.0,8.0,1.0,10.0,11.0,6.0,2.0,3.0,6.0,1.0,5.0,1.0,3.0,1.0,29.0,32.0,3.0,13.0,13.0,5.0
2018-11-23 00:00:00,51.0,9.0,7.0,2.0,1.0,6.0,1.0,2.0,9.0,3.0,3.0,2.0,3.0,1.0,4.0,1.0,1.0,3.0,10.0,25.0,2.0,12.0,2.0,4.0
2018-11-23 01:00:00,27.0,6.0,9.0,2.0,1.0,2.0,1.0,1.0,11.0,3.0,3.0,1.0,3.0,1.0,1.0,1.0,1.0,1.0,17.0,21.0,1.0,7.0,2.0,4.0
2018-11-23 02:00:00,20.0,4.0,5.0,1.0,1.0,2.0,1.0,1.0,7.0,2.0,2.0,1.0,3.0,1.0,1.0,1.0,1.0,1.0,9.0,11.0,1.0,4.0,1.0,4.0
2018-11-23 03:00:00,9.0,3.0,2.0,1.0,1.0,1.0,1.0,2.0,10.0,3.0,3.0,1.0,3.0,1.0,1.0,1.0,11.0,1.0,4.0,4.0,1.0,2.0,1.0,4.0
2018-11-23 04:00:00,7.0,2.0,2.0,1.0,1.0,1.0,1.0,1.0,6.0,2.0,2.0,2.0,2.0,1.0,1.0,1.0,20.0,1.0,7.0,2.0,1.0,2.0,1.0,4.0
2018-11-23 05:00:00,3.0,2.0,1.0,1.0,1.0,1.0,1.0,2.0,13.0,1.0,3.0,2.0,2.0,1.0,1.0,1.0,10.0,1.0,3.0,4.0,1.0,2.0,1.0,4.0
2018-11-23 06:00:00,3.0,5.0,2.0,2.0,2.0,8.0,1.0,1.0,18.0,2.0,7.0,1.0,7.0,2.0,4.0,1.0,15.0,1.0,4.0,18.0,1.0,3.0,1.0,4.0
2018-11-23 07:00:00,4.0,7.0,5.0,5.0,7.0,2.0,1.0,3.0,7.0,5.0,6.0,3.0,7.0,3.0,4.0,1.0,18.0,1.0,4.0,5.0,1.0,1.0,2.0,4.0
2018-11-23 08:00:00,11.0,30.0,17.0,16.0,13.0,5.0,1.0,7.0,10.0,15.0,28.0,16.0,11.0,1.0,15.0,1.0,66.0,1.0,6.0,18.0,5.0,3.0,6.0,6.0
2018-11-23 09:00:00,30.0,52.0,31.0,49.0,34.0,15.0,1.0,9.0,19.0,44.0,40.0,20.0,38.0,1.0,39.0,12.0,84.0,24.0,49.0,81.0,24.0,6.0,10.0,21.0
2018-11-23 10:00:00,19.0,61.0,20.0,23.0,32.0,11.0,4.0,46.0,22.0,48.0,40.0,31.0,59.0,2.0,36.0,5.0,57.0,32.0,94.0,20.0,20.0,11.0,26.0,22.0
2018-11-23 11:00:00,12.0,48.0,20.0,19.0,13.0,7.0,18.0,13.0,16.0,19.0,26.0,20.0,31.0,3.0,20.0,5.0,58.0,12.0,13.0,24.0,16.0,7.0,10.0,19.0
2018-11-23 12:00:00,12.0,43.0,13.0,16.0,9.0,7.0,1.0,14.0,13.0,13.0,24.0,13.0,16.0,5.0,17.0,14.0,45.0,2.0,8.0,13.0,16.0,4.0,8.0,11.0
2018-11-23 13:00:00,9.0,31.0,18.0,12.0,6.0,6.0,1.0,5.0,9.0,14.0,14.0,8.0,18.0,2.0,16.0,32.0,43.0,1.0,3.0,12.0,11.0,4.0,5.0,9.0
2018-11-23 14:00:00,10.0,24.0,24.0,13.0,6.0,6.0,1.0,6.0,9.0,12.0,13.0,7.0,9.0,2.0,15.0,1.0,35.0,1.0,4.0,14.0,7.0,3.0,5.0,7.0
2018-11-23 15:00:00,10.0,28.0,15.0,12.0,8.0,6.0,1.0,6.0,9.0,11.0,13.0,9.0,8.0,2.0,17.0,2.0,40.0,1.0,5.0,16.0,9.0,3.0,5.0,7.0
2018-11-23 16:00:00,10.0,27.0,12.0,12.0,7.0,5.0,1.0,6.0,7.0,10.0,10.0,9.0,8.0,2.0,12.0,1.0,41.0,1.0,7.0,9.0,8.0,2.0,4.0,8.0
2018-11-23 17:00:00,9.0,33.0,9.0,6.0,6.0,5.0,1.0,5.0,5.0,8.0,12.0,8.0,7.0,1.0,12.0,1.0,30.0,1.0,6.0,19.0,9.0,1.0,3.0,7.0
2018-11-23 18:00:00,7.0,30.0,8.0,4.0,8.0,4.0,1.0,5.0,4.0,11.0,18.0,11.0,13.0,1.0,12.0,1.0,34.0,1.0,3.0,15.0,9.0,2.0,2.0,9.0
2018-11-23 19:00:00,7.0,35.0,7.0,5.0,11.0,8.0,1.0,4.0,6.0,16.0,17.0,12.0,17.0,2.0,16.0,1.0,43.0,1.0,5.0,85.0,12.0,3.0,2.0,10.0
2018-11-23 20:00:00,8.0,28.0,11.0,6.0,15.0,6.0,1.0,4.0,5.0,24.0,18.0,18.0,17.0,1.0,11.0,1.0,44.0,1.0,4.0,51.0,9.0,6.0,2.0,7.0
2018-11-23 21:00:00,6.0,29.0,6.0,9.0,6.0,5.0,1.0,4.0,5.0,14.0,18.0,21.0,19.0,1.0,13.0,1.0,43.0,1.0,6.0,51.0,10.0,8.0,2.0,8.0
2018-11-23 22:00:00,11.0,27.0,6.0,9.0,9.0,11.0,1.0,18.0,6.0,14.0,25.0,13.0,17.0,4.0,16.0,1.0,39.0,3.0,42.0,65.0,13.0,8.0,3.0,7.0
2018-11-23 23:00:00,6.0,22.0,3.0,20.0,10.0,25.0,1.0,30.0,8.0,16.0,5.0,10.0,26.0,8.0,12.0,1.0,35.0,1.0,47.0,80.0,9.0,7.0,2.0,6.0
2018-11-24 00:00:00,7.0,16.0,2.0,14.0,3.0,13.0,1.0,45.0,7.0,6.0,6.0,4.0,15.0,1.0,9.0,1.0,18.0,2.0,51.0,65.0,4.0,11.0,4.0,5.0
2018-11-24 01:00:00,5.0,12.0,2.0,10.0,8.0,7.0,1.0,33.0,6.0,4.0,4.0,2.0,8.0,3.0,5.0,1.0,16.0,1.0,61.0,35.0,2.0,8.0,4.0,5.0
2018-11-24 02:00:00,6.0,14.0,1.0,3.0,14.0,9.0,1.0,32.0,6.0,5.0,7.0,4.0,6.0,11.0,4.0,1.0,19.0,2.0,43.0,42.0,3.0,5.0,7.0,8.0
2018-11-24 03:00:00,47.0,19.0,2.0,10.0,23.0,10.0,1.0,13.0,6.0,4.0,5.0,2.0,5.0,31.0,4.0,2.0,14.0,1.0,17.0,41.0,9.0,5.0,25.0,6.0
2018-11-24 04:00:00,95.0,27.0,8.0,20.0,23.0,38.0,1.0,4.0,16.0,8.0,6.0,2.0,8.0,15.0,9.0,10.0,13.0,1.0,22.0,42.0,5.0,2.0,12.0,11.0
2018-11-24 05:00:00,71.0,21.0,15.0,7.0,3.0,34.0,6.0,6.0,21.0,9.0,31.0,12.0,2.0,24.0,8.0,4.0,21.0,1.0,47.0,41.0,2.0,2.0,9.0,5.0
2018-11-24 06:00:00,54.0,17.0,14.0,2.0,14.0,33.0,5.0,12.0,51.0,4.0,34.0,11.0,9.0,25.0,22.0,5.0,37.0,1.0,63.0,22.0,12.0,2.0,10.0,12.0
2018-11-24 07:00:00,46.0,29.0,32.0,26.0,64.0,13.0,2.0,21.0,28.0,15.0,33.0,27.0,12.0,31.0,20.0,8.0,33.0,2.0,16.0,21.0,13.0,3.0,15.0,19.0
2018-11-24 08:00:00,38.0,35.0,39.0,26.0,103.0,9.0,3.0,22.0,42.0,57.0,32.0,27.0,20.0,40.0,22.0,11.0,50.0,48.0,38.0,19.0,18.0,4.0,8.0,21.0
2018-11-24 09:00:00,59.0,44.0,33.0,31.0,37.0,20.0,3.0,28.0,59.0,29.0,43.0,8.0,69.0,47.0,38.0,16.0,28.0,37.0,30.0,38.0,10.0,5.0,9.0,16.0
2018-11-24 10:00:00,78.0,47.0,19.0,16.0,59.0,50.0,8.0,26.0,74.0,29.0,46.0,9.0,50.0,42.0,25.0,31.0,17.0,18.0,27.0,74.0,11.0,3.0,13.0,12.0
2018-11-24 11:00:00,70.0,49.0,16.0,34.0,33.0,69.0,18.0,16.0,66.0,47.0,60.0,35.0,31.0,45.0,28.0,32.0,16.0,26.0,23.0,96.0,10.0,2.0,13.0,19.0
2018-11-24 12:00:00,59.0,47.0,40.0,22.0,14.0,28.0,33.0,9.0,44.0,28.0,69.0,35.0,19.0,11.0,51.0,22.0,30.0,19.0,18.0,40.0,20.0,4.0,16.0,19.0
2018-11-24 13:00:00,23.0,21.0,67.0,23.0,15.0,20.0,16.0,17.0,22.0,29.0,48.0,33.0,29.0,9.0,25.0,7.0,44.0,5.0,21.0,41.0,36.0,4.0,14.0,38.0
2018-11-24 14:00:00,24.0,23.0,31.0,12.0,19.0,18.0,17.0,41.0,16.0,18.0,29.0,25.0,15.0,11.0,18.0,9.0,43.0,2.0,19.0,34.0,45.0,6.0,15.0,41.0
2018-11-24 15:00:00,23.0,27.0,36.0,15.0,12.0,21.0,17.0,48.0,18.0,21.0,24.0,21.0,14.0,7.0,23.0,7.0,36.0,2.0,55.0,53.0,37.0,8.0,27.0,23.0
2018-11-24 16:00:00,10.0,15.0,11.0,27.0,9.0,15.0,9.0,26.0,14.0,13.0,19.0,10.0,14.0,6.0,12.0,4.0,29.0,1.0,25.0,31.0,18.0,6.0,23.0,13.0
2018-11-24 17:00:00,9.0,12.0,31.0,29.0,6.0,12.0,8.0,26.0,14.0,7.0,12.0,7.0,9.0,5.0,15.0,4.0,24.0,2.0,25.0,29.0,28.0,3.0,21.0,19.0
2018-11-24 18:00:00,24.0,32.0,30.0,42.0,12.0,14.0,5.0,5.0,19.0,31.0,27.0,27.0,17.0,3.0,34.0,4.0,30.0,20.0,20.0,33.0,27.0,3.0,26.0,25.0
2018-11-24 19:00:00,64.0,72.0,67.0,54.0,61.0,45.0,6.0,54.0,34.0,74.0,75.0,74.0,61.0,41.0,57.0,15.0,57.0,62.0,54.0,138.0,69.0,16.0,49.0,47.0
2018-11-24 20:00:00,112.0,126.0,126.0,95.0,123.0,67.0,8.0,75.0,46.0,101.0,69.0,100.0,62.0,75.0,95.0,51.0,96.0,152.0,72.0,170.0,90.0,12.0,45.0,88.0
2018-11-24 21:00:00,166.0,128.0,94.0,102.0,119.0,88.0,21.0,95.0,76.0,112.0,57.0,136.0,52.0,87.0,81.0,85.0,64.0,40.0,132.0,364.0,117.0,21.0,19.0,120.0
2018-11-24 22:00:00,144.0,97.0,48.0,64.0,37.0,132.0,47.0,95.0,58.0,49.0,43.0,105.0,38.0,68.0,56.0,71.0,45.0,4.0,158.0,246.0,82.0,13.0,41.0,120.0
2018-11-24 23:00:00,168.0,73.0,45.0,23.0,19.0,113.0,46.0,78.0,53.0,19.0,36.0,77.0,22.0,33.0,54.0,47.0,33.0,1.0,113.0,91.0,67.0,12.0,110.0,57.0
2018-11-25 00:00:00,77.0,31.0,30.0,9.0,7.0,23.0,34.0,79.0,24.0,10.0,26.0,84.0,9.0,12.0,24.0,16.0,18.0,1.0,122.0,64.0,59.0,6.0,66.0,42.0
2018-11-25 01:00:00,50.0,12.0,14.0,4.0,3.0,16.0,22.0,34.0,12.0,5.0,7.0,44.0,4.0,4.0,9.0,2.0,10.0,1.0,56.0,31.0,4.0,4.0,6.0,28.0
2018-11-25 02:00:00,28.0,7.0,9.0,2.0,2.0,4.0,26.0,5.0,9.0,3.0,8.0,27.0,3.0,1.0,6.0,1.0,7.0,1.0,10.0,18.0,1.0,7.0,1.0,12.0
2018-11-25 03:00:00,13.0,8.0,8.0,1.0,1.0,4.0,23.0,1.0,8.0,4.0,5.0,15.0,2.0,1.0,7.0,1.0,9.0,1.0,1.0,10.0,3.0,3.0,1.0,25.0
2018-11-25 04:00:00,14.0,8.0,11.0,1.0,1.0,14.0,27.0,1.0,8.0,3.0,6.0,2.0,2.0,1.0,3.0,1.0,19.0,1.0,1.0,9.0,4.0,3.0,1.0,10.0
2018-11-25 05:00:00,14.0,12.0,6.0,1.0,1.0,9.0,17.0,2.0,10.0,8.0,3.0,2.0,2.0,1.0,3.0,1.0,10.0,1.0,3.0,11.0,15.0,2.0,4.0,4.0
2018-11-25 06:00:00,16.0,4.0,7.0,1.0,2.0,4.0,3.0,2.0,16.0,3.0,2.0,5.0,3.0,1.0,4.0,1.0,9.0,1.0,3.0,12.0,20.0,1.0,4.0,11.0
2018-11-25 07:00:00,16.0,13.0,5.0,1.0,6.0,10.0,4.0,16.0,23.0,2.0,3.0,3.0,3.0,1.0,4.0,1.0,6.0,1.0,25.0,26.0,12.0,1.0,6.0,7.0
2018-11-25 08:00:00,8.0,11.0,4.0,4.0,3.0,10.0,5.0,14.0,10.0,2.0,2.0,3.0,4.0,5.0,4.0,1.0,5.0,1.0,15.0,37.0,1.0,1.0,5.0,4.0
2018-11-25 09:00:00,7.0,13.0,2.0,6.0,4.0,8.0,1.0,2.0,13.0,2.0,4.0,4.0,3.0,4.0,2.0,1.0,10.0,1.0,2.0,10.0,4.0,2.0,2.0,4.0
2018-11-25 10:00:00,8.0,9.0,3.0,5.0,4.0,9.0,1.0,3.0,10.0,3.0,4.0,7.0,5.0,2.0,2.0,1.0,16.0,1.0,1.0,8.0,3.0,3.0,3.0,11.0
2018-11-25 11:00:00,8.0,12.0,2.0,4.0,4.0,5.0,1.0,4.0,9.0,4.0,5.0,7.0,4.0,1.0,4.0,1.0,13.0,1.0,4.0,8.0,5.0,2.0,3.0,7.0
2018-11-25 12:00:00,7.0,16.0,4.0,5.0,6.0,4.0,1.0,5.0,9.0,5.0,7.0,7.0,5.0,2.0,7.0,2.0,16.0,1.0,4.0,10.0,5.0,2.0,4.0,7.0
2018-11-25 13:00:00,6.0,12.0,3.0,6.0,6.0,5.0,1.0,5.0,8.0,6.0,8.0,7.0,5.0,2.0,5.0,2.0,19.0,1.0,3.0,8.0,8.0,2.0,4.0,7.0
2018-11-25 14:00:00,7.0,14.0,5.0,6.0,7.0,6.0,1.0,5.0,9.0,5.0,8.0,7.0,6.0,2.0,6.0,2.0,16.0,1.0,5.0,9.0,7.0,2.0,4.0,6.0
2018-11-25 15:00:00,7.0,16.0,6.0,5.0,7.0,4.0,1.0,3.0,9.0,6.0,8.0,7.0,6.0,1.0,7.0,1.0,19.0,1.0,3.0,6.0,7.0,2.0,4.0,7.0
2018-11-25 16:00:00,6.0,11.0,2.0,3.0,3.0,3.0,1.0,2.0,8.0,4.0,6.0,6.0,4.0,1.0,4.0,1.0,15.0,1.0,2.0,6.0,3.0,1.0,3.0,5.0
2018-11-25 17:00:00,6.0,10.0,2.0,3.0,4.0,2.0,1.0,2.0,7.0,3.0,4.0,4.0,4.0,1.0,3.0,1.0,14.0,1.0,1.0,4.0,2.0,1.0,2.0,4.0
2018-11-25 18:00:00,7.0,14.0,2.0,3.0,5.0,4.0,1.0,2.0,7.0,3.0,7.0,6.0,3.0,1.0,5.0,1.0,15.0,1.0,1.0,7.0,3.0,2.0,1.0,5.0
2018-11-25 19:00:00,11.0,18.0,2.0,3.0,4.0,3.0,1.0,2.0,8.0,3.0,4.0,74.0,3.0,1.0,6.0,1.0,20.0,1.0,1.0,12.0,3.0,2.0,1.0,5.0
2018-11-25 20:00:00,10.0,14.0,3.0,3.0,4.0,6.0,1.0,1.0,8.0,3.0,5.0,100.0,3.0,1.0,6.0,1.0,21.0,1.0,1.0,8.0,4.0,1.0,1.0,5.0
2018-11-25 21:00:00,10.0,13.0,2.0,3.0,5.0,2.0,1.0,2.0,7.0,3.0,5.0,136.0,4.0,1.0,4.0,1.0,16.0,1.0,1.0,11.0,4.0,1.0,1.0,4.0
2018-11-25 22:00:00,7.0,12.0,2.0,2.0,3.0,2.0,1.0,1.0,7.0,3.0,4.0,6.0,4.0,1.0,4.0,1.0,12.0,1.0,1.0,3.0,3.0,1.0,1.0,4.0
2018-11-25 23:00:00,6.0,9.0,1.0,1.0,3.0,2.0,1.0,1.0,7.0,2.0,2.0,3.0,3.0,1.0,2.0,1.0,9.0,1.0,1.0,8.0,1.0,1.0,1.0,4.0
2018-11-26 00:00:00,5.0,4.0,1.0,1.0,1.0,1.0,1.0,1.0,6.0,2.0,2.0,3.0,2.0,1.0,1.0,1.0,8.0,1.0,1.0,7.0,1.0,1.0,1.0,4.0
2018-11-26 01:00:00,3.0,5.0,1.0,1.0,1.0,1.0,1.0,1.0,6.0,1.0,3.0,3.0,1.0,1.0,1.0,1.0,4.0,1.0,1.0,3.0,1.0,1.0,1.0,3.0
2018-11-26 02:00:00,4.0,2.0,1.0,1.0,1.0,1.0,1.0,1.0,6.0,1.0,4.0,1.0,1.0,1.0,1.0,1.0,2.0,1.0,1.0,2.0,1.0,1.0,1.0,3.0
2018-11-26 03:00:00,2.0,3.0,1.0,1.0,1.0,1.0,1.0,1.0,6.0,1.0,1.0,1.0,1.0,1.0,1.0,1.0,2.0,1.0,1.0,2.0,1.0,1.0,1.0,3.0
2018-11-26 04:00:00,2.0,2.0,1.0,1.0,1.0,1.0,1.0,1.0,2.0,1.0,2.0,1.0,1.0,1.0,1.0,1.0,1.0,1.0,1.0,1.0,1.0,1.0,1.0,4.0
2018-11-26 05:00:00,2.0,1.0,1.0,1.0,1.0,1.0,1.0,1.0,9.0,1.0,4.0,1.0,1.0,1.0,1.0,1.0,1.0,1.0,1.0,1.0,1.0,1.0,1.0,4.0
2018-11-26 06:00:00,2.0,2.0,1.0,1.0,1.0,1.0,1.0,1.0,3.0,1.0,1.0,1.0,1.0,1.0,1.0,1.0,2.0,1.0,1.0,1.0,1.0,1.0,1.0,4.0
2018-11-26 07:00:00,3.0,11.0,2.0,1.0,2.0,1.0,1.0,2.0,4.0,4.0,3.0,3.0,4.0,1.0,2.0,1.0,13.0,1.0,1.0,3.0,1.0,1.0,1.0,4.0
2018-11-26 08:00:00,8.0,27.0,4.0,5.0,9.0,4.0,1.0,3.0,6.0,7.0,16.0,10.0,9.0,1.0,7.0,1.0,40.0,1.0,7.0,10.0,3.0,4.0,2.0,9.0
2018-11-26 09:00:00,11.0,40.0,23.0,8.0,11.0,4.0,1.0,4.0,13.0,10.0,20.0,15.0,16.0,1.0,11.0,1.0,53.0,1.0,8.0,11.0,6.0,3.0,3.0,12.0
2018-11-26 10:00:00,11.0,42.0,16.0,8.0,9.0,7.0,1.0,4.0,19.0,15.0,20.0,19.0,18.0,3.0,13.0,3.0,47.0,1.0,5.0,19.0,9.0,4.0,5.0,10.0
2018-11-26 11:00:00,11.0,42.0,12.0,7.0,7.0,6.0,1.0,3.0,25.0,12.0,12.0,12.0,13.0,3.0,12.0,9.0,34.0,1.0,3.0,10.0,8.0,2.0,4.0,8.0
2018-11-26 12:00:00,18.0,22.0,15.0,6.0,6.0,4.0,1.0,2.0,15.0,10.0,15.0,9.0,7.0,2.0,10.0,4.0,23.0,1.0,2.0,7.0,6.0,3.0,4.0,7.0
2018-11-26 13:00:00,19.0,20.0,22.0,7.0,5.0,5.0,1.0,11.0,13.0,13.0,14.0,7.0,9.0,2.0,9.0,3.0,32.0,1.0,6.0,8.0,8.0,2.0,6.0,6.0
2018-11-26 14:00:00,20.0,13.0,22.0,7.0,5.0,4.0,1.0,8.0,12.0,10.0,18.0,3.0,8.0,2.0,8.0,2.0,38.0,1.0,5.0,14.0,6.0,2.0,2.0,6.0
2018-11-26 15:00:00,22.0,11.0,20.0,6.0,6.0,4.0,1.0,5.0,14.0,12.0,21.0,4.0,8.0,4.0,11.0,1.0,41.0,1.0,4.0,15.0,8.0,2.0,2.0,8.0
2018-11-26 16:00:00,13.0,17.0,18.0,6.0,15.0,4.0,1.0,3.0,10.0,9.0,15.0,6.0,6.0,2.0,10.0,1.0,31.0,1.0,3.0,7.0,7.0,3.0,3.0,7.0
2018-11-26 17:00:00,10.0,12.0,19.0,7.0,6.0,5.0,1.0,2.0,10.0,14.0,13.0,6.0,9.0,2.0,10.0,1.0,32.0,1.0,3.0,12.0,6.0,3.0,3.0,6.0
2018-11-26 18:00:00,14.0,37.0,32.0,11.0,8.0,5.0,1.0,7.0,8.0,18.0,24.0,18.0,10.0,1.0,12.0,1.0,45.0,1.0,6.0,7.0,14.0,4.0,2.0,9.0
2018-11-26 19:00:00,17.0,46.0,36.0,19.0,20.0,5.0,1.0,22.0,10.0,19.0,35.0,10.0,15.0,1.0,25.0,1.0,67.0,1.0,31.0,14.0,16.0,7.0,3.0,16.0
2018-11-26 20:00:00,23.0,73.0,51.0,31.0,21.0,11.0,1.0,9.0,15.0,32.0,42.0,23.0,20.0,1.0,26.0,2.0,84.0,6.0,9.0,34.0,21.0,3.0,1.0,20.0
2018-11-26 21:00:00,11.0,51.0,20.0,46.0,24.0,6.0,1.0,20.0,10.0,44.0,30.0,12.0,36.0,2.0,24.0,1.0,63.0,3.0,50.0,22.0,34.0,4.0,20.0,13.0
2018-11-26 22:00:00,9.0,29.0,15.0,28.0,9.0,4.0,1.0,41.0,7.0,10.0,14.0,11.0,17.0,1.0,14.0,1.0,35.0,2.0,20.0,16.0,8.0,2.0,13.0,6.0
2018-11-26 23:00:00,5.0,16.0,7.0,9.0,7.0,3.0,1.0,27.0,6.0,5.0,5.0,10.0,9.0,1.0,4.0,1.0,29.0,1.0,25.0,4.0,4.0,4.0,5.0,6.0
2018-11-27 00:00:00,4.0,5.0,4.0,2.0,3.0,3.0,1.0,11.0,6.0,3.0,9.0,5.0,5.0,1.0,3.0,1.0,21.0,1.0,30.0,5.0,1.0,3.0,2.0,4.0
2018-11-27 01:00:00,3.0,2.0,4.0,2.0,2.0,2.0,1.0,8.0,8.0,2.0,7.0,3.0,3.0,1.0,2.0,1.0,11.0,1.0,15.0,11.0,1.0,1.0,1.0,4.0
2018-11-27 02:00:00,3.0,3.0,3.0,1.0,2.0,2.0,1.0,4.0,5.0,1.0,3.0,1.0,1.0,1.0,2.0,1.0,5.0,1.0,16.0,3.0,4.0,1.0,1.0,4.0
2018-11-27 03:00:00,3.0,3.0,1.0,1.0,1.0,2.0,1.0,33.0,4.0,1.0,2.0,2.0,2.0,1.0,1.0,1.0,4.0,1.0,49.0,3.0,3.0,1.0,1.0,4.0
2018-11-27 04:00:00,6.0,4.0,1.0,1.0,1.0,1.0,11.0,47.0,11.0,1.0,1.0,1.0,1.0,1.0,1.0,1.0,2.0,1.0,56.0,4.0,2.0,1.0,1.0,4.0
2018-11-27 05:00:00,34.0,5.0,1.0,1.0,1.0,4.0,1.0,39.0,8.0,1.0,1.0,1.0,1.0,1.0,1.0,1.0,3.0,2.0,73.0,6.0,5.0,1.0,2.0,4.0
2018-11-27 06:00:00,33.0,7.0,6.0,1.0,4.0,12.0,1.0,38.0,8.0,3.0,8.0,10.0,2.0,1.0,1.0,1.0,11.0,19.0,111.0,35.0,18.0,2.0,6.0,4.0
2018-11-27 07:00:00,79.0,24.0,18.0,37.0,27.0,26.0,5.0,53.0,8.0,30.0,22.0,35.0,19.0,10.0,10.0,1.0,47.0,103.0,96.0,88.0,35.0,13.0,53.0,16.0
2018-11-27 08:00:00,138.0,71.0,98.0,151.0,81.0,33.0,1.0,74.0,22.0,138.0,70.0,124.0,95.0,117.0,38.0,8.0,120.0,166.0,150.0,52.0,81.0,45.0,83.0,67.0
2018-11-27 09:00:00,256.0,192.0,151.0,240.0,113.0,92.0,13.0,107.0,89.0,173.0,175.0,179.0,95.0,129.0,64.0,93.0,238.0,94.0,209.0,167.0,148.0,60.0,152.0,200.0
2018-11-27 10:00:00,241.0,215.0,187.0,193.0,165.0,148.0,24.0,103.0,163.0,151.0,109.0,191.0,108.0,150.0,108.0,137.0,210.0,82.0,178.0,238.0,240.0,40.0,191.0,249.0
2018-11-27 11:00:00,172.0,126.0,129.0,93.0,102.0,169.0,108.0,86.0,122.0,81.0,83.0,85.0,75.0,104.0,121.0,87.0,162.0,35.0,117.0,171.0,206.0,14.0,155.0,134.0
2018-11-27 12:00:00,125.0,115.0,70.0,82.0,72.0,116.0,24.0,64.0,131.0,70.0,78.0,63.0,63.0,81.0,79.0,92.0,97.0,19.0,66.0,125.0,143.0,12.0,105.0,50.0
2018-11-27 13:00:00,43.0,98.0,59.0,78.0,23.0,13.0,3.0,47.0,50.0,64.0,46.0,35.0,56.0,47.0,60.0,61.0,76.0,32.0,53.0,43.0,34.0,15.0,66.0,31.0
2018-11-27 14:00:00,16.0,45.0,18.0,37.0,7.0,10.0,3.0,47.0,14.0,26.0,15.0,16.0,28.0,7.0,23.0,9.0,44.0,10.0,43.0,19.0,17.0,6.0,38.0,12.0
2018-11-27 15:00:00,14.0,30.0,13.0,11.0,7.0,7.0,2.0,13.0,11.0,15.0,12.0,9.0,11.0,3.0,16.0,4.0,40.0,1.0,12.0,16.0,9.0,4.0,8.0,9.0
2018-11-27 16:00:00,10.0,22.0,11.0,13.0,7.0,5.0,1.0,12.0,9.0,11.0,14.0,8.0,13.0,2.0,19.0,2.0,40.0,1.0,10.0,17.0,7.0,3.0,8.0,8.0
2018-11-27 17:00:00,6.0,29.0,9.0,14.0,13.0,4.0,1.0,14.0,9.0,9.0,14.0,10.0,14.0,1.0,12.0,1.0,44.0,1.0,9.0,13.0,6.0,5.0,6.0,9.0
2018-11-27 18:00:00,7.0,38.0,11.0,16.0,16.0,6.0,1.0,28.0,8.0,16.0,25.0,20.0,16.0,1.0,15.0,1.0,53.0,1.0,22.0,66.0,15.0,16.0,7.0,11.0
2018-11-27 19:00:00,34.0,48.0,15.0,17.0,95.0,15.0,1.0,79.0,7.0,44.0,32.0,34.0,43.0,2.0,17.0,1.0,79.0,16.0,60.0,229.0,40.0,20.0,47.0,20.0
2018-11-27 20:00:00,47.0,61.0,49.0,48.0,235.0,27.0,12.0,179.0,16.0,128.0,42.0,65.0,89.0,14.0,25.0,1.0,103.0,201.0,120.0,209.0,73.0,20.0,79.0,85.0
2018-11-27 21:00:00,92.0,72.0,44.0,93.0,309.0,60.0,34.0,169.0,27.0,172.0,37.0,86.0,91.0,76.0,51.0,3.0,83.0,224.0,338.0,219.0,125.0,26.0,83.0,90.0
2018-11-27 22:00:00,97.0,123.0,51.0,120.0,284.0,150.0,36.0,161.0,96.0,164.0,42.0,119.0,150.0,197.0,42.0,34.0,67.0,213.0,406.0,319.0,47.0,20.0,143.0,93.0
2018-11-27 23:00:00,223.0,191.0,122.0,154.0,264.0,173.0,35.0,107.0,156.0,135.0,99.0,78.0,94.0,200.0,133.0,108.0,83.0,205.0,174.0,211.0,119.0,17.0,148.0,81.0
2018-11-28 00:00:00,134.0,198.0,208.0,207.0,268.0,94.0,46.0,43.0,135.0,121.0,106.0,186.0,141.0,227.0,146.0,124.0,96.0,115.0,77.0,155.0,97.0,7.0,102.0,88.0
2018-11-28 01:00:00,89.0,243.0,170.0,117.0,217.0,74.0,58.0,29.0,64.0,187.0,35.0,169.0,146.0,101.0,110.0,204.0,102.0,127.0,60.0,98.0,30.0,10.0,43.0,90.0
2018-11-28 02:00:00,118.0,225.0,65.0,64.0,124.0,72.0,24.0,32.0,143.0,198.0,60.0,89.0,139.0,122.0,110.0,211.0,37.0,121.0,99.0,115.0,8.0,9.0,14.0,24.0
2018-11-28 03:00:00,75.0,156.0,33.0,42.0,153.0,46.0,30.0,11.0,112.0,116.0,95.0,41.0,109.0,117.0,42.0,179.0,42.0,84.0,38.0,36.0,6.0,5.0,12.0,14.0
2018-11-28 04:00:00,54.0,95.0,48.0,40.0,171.0,44.0,36.0,7.0,85.0,71.0,63.0,51.0,87.0,53.0,58.0,95.0,49.0,74.0,23.0,44.0,8.0,7.0,8.0,18.0
2018-11-28 05:00:00,43.0,78.0,43.0,37.0,166.0,50.0,37.0,8.0,59.0,75.0,63.0,51.0,75.0,42.0,51.0,64.0,77.0,60.0,19.0,60.0,6.0,10.0,5.0,16.0
2018-11-28 06:00:00,62.0,59.0,31.0,24.0,153.0,48.0,33.0,18.0,49.0,64.0,70.0,56.0,109.0,39.0,37.0,45.0,34.0,63.0,19.0,61.0,6.0,14.0,7.0,22.0
2018-11-28 07:00:00,74.0,96.0,30.0,23.0,196.0,65.0,27.0,42.0,52.0,71.0,110.0,48.0,111.0,42.0,28.0,55.0,24.0,131.0,47.0,61.0,13.0,24.0,4.0,34.0
2018-11-28 08:00:00,137.0,106.0,43.0,46.0,260.0,87.0,21.0,93.0,112.0,132.0,160.0,88.0,113.0,85.0,41.0,63.0,53.0,159.0,89.0,92.0,32.0,43.0,9.0,72.0
2018-11-28 09:00:00,181.0,180.0,118.0,120.0,276.0,133.0,39.0,111.0,213.0,184.0,141.0,187.0,115.0,158.0,107.0,71.0,96.0,150.0,176.0,113.0,80.0,36.0,56.0,119.0
2018-11-28 10:00:00,209.0,182.0,93.0,104.0,302.0,146.0,71.0,66.0,245.0,205.0,214.0,112.0,141.0,184.0,103.0,96.0,83.0,121.0,102.0,179.0,110.0,18.0,59.0,153.0
2018-11-28 11:00:00,169.0,120.0,74.0,67.0,265.0,139.0,87.0,49.0,193.0,113.0,123.0,148.0,99.0,160.0,93.0,104.0,57.0,76.0,67.0,147.0,63.0,20.0,44.0,71.0
2018-11-28 12:00:00,207.0,95.0,68.0,70.0,84.0,101.0,108.0,32.0,155.0,49.0,212.0,114.0,48.0,127.0,93.0,67.0,56.0,46.0,44.0,104.0,32.0,40.0,28.0,44.0
2018-11-28 13:00:00,105.0,85.0,98.0,53.0,39.0,77.0,67.0,27.0,85.0,62.0,139.0,128.0,41.0,36.0,101.0,56.0,149.0,31.0,34.0,69.0,36.0,38.0,27.0,57.0
2018-11-28 14:00:00,52.0,64.0,90.0,57.0,38.0,41.0,67.0,27.0,50.0,49.0,91.0,90.0,36.0,30.0,92.0,30.0,127.0,27.0,36.0,51.0,57.0,46.0,37.0,74.0
2018-11-28 15:00:00,52.0,60.0,73.0,46.0,31.0,52.0,50.0,32.0,46.0,45.0,59.0,53.0,29.0,28.0,59.0,27.0,109.0,6.0,35.0,65.0,57.0,52.0,40.0,80.0
2018-11-28 16:00:00,58.0,64.0,79.0,56.0,33.0,46.0,51.0,27.0,55.0,54.0,67.0,53.0,41.0,37.0,62.0,39.0,107.0,8.0,33.0,56.0,54.0,37.0,37.0,43.0
2018-11-28 17:00:00,56.0,80.0,85.0,70.0,24.0,52.0,50.0,24.0,52.0,77.0,83.0,58.0,52.0,37.0,77.0,42.0,122.0,31.0,47.0,81.0,54.0,42.0,32.0,59.0
2018-11-28 18:00:00,93.0,115.0,100.0,88.0,34.0,83.0,34.0,26.0,59.0,95.0,111.0,56.0,69.0,59.0,79.0,43.0,118.0,59.0,77.0,148.0,87.0,52.0,43.0,85.0
2018-11-28 19:00:00,267.0,131.0,108.0,152.0,121.0,75.0,29.0,134.0,67.0,150.0,114.0,138.0,63.0,49.0,111.0,52.0,86.0,87.0,185.0,313.0,153.0,53.0,74.0,111.0
2018-11-28 20:00:00,235.0,117.0,169.0,213.0,238.0,159.0,105.0,173.0,85.0,139.0,195.0,215.0,55.0,82.0,146.0,50.0,127.0,258.0,215.0,449.0,231.0,58.0,98.0,157.0
2018-11-28 21:00:00,294.0,149.0,180.0,234.0,329.0,222.0,112.0,166.0,80.0,210.0,246.0,262.0,115.0,134.0,184.0,75.0,146.0,366.0,248.0,224.0,172.0,62.0,86.0,189.0
2018-11-28 22:00:00,247.0,188.0,185.0,228.0,430.0,188.0,107.0,115.0,179.0,215.0,276.0,298.0,188.0,250.0,190.0,115.0,165.0,304.0,122.0,168.0,127.0,49.0,76.0,205.0
2018-11-28 23:00:00,162.0,264.0,219.0,186.0,405.0,182.0,135.0,47.0,191.0,297.0,290.0,255.0,301.0,198.0,172.0,166.0,151.0,303.0,58.0,166.0,121.0,43.0,83.0,199.0
2018-11-29 00:00:00,125.0,166.0,138.0,65.0,253.0,134.0,105.0,53.0,212.0,125.0,152.0,255.0,188.0,138.0,144.0,224.0,79.0,197.0,69.0,115.0,46.0,47.0,16.0,113.0
2018-11-29 01:00:00,137.0,83.0,50.0,59.0,282.0,109.0,110.0,40.0,134.0,95.0,154.0,149.0,143.0,116.0,64.0,166.0,44.0,108.0,99.0,105.0,18.0,34.0,15.0,37.0
2018-11-29 02:00:00,91.0,47.0,29.0,19.0,205.0,82.0,104.0,12.0,111.0,60.0,95.0,54.0,78.0,86.0,30.0,79.0,33.0,82.0,17.0,66.0,21.0,28.0,6.0,39.0
2018-11-29 03:00:00,79.0,13.0,7.0,4.0,142.0,80.0,69.0,6.0,65.0,7.0,20.0,30.0,14.0,70.0,10.0,32.0,22.0,11.0,8.0,77.0,9.0,26.0,3.0,32.0
2018-11-29 04:00:00,80.0,8.0,2.0,2.0,154.0,67.0,48.0,4.0,17.0,4.0,12.0,14.0,8.0,62.0,3.0,12.0,7.0,14.0,6.0,64.0,5.0,23.0,1.0,16.0
2018-11-29 05:00:00,62.0,7.0,2.0,1.0,136.0,49.0,44.0,7.0,30.0,4.0,6.0,11.0,4.0,53.0,2.0,3.0,3.0,5.0,10.0,55.0,4.0,19.0,1.0,9.0
2018-11-29 06:00:00,51.0,9.0,4.0,4.0,135.0,64.0,37.0,11.0,32.0,12.0,10.0,7.0,5.0,45.0,3.0,3.0,5.0,48.0,13.0,76.0,3.0,20.0,2.0,11.0
2018-11-29 07:00:00,81.0,25.0,15.0,15.0,189.0,88.0,33.0,37.0,27.0,36.0,16.0,23.0,25.0,56.0,10.0,6.0,21.0,72.0,49.0,117.0,14.0,30.0,4.0,28.0
2018-11-29 08:00:00,141.0,70.0,44.0,44.0,253.0,116.0,27.0,70.0,91.0,92.0,57.0,58.0,54.0,116.0,36.0,18.0,53.0,97.0,99.0,117.0,37.0,49.0,10.0,88.0
2018-11-29 09:00:00,222.0,116.0,70.0,62.0,276.0,190.0,39.0,55.0,138.0,125.0,113.0,132.0,80.0,203.0,77.0,53.0,106.0,119.0,65.0,159.0,90.0,54.0,25.0,156.0
2018-11-29 10:00:00,338.0,110.0,75.0,59.0,244.0,204.0,55.0,41.0,153.0,82.0,109.0,102.0,71.0,233.0,71.0,56.0,72.0,127.0,66.0,208.0,97.0,54.0,24.0,158.0
2018-11-29 11:00:00,240.0,76.0,33.0,47.0,181.0,164.0,103.0,48.0,88.0,56.0,56.0,55.0,53.0,47.0,39.0,39.0,32.0,114.0,60.0,175.0,50.0,56.0,28.0,69.0
2018-11-29 12:00:00,125.0,63.0,30.0,26.0,48.0,80.0,90.0,49.0,75.0,60.0,45.0,34.0,37.0,55.0,29.0,25.0,19.0,75.0,43.0,89.0,25.0,28.0,22.0,27.0
2018-11-29 13:00:00,75.0,50.0,24.0,23.0,34.0,49.0,61.0,17.0,72.0,47.0,60.0,26.0,41.0,48.0,40.0,34.0,36.0,38.0,20.0,68.0,14.0,10.0,17.0,19.0
2018-11-29 14:00:00,74.0,62.0,79.0,36.0,30.0,50.0,47.0,32.0,74.0,51.0,82.0,40.0,54.0,53.0,77.0,44.0,99.0,29.0,23.0,73.0,22.0,9.0,18.0,23.0
2018-11-29 15:00:00,67.0,78.0,88.0,49.0,32.0,48.0,40.0,35.0,54.0,49.0,72.0,57.0,43.0,35.0,77.0,39.0,88.0,47.0,38.0,95.0,33.0,17.0,33.0,49.0
2018-11-29 16:00:00,82.0,69.0,81.0,66.0,33.0,53.0,39.0,39.0,63.0,52.0,70.0,42.0,45.0,35.0,68.0,35.0,85.0,28.0,45.0,82.0,56.0,32.0,46.0,46.0
2018-11-29 17:00:00,98.0,95.0,108.0,72.0,56.0,76.0,60.0,38.0,64.0,70.0,78.0,74.0,57.0,35.0,66.0,39.0,104.0,53.0,47.0,100.0,83.0,46.0,37.0,62.0
2018-11-29 18:00:00,109.0,131.0,103.0,65.0,79.0,118.0,66.0,98.0,90.0,142.0,132.0,107.0,62.0,51.0,74.0,38.0,146.0,152.0,106.0,180.0,153.0,60.0,48.0,100.0
2018-11-29 19:00:00,190.0,162.0,170.0,130.0,185.0,179.0,74.0,149.0,106.0,218.0,163.0,131.0,117.0,75.0,116.0,47.0,232.0,299.0,177.0,239.0,203.0,63.0,126.0,153.0
2018-11-29 20:00:00,263.0,222.0,142.0,217.0,304.0,193.0,93.0,205.0,146.0,285.0,147.0,160.0,211.0,156.0,124.0,73.0,204.0,338.0,201.0,223.0,154.0,64.0,228.0,161.0
2018-11-29 21:00:00,193.0,117.0,90.0,107.0,270.0,164.0,122.0,132.0,119.0,140.0,89.0,88.0,142.0,101.0,97.0,100.0,120.0,259.0,154.0,211.0,85.0,54.0,105.0,68.0
2018-11-29 22:00:00,123.0,100.0,42.0,54.0,88.0,60.0,26.0,121.0,102.0,73.0,74.0,91.0,99.0,94.0,61.0,55.0,94.0,183.0,101.0,74.0,40.0,53.0,49.0,58.0
2018-11-29 23:00:00,43.0,37.0,13.0,29.0,43.0,27.0,10.0,60.0,19.0,31.0,19.0,33.0,28.0,11.0,22.0,6.0,37.0,26.0,74.0,72.0,39.0,39.0,19.0,20.0
2018-11-30 00:00:00,19.0,25.0,2.0,5.0,22.0,4.0,9.0,23.0,10.0,21.0,8.0,10.0,18.0,3.0,6.0,1.0,24.0,2.0,41.0,18.0,5.0,25.0,10.0,8.0
2018-11-30 01:00:00,8.0,12.0,8.0,5.0,7.0,2.0,2.0,86.0,5.0,14.0,11.0,2.0,6.0,1.0,2.0,1.0,22.0,4.0,120.0,29.0,7.0,35.0,11.0,4.0
2018-11-30 02:00:00,6.0,4.0,1.0,2.0,4.0,1.0,1.0,35.0,6.0,3.0,3.0,2.0,10.0,2.0,2.0,1.0,8.0,6.0,38.0,12.0,2.0,26.0,15.0,4.0
2018-11-30 03:00:00,3.0,3.0,2.0,1.0,3.0,1.0,1.0,1.0,24.0,2.0,1.0,1.0,11.0,2.0,2.0,1.0,5.0,2.0,5.0,5.0,1.0,15.0,1.0,3.0
2018-11-30 04:00:00,2.0,3.0,2.0,1.0,4.0,1.0,1.0,3.0,5.0,3.0,2.0,1.0,4.0,1.0,1.0,1.0,4.0,1.0,8.0,2.0,1.0,5.0,1.0,3.0
2018-11-30 05:00:00,2.0,5.0,2.0,1.0,1.0,1.0,1.0,4.0,6.0,2.0,1.0,1.0,4.0,1.0,1.0,1.0,5.0,1.0,2.0,1.0,2.0,1.0,1.0,3.0
2018-11-30 06:00:00,2.0,3.0,2.0,1.0,2.0,3.0,1.0,3.0,6.0,2.0,2.0,1.0,5.0,1.0,2.0,1.0,8.0,1.0,14.0,8.0,2.0,1.0,1.0,3.0
2018-11-30 07:00:00,14.0,22.0,6.0,10.0,18.0,9.0,1.0,16.0,8.0,20.0,11.0,7.0,17.0,2.0,1.0,1.0,20.0,9.0,57.0,86.0,9.0,13.0,6.0,9.0
2018-11-30 08:00:00,103.0,111.0,37.0,68.0,38.0,38.0,1.0,17.0,47.0,136.0,56.0,43.0,56.0,107.0,31.0,2.0,30.0,116.0,91.0,269.0,24.0,36.0,57.0,33.0
2018-11-30 09:00:00,172.0,171.0,63.0,87.0,100.0,64.0,10.0,63.0,120.0,160.0,137.0,84.0,69.0,121.0,84.0,49.0,94.0,96.0,125.0,172.0,30.0,27.0,71.0,50.0
2018-11-30 10:00:00,160.0,205.0,65.0,131.0,114.0,66.0,22.0,78.0,149.0,138.0,169.0,92.0,92.0,114.0,101.0,111.0,98.0,51.0,131.0,76.0,36.0,35.0,62.0,69.0
2018-11-30 11:00:00,88.0,195.0,103.0,86.0,105.0,53.0,33.0,45.0,112.0,87.0,111.0,77.0,135.0,124.0,147.0,132.0,144.0,92.0,83.0,90.0,31.0,9.0,58.0,33.0
2018-11-30 12:00:00,93.0,131.0,53.0,58.0,81.0,47.0,31.0,21.0,102.0,67.0,121.0,74.0,70.0,106.0,101.0,86.0,89.0,32.0,43.0,103.0,44.0,32.0,37.0,37.0
2018-11-30 13:00:00,47.0,54.0,59.0,24.0,38.0,56.0,42.0,31.0,55.0,31.0,70.0,61.0,32.0,41.0,55.0,27.0,77.0,20.0,29.0,77.0,44.0,25.0,32.0,53.0
2018-11-30 14:00:00,25.0,30.0,48.0,26.0,12.0,19.0,20.0,18.0,29.0,24.0,43.0,26.0,19.0,14.0,34.0,12.0,52.0,4.0,16.0,35.0,31.0,10.0,15.0,26.0
2018-11-30 15:00:00,19.0,29.0,47.0,14.0,12.0,13.0,8.0,12.0,20.0,19.0,48.0,22.0,14.0,7.0,32.0,8.0,23.0,3.0,13.0,20.0,18.0,5.0,9.0,14.0
2018-11-30 16:00:00,13.0,24.0,16.0,9.0,16.0,10.0,5.0,8.0,11.0,16.0,38.0,15.0,13.0,4.0,20.0,4.0,28.0,5.0,9.0,20.0,19.0,4.0,6.0,15.0
2018-11-30 17:00:00,7.0,35.0,12.0,9.0,9.0,6.0,2.0,6.0,12.0,18.0,32.0,18.0,18.0,10.0,15.0,7.0,17.0,20.0,6.0,32.0,18.0,7.0,4.0,25.0
2018-11-30 18:00:00,15.0,61.0,23.0,8.0,20.0,8.0,1.0,11.0,11.0,29.0,34.0,26.0,32.0,6.0,17.0,5.0,77.0,69.0,37.0,14.0,36.0,15.0,2.0,32.0
2018-11-30 19:00:00,21.0,62.0,68.0,26.0,70.0,22.0,1.0,2.0,7.0,105.0,39.0,56.0,87.0,6.0,22.0,14.0,67.0,268.0,42.0,177.0,43.0,29.0,1.0,44.0
2018-11-30 20:00:00,57.0,73.0,21.0,82.0,85.0,34.0,2.0,13.0,22.0,135.0,22.0,14.0,115.0,28.0,5.0,8.0,23.0,364.0,45.0,208.0,11.0,15.0,4.0,18.0
2018-11-30 21:00:00,68.0,44.0,15.0,21.0,100.0,48.0,1.0,28.0,12.0,108.0,21.0,24.0,118.0,38.0,3.0,28.0,12.0,254.0,57.0,188.0,13.0,18.0,2.0,34.0
2018-11-30 22:00:00,153.0,48.0,34.0,30.0,121.0,107.0,6.0,87.0,15.0,96.0,26.0,50.0,71.0,72.0,3.0,13.0,21.0,155.0,192.0,490.0,20.0,22.0,2.0,36.0
2018-11-30 23:00:00,177.0,62.0,55.0,90.0,136.0,103.0,43.0,82.0,39.0,85.0,33.0,132.0,42.0,121.0,20.0,18.0,36.0,68.0,89.0,148.0,29.0,14.0,14.0,21.0
2018-12-01 00:00:00,133.0,31.0,41.0,61.0,206.0,91.0,50.0,85.0,38.0,61.0,22.0,76.0,24.0,128.0,24.0,24.0,27.0,47.0,105.0,101.0,18.0,10.0,28.0,27.0
