,ensayo_1,ensayo_1,ensayo_1,ensayo_1,ensayo_1,ensayo_1,ensayo_1,ensayo_1,ensayo_1,ensayo_1,ensayo_10,ensayo_10,ensayo_10,ensayo_10,ensayo_10,ensayo_10,ensayo_10,ensayo_10,ensayo_10,ensayo_10,ensayo_10,ensayo_10,ensayo_10,ensayo_12,ensayo_12,ensayo_12,ensayo_12,ensayo_12,ensayo_12,ensayo_12,ensayo_12,ensayo_12,ensayo_12,ensayo_12,ensayo_12,ensayo_12,ensayo_12,ensayo_12,ensayo_12,ensayo_12,ensayo_12,ensayo_12,ensayo_12,ensayo_12,ensayo_12,ensayo_12,ensayo_12,ensayo_14,ensayo_14,ensayo_14,ensayo_14,ensayo_14,ensayo_14,ensayo_14,ensayo_14,ensayo_14,ensayo_14,ensayo_14,ensayo_14,ensayo_14,ensayo_14,ensayo_20,ensayo_20,ensayo_20,ensayo_20,ensayo_20,ensayo_20,ensayo_30,ensayo_30,ensayo_30,ensayo_30,ensayo_30,ensayo_30,ensayo_42,ensayo_42,ensayo_42,ensayo_43,ensayo_43,ensayo_43,ensayo_44,ensayo_44,ensayo_44,ensayo_6,ensayo_6,ensayo_6,ensayo_6,ensayo_6,ensayo_6,ensayo_6,ensayo_6,ensayo_6,ensayo_6,ensayo_7,ensayo_7,ensayo_7,ensayo_7,ensayo_7,ensayo_7,ensayo_7,ensayo_7,ensayo_7,ensayo_7,ensayo_7,ensayo_7,ensayo_7,ensayo_7,ensayo_7,ensayo_7,ensayo_7,ensayo_7,ensayo_7,ensayo_7,ensayo_7,ensayo_7,ensayo_7,ensayo_7,ensayo_8,ensayo_8,ensayo_8,ensayo_8,ensayo_8,ensayo_8,ensayo_8,ensayo_8,ensayo_8,ensayo_8,ensayo_8,ensayo_8,ensayo_8,ensayo_8,ensayo_8,ensayo_8,ensayo_8,ensayo_8,ensayo_8,ensayo_8,ensayo_8,ensayo_8,ensayo_8,ensayo_8,ensayo_9,ensayo_9,ensayo_9,ensayo_9,ensayo_9,ensayo_9,ensayo_9
punto_muestreo,28079004,28079008,28079017,28079018,28079024,28079035,28079036,28079038,28079040,28079057,28079008,28079018,28079024,28079036,28079038,28079040,28079047,28079048,28079050,28079055,28079056,28079057,28079060,28079004,28079008,28079011,28079016,28079017,28079018,28079024,28079027,28079035,28079036,28079038,28079039,28079040,28079047,28079048,28079049,28079050,28079054,28079055,28079056,28079057,28079058,28079059,28079060,28079008,28079016,28079017,28079018,28079024,28079027,28079035,28079039,28079049,28079054,28079056,28079058,28079059,28079060,28079008,28079011,28079018,28079024,28079038,28079055,28079008,28079011,28079018,28079024,28079038,28079055,28079008,28079024,28079055,28079008,28079024,28079055,28079008,28079024,28079055,28079004,28079008,28079016,28079018,28079024,28079035,28079036,28079039,28079056,28079057,28079004,28079008,28079011,28079016,28079017,28079018,28079024,28079027,28079035,28079036,28079038,28079039,28079040,28079047,28079048,28079049,28079050,28079054,28079055,28079056,28079057,28079058,28079059,28079060,28079004,28079008,28079011,28079016,28079017,28079018,28079024,28079027,28079035,28079036,28079038,28079039,28079040,28079047,28079048,28079049,28079050,28079054,28079055,28079056,28079057,28079058,28079059,28079060,28079008,28079024,28079038,28079047,28079048,28079050,28079056
miDt,,,,,,,,,,,,,,,,,,,,,,,,,,,,,,,,,,,,,,,,,,,,,,,,,,,,,,,,,,,,,,,,,,,,,,,,,,,,,,,,,,,,,,,,,,,,,,,,,,,,,,,,,,,,,,,,,,,,,,,,,,,,,,,,,,,,,,,,,,,,,,,,,,,
2019-09-01 01:00:00,9.0,5.0,17.0,11.0,5.0,12.0,9.0,11.0,8.0,9.0,43.0,27.0,13.0,36.0,25.0,44.0,42.0,41.0,21.0,1.0,32.0,21.0,16.0,190.0,306.0,260.0,183.0,272.0,113.0,74.0,463.0,169.0,154.0,199.0,232.0,140.0,167.0,234.0,140.0,167.0,291.0,345.0,127.0,146.0,46.0,153.0,40.0,4.61,1.83,3.64,1.57,17.86,1.49,2.5,1.28,3.98,5.1,6.55,24.84,1.86,49.64,20.0,14.5,7.5,1.2,14.4,7.8,3.0,2.6,1.1,0.3,2.5,1.4,2.27,1.27,1.88,1.58,1.23,1.59,0.69,0.04,0.29,0.7,1.3,0.9,0.6,0.2,0.6,0.6,0.9,0.4,0.5,60.0,100.0,74.0,35.0,97.0,12.0,3.0,204.0,42.0,21.0,50.0,75.0,13.0,41.0,65.0,25.0,27.0,96.0,141.0,17.0,15.0,2.0,19.0,1.0,98.0,152.0,146.0,130.0,124.0,95.0,69.0,150.0,105.0,121.0,123.0,117.0,121.0,104.0,134.0,102.0,125.0,144.0,130.0,101.0,122.0,44.0,124.0,39.0,26.0,16.0,14.0,33.0,29.0,11.0,23.0
2019-09-01 02:00:00,9.0,5.0,17.0,9.0,5.0,12.0,9.0,10.0,9.0,10.0,34.0,15.0,14.0,33.0,27.0,39.0,26.0,33.0,14.0,1.0,28.0,22.0,14.0,142.0,307.0,202.0,233.0,288.0,103.0,90.0,119.0,177.0,168.0,178.0,166.0,166.0,129.0,215.0,182.0,127.0,272.0,194.0,139.0,138.0,40.0,169.0,58.0,2.74,2.02,3.22,1.51,3.66,10.96,2.28,1.04,3.75,2.77,5.96,23.38,2.91,40.58,16.2,8.4,5.0,2.2,12.8,5.5,2.3,1.5,0.8,0.4,2.1,1.0,2.38,1.3,1.85,1.61,1.25,1.69,0.77,0.06,0.17,0.5,1.3,0.7,0.5,0.3,0.7,0.6,0.7,0.4,0.6,36.0,104.0,41.0,64.0,108.0,14.0,7.0,16.0,53.0,30.0,42.0,42.0,30.0,27.0,56.0,55.0,7.0,91.0,59.0,30.0,18.0,1.0,36.0,5.0,86.0,148.0,140.0,134.0,121.0,81.0,79.0,95.0,96.0,122.0,113.0,102.0,120.0,88.0,128.0,98.0,116.0,132.0,104.0,93.0,110.0,38.0,113.0,51.0,20.0,18.0,17.0,17.0,24.0,5.0,20.0
2019-09-01 03:00:00,9.0,6.0,18.0,8.0,4.0,12.0,9.0,11.0,10.0,10.0,46.0,15.0,12.0,26.0,24.0,27.0,16.0,31.0,17.0,1.0,25.0,17.0,16.0,144.0,404.0,183.0,228.0,280.0,70.0,72.0,59.0,169.0,164.0,199.0,180.0,231.0,117.0,224.0,237.0,164.0,199.0,67.0,90.0,38.0,47.0,38.0,65.0,2.72,2.08,2.94,8.8,5.29,34.16,1.86,0.89,3.44,2.26,12.21,14.62,49.51,27.91,24.1,7.1,3.9,2.2,12.9,4.0,3.2,1.2,0.5,0.4,2.2,0.6,2.49,1.3,1.72,1.69,1.24,1.58,0.8,0.05,0.14,0.5,1.4,0.6,0.4,0.2,0.6,0.5,0.7,0.3,0.4,42.0,164.0,34.0,71.0,113.0,5.0,4.0,1.0,54.0,28.0,58.0,48.0,62.0,24.0,62.0,89.0,27.0,48.0,4.0,11.0,1.0,3.0,1.0,4.0,79.0,153.0,132.0,120.0,108.0,62.0,65.0,57.0,87.0,120.0,110.0,106.0,135.0,80.0,130.0,100.0,123.0,125.0,62.0,74.0,36.0,42.0,37.0,58.0,27.0,15.0,14.0,7.0,22.0,9.0,19.0
2019-09-01 04:00:00,9.0,5.0,15.0,8.0,5.0,12.0,9.0,11.0,9.0,9.0,32.0,14.0,10.0,29.0,32.0,36.0,33.0,27.0,20.0,1.0,22.0,16.0,13.0,105.0,235.0,69.0,50.0,157.0,68.0,88.0,39.0,168.0,150.0,171.0,122.0,197.0,103.0,99.0,206.0,81.0,169.0,42.0,79.0,21.0,41.0,21.0,35.0,1.54,2.19,2.49,8.47,1.31,39.6,1.82,5.91,3.07,2.38,12.76,14.76,57.16,57.67,20.2,4.7,2.9,2.0,15.1,2.3,2.5,0.7,0.4,0.4,2.2,0.4,2.18,1.31,1.71,1.63,1.24,1.59,0.55,0.07,0.12,0.4,0.8,0.3,0.4,0.3,0.5,0.4,0.5,0.2,0.3,24.0,72.0,2.0,1.0,43.0,3.0,14.0,1.0,57.0,27.0,49.0,20.0,47.0,20.0,9.0,77.0,7.0,39.0,1.0,7.0,1.0,2.0,1.0,1.0,68.0,125.0,65.0,49.0,91.0,63.0,66.0,37.0,81.0,108.0,96.0,92.0,126.0,72.0,85.0,88.0,71.0,110.0,40.0,69.0,20.0,38.0,20.0,34.0,17.0,14.0,20.0,27.0,19.0,12.0,16.0
2019-09-01 05:00:00,9.0,5.0,14.0,8.0,5.0,12.0,9.0,10.0,9.0,9.0,23.0,11.0,10.0,32.0,29.0,24.0,16.0,16.0,19.0,1.0,25.0,15.0,12.0,121.0,133.0,46.0,45.0,116.0,84.0,81.0,52.0,161.0,77.0,76.0,39.0,166.0,99.0,46.0,107.0,68.0,106.0,59.0,91.0,22.0,47.0,29.0,27.0,2.59,2.31,2.02,1.81,3.43,28.57,1.59,40.66,4.33,4.55,6.86,7.04,42.35,65.03,12.3,2.0,3.4,2.8,9.6,1.9,1.5,0.3,0.4,0.5,1.5,0.3,2.01,1.33,1.78,1.59,1.25,1.65,0.42,0.08,0.13,0.4,0.5,0.2,0.4,0.3,0.5,0.3,0.3,0.3,0.3,37.0,22.0,1.0,1.0,22.0,7.0,9.0,1.0,41.0,5.0,6.0,1.0,36.0,16.0,1.0,22.0,10.0,9.0,3.0,11.0,1.0,3.0,1.0,1.0,64.0,99.0,44.0,44.0,81.0,74.0,67.0,51.0,99.0,69.0,66.0,37.0,111.0,74.0,45.0,73.0,53.0,92.0,55.0,74.0,21.0,42.0,28.0,26.0,13.0,12.0,20.0,9.0,10.0,11.0,17.0
2019-09-01 06:00:00,9.0,5.0,14.0,8.0,5.0,11.0,9.0,10.0,9.0,8.0,12.0,16.0,11.0,25.0,21.0,10.0,23.0,16.0,19.0,1.0,25.0,15.0,10.0,105.0,92.0,42.0,36.0,119.0,81.0,75.0,46.0,118.0,67.0,93.0,52.0,118.0,86.0,50.0,54.0,84.0,67.0,52.0,117.0,25.0,38.0,23.0,26.0,11.96,2.91,2.16,1.0,1.86,31.88,3.69,22.55,13.11,15.09,6.2,11.05,44.73,62.66,7.7,2.3,4.9,3.6,6.2,1.4,1.1,0.3,0.6,0.6,1.1,0.2,2.1,1.35,1.72,1.77,1.27,1.61,0.33,0.08,0.11,0.4,0.4,0.2,0.4,0.3,0.3,0.3,0.3,0.3,0.3,24.0,10.0,1.0,1.0,29.0,16.0,8.0,2.0,23.0,4.0,10.0,2.0,15.0,12.0,1.0,1.0,12.0,1.0,3.0,29.0,1.0,2.0,1.0,1.0,67.0,77.0,40.0,34.0,75.0,57.0,63.0,44.0,83.0,61.0,77.0,49.0,96.0,69.0,48.0,53.0,65.0,65.0,49.0,73.0,24.0,35.0,22.0,25.0,3.0,14.0,14.0,18.0,12.0,12.0,17.0
2019-09-01 07:00:00,9.0,4.0,15.0,7.0,5.0,12.0,9.0,10.0,8.0,8.0,8.0,13.0,12.0,22.0,17.0,14.0,21.0,18.0,10.0,1.0,21.0,15.0,8.0,92.0,42.0,26.0,26.0,138.0,64.0,67.0,84.0,153.0,33.0,53.0,33.0,46.0,76.0,24.0,39.0,35.0,44.0,59.0,82.0,23.0,34.0,23.0,23.0,39.95,4.24,2.15,6.26,3.24,13.91,9.53,41.52,17.1,30.15,8.47,15.01,48.16,69.9,6.2,1.4,3.6,3.0,5.5,1.1,0.9,0.2,0.5,0.5,1.0,0.2,1.87,1.35,1.78,1.6,1.28,1.64,0.26,0.07,0.14,0.3,0.2,0.2,0.4,0.2,0.2,0.2,0.2,0.2,0.2,26.0,1.0,1.0,1.0,41.0,4.0,10.0,6.0,59.0,3.0,4.0,1.0,1.0,12.0,1.0,1.0,1.0,1.0,2.0,12.0,1.0,2.0,1.0,1.0,51.0,41.0,24.0,24.0,75.0,57.0,51.0,75.0,64.0,29.0,48.0,32.0,43.0,57.0,23.0,37.0,33.0,42.0,57.0,64.0,22.0,31.0,22.0,22.0,3.0,16.0,11.0,16.0,14.0,2.0,15.0
2019-09-01 08:00:00,9.0,5.0,14.0,7.0,4.0,11.0,9.0,10.0,8.0,8.0,13.0,15.0,9.0,15.0,11.0,5.0,16.0,14.0,14.0,1.0,17.0,16.0,13.0,74.0,38.0,28.0,30.0,100.0,62.0,42.0,93.0,55.0,43.0,33.0,34.0,31.0,57.0,24.0,24.0,35.0,34.0,99.0,104.0,21.0,34.0,33.0,27.0,45.67,5.4,2.11,7.82,17.77,10.44,21.68,44.02,33.72,44.97,7.16,14.7,39.25,60.64,3.9,0.9,2.7,3.0,3.7,1.1,0.7,0.1,0.4,0.4,0.8,0.2,1.8,1.36,1.78,1.57,1.3,1.64,0.24,0.06,0.14,0.3,0.2,0.2,0.4,0.2,0.2,0.2,0.2,0.3,0.2,15.0,1.0,1.0,1.0,21.0,6.0,3.0,8.0,6.0,6.0,2.0,1.0,1.0,2.0,1.0,1.0,1.0,1.0,14.0,26.0,1.0,1.0,1.0,2.0,50.0,37.0,26.0,28.0,68.0,53.0,38.0,82.0,46.0,33.0,30.0,33.0,30.0,53.0,22.0,23.0,33.0,32.0,77.0,64.0,20.0,32.0,32.0,24.0,8.0,13.0,6.0,11.0,11.0,8.0,11.0
2019-09-01 09:00:00,9.0,5.0,14.0,7.0,5.0,11.0,9.0,11.0,8.0,7.0,12.0,16.0,6.0,26.0,9.0,20.0,29.0,9.0,17.0,1.0,20.0,17.0,13.0,82.0,48.0,37.0,51.0,92.0,66.0,45.0,96.0,54.0,31.0,32.0,29.0,51.0,62.0,30.0,22.0,45.0,39.0,79.0,84.0,23.0,36.0,25.0,27.0,44.16,4.77,6.51,6.87,13.52,15.52,21.68,50.37,38.52,39.72,12.2,18.47,47.19,59.24,3.2,1.0,3.2,1.7,2.6,1.1,0.5,0.1,0.4,0.2,0.6,0.2,1.74,1.38,1.73,1.51,1.33,1.61,0.23,0.05,0.13,0.3,0.3,0.2,0.4,0.2,0.1,0.2,0.2,0.3,0.2,18.0,3.0,2.0,1.0,19.0,13.0,7.0,15.0,6.0,2.0,2.0,1.0,7.0,7.0,1.0,1.0,3.0,1.0,10.0,17.0,1.0,3.0,2.0,1.0,55.0,44.0,33.0,49.0,63.0,46.0,34.0,73.0,45.0,28.0,29.0,27.0,39.0,52.0,28.0,20.0,40.0,37.0,63.0,57.0,21.0,30.0,23.0,25.0,8.0,10.0,4.0,23.0,7.0,12.0,14.0
2019-09-01 10:00:00,9.0,5.0,14.0,8.0,5.0,11.0,9.0,11.0,8.0,8.0,15.0,18.0,7.0,16.0,14.0,19.0,32.0,11.0,9.0,1.0,22.0,17.0,9.0,83.0,58.0,33.0,50.0,51.0,59.0,42.0,120.0,55.0,34.0,32.0,22.0,34.0,60.0,29.0,29.0,26.0,30.0,56.0,73.0,22.0,29.0,38.0,19.0,40.43,5.01,26.34,22.38,18.82,19.77,26.82,61.77,33.77,48.62,23.36,33.36,49.61,81.05,3.3,0.6,2.9,1.6,2.2,1.0,0.7,0.1,0.4,0.3,0.5,0.2,1.75,1.39,1.59,1.51,1.35,1.48,0.25,0.04,0.11,0.4,0.3,0.3,0.4,0.2,0.2,0.2,0.2,0.2,0.2,22.0,6.0,2.0,3.0,7.0,10.0,10.0,30.0,7.0,4.0,3.0,2.0,4.0,8.0,2.0,1.0,3.0,1.0,9.0,13.0,2.0,4.0,5.0,1.0,50.0,48.0,30.0,45.0,40.0,44.0,26.0,74.0,44.0,28.0,27.0,19.0,28.0,48.0,26.0,28.0,22.0,29.0,42.0,52.0,18.0,23.0,31.0,17.0,9.0,12.0,9.0,27.0,9.0,4.0,16.0
2019-09-01 11:00:00,8.0,5.0,14.0,11.0,5.0,11.0,9.0,11.0,8.0,7.0,14.0,13.0,3.0,20.0,18.0,15.0,31.0,14.0,12.0,1.0,29.0,15.0,11.0,55.0,44.0,47.0,41.0,29.0,47.0,38.0,53.0,50.0,38.0,43.0,24.0,26.0,45.0,39.0,31.0,30.0,23.0,58.0,51.0,28.0,24.0,38.0,17.0,57.02,7.39,47.45,45.47,48.8,56.84,31.39,61.23,46.2,64.46,49.01,65.88,57.14,85.84,2.7,0.6,2.1,1.6,1.9,1.1,0.7,0.1,0.3,0.3,0.5,0.3,1.76,1.35,1.61,1.5,1.3,1.48,0.26,0.05,0.13,0.4,0.2,0.2,0.4,0.2,0.1,0.2,0.2,0.2,0.2,8.0,6.0,5.0,2.0,4.0,7.0,6.0,7.0,7.0,6.0,6.0,2.0,3.0,5.0,4.0,1.0,5.0,1.0,10.0,9.0,5.0,2.0,6.0,1.0,42.0,35.0,39.0,37.0,24.0,36.0,28.0,42.0,40.0,29.0,33.0,21.0,21.0,37.0,32.0,29.0,23.0,21.0,42.0,37.0,20.0,20.0,28.0,16.0,7.0,7.0,13.0,26.0,12.0,7.0,22.0
2019-09-01 12:00:00,7.0,5.0,13.0,12.0,6.0,11.0,9.0,10.0,8.0,7.0,18.0,19.0,8.0,12.0,24.0,15.0,30.0,19.0,16.0,1.0,21.0,15.0,12.0,41.0,42.0,50.0,31.0,22.0,25.0,31.0,57.0,44.0,32.0,39.0,33.0,23.0,27.0,44.0,25.0,37.0,18.0,42.0,43.0,33.0,19.0,37.0,22.0,71.27,16.18,64.88,74.23,67.89,64.17,42.12,70.68,63.46,82.07,64.16,85.18,64.91,87.34,2.5,1.1,1.2,1.5,2.6,1.3,0.6,0.2,0.2,0.3,0.6,0.3,1.77,1.33,1.59,1.49,1.28,1.47,0.28,0.05,0.12,0.3,0.2,0.2,0.3,0.2,0.1,0.2,0.3,0.2,0.2,6.0,6.0,5.0,2.0,3.0,3.0,5.0,8.0,5.0,4.0,6.0,4.0,3.0,2.0,6.0,1.0,6.0,1.0,7.0,7.0,4.0,2.0,6.0,1.0,31.0,33.0,42.0,29.0,18.0,19.0,24.0,44.0,37.0,26.0,30.0,27.0,19.0,23.0,36.0,23.0,28.0,16.0,32.0,32.0,26.0,17.0,27.0,20.0,11.0,9.0,18.0,24.0,14.0,9.0,15.0
2019-09-01 13:00:00,7.0,5.0,11.0,12.0,5.0,11.0,9.0,10.0,8.0,7.0,12.0,21.0,10.0,21.0,20.0,21.0,34.0,23.0,17.0,2.0,29.0,19.0,13.0,39.0,40.0,45.0,30.0,21.0,24.0,25.0,57.0,40.0,34.0,37.0,39.0,26.0,25.0,36.0,22.0,39.0,21.0,39.0,39.0,44.0,23.0,31.0,25.0,88.11,27.14,79.15,89.13,85.86,70.97,55.88,84.8,80.08,92.63,82.64,98.33,79.74,98.44,2.4,1.0,0.7,1.0,2.8,1.4,0.5,0.2,0.1,0.2,0.6,0.2,1.8,1.3,1.61,1.53,1.26,1.49,0.27,0.04,0.12,0.3,0.2,0.2,0.3,0.2,0.1,0.2,0.3,0.1,0.3,6.0,5.0,5.0,1.0,3.0,3.0,3.0,8.0,4.0,4.0,4.0,4.0,3.0,2.0,3.0,1.0,6.0,1.0,6.0,5.0,8.0,2.0,5.0,1.0,30.0,32.0,37.0,28.0,17.0,19.0,20.0,44.0,33.0,28.0,31.0,33.0,21.0,22.0,31.0,21.0,30.0,19.0,30.0,31.0,32.0,20.0,23.0,23.0,5.0,9.0,12.0,27.0,16.0,9.0,24.0
2019-09-01 14:00:00,7.0,5.0,10.0,12.0,5.0,11.0,9.0,10.0,8.0,5.0,14.0,30.0,11.0,21.0,19.0,18.0,38.0,21.0,14.0,1.0,17.0,14.0,12.0,30.0,37.0,47.0,25.0,24.0,27.0,20.0,34.0,30.0,35.0,32.0,34.0,28.0,21.0,28.0,20.0,30.0,19.0,29.0,49.0,30.0,26.0,21.0,25.0,105.7,42.51,93.29,101.9,105.7,94.32,75.46,100.3,100.1,104.1,89.31,114.9,97.13,120.2,2.4,1.0,0.7,0.9,2.5,1.5,0.5,0.2,0.1,0.2,0.6,0.2,2.06,1.45,1.55,1.77,1.42,1.45,0.29,0.04,0.1,0.3,0.2,0.2,0.3,0.2,0.1,0.2,0.3,0.2,0.3,4.0,5.0,5.0,1.0,3.0,3.0,2.0,3.0,2.0,4.0,4.0,3.0,4.0,1.0,2.0,1.0,3.0,1.0,4.0,6.0,3.0,2.0,3.0,1.0,24.0,30.0,40.0,23.0,20.0,22.0,17.0,29.0,26.0,29.0,27.0,29.0,23.0,19.0,24.0,19.0,25.0,17.0,23.0,40.0,24.0,23.0,16.0,23.0,5.0,10.0,10.0,31.0,15.0,4.0,12.0
2019-09-01 15:00:00,7.0,5.0,9.0,11.0,5.0,11.0,9.0,10.0,7.0,3.0,15.0,24.0,12.0,29.0,23.0,9.0,22.0,16.0,19.0,1.0,8.0,15.0,13.0,30.0,31.0,45.0,22.0,21.0,23.0,19.0,20.0,26.0,25.0,27.0,27.0,24.0,17.0,23.0,14.0,23.0,15.0,17.0,39.0,23.0,19.0,14.0,20.0,122.6,57.8,107.6,117.3,119.9,116.1,93.16,115.8,120.1,118.6,107.6,130.1,121.3,140.5,2.2,1.0,0.9,0.7,2.2,1.0,0.5,0.2,0.2,0.2,0.5,0.2,2.02,1.45,1.61,1.67,1.42,1.53,0.34,0.03,0.09,0.3,0.2,0.2,0.3,0.2,0.1,0.2,0.3,0.2,0.3,3.0,3.0,5.0,1.0,2.0,2.0,2.0,1.0,1.0,3.0,3.0,2.0,3.0,1.0,1.0,1.0,2.0,1.0,2.0,4.0,2.0,1.0,2.0,1.0,25.0,27.0,37.0,20.0,18.0,20.0,16.0,17.0,24.0,20.0,23.0,24.0,20.0,16.0,20.0,12.0,20.0,14.0,14.0,33.0,20.0,18.0,12.0,19.0,6.0,9.0,13.0,14.0,8.0,11.0,2.0
2019-09-01 16:00:00,8.0,5.0,9.0,10.0,5.0,11.0,8.0,10.0,7.0,4.0,20.0,21.0,15.0,19.0,29.0,13.0,37.0,20.0,18.0,5.0,22.0,13.0,11.0,19.0,30.0,28.0,16.0,15.0,12.0,9.0,15.0,18.0,20.0,18.0,19.0,17.0,12.0,13.0,9.0,18.0,13.0,12.0,29.0,16.0,13.0,10.0,17.0,132.8,66.25,119.6,129.6,133.8,127.2,107.6,129.0,131.9,126.7,121.4,133.7,130.4,152.2,1.9,0.8,0.8,0.5,1.6,0.6,0.4,0.2,0.2,0.2,0.4,0.1,1.89,1.29,1.57,1.54,1.25,1.47,0.35,0.04,0.1,0.3,0.2,0.2,0.3,0.2,0.1,0.2,0.2,0.2,0.2,2.0,4.0,3.0,1.0,2.0,1.0,1.0,1.0,1.0,2.0,1.0,1.0,2.0,1.0,1.0,1.0,2.0,1.0,1.0,2.0,1.0,1.0,1.0,1.0,16.0,24.0,24.0,15.0,12.0,11.0,7.0,14.0,16.0,16.0,16.0,17.0,15.0,10.0,12.0,7.0,15.0,12.0,10.0,25.0,14.0,11.0,9.0,15.0,9.0,10.0,17.0,25.0,11.0,10.0,12.0
2019-09-01 17:00:00,8.0,5.0,10.0,10.0,5.0,11.0,9.0,9.0,7.0,3.0,20.0,8.0,20.0,24.0,33.0,24.0,26.0,18.0,17.0,4.0,36.0,22.0,27.0,40.0,28.0,22.0,14.0,17.0,11.0,6.0,18.0,19.0,17.0,25.0,11.0,18.0,12.0,12.0,8.0,28.0,14.0,12.0,31.0,15.0,8.0,8.0,15.0,115.5,67.76,110.2,111.2,114.8,123.7,95.78,109.2,119.7,123.3,103.2,111.4,127.1,130.5,2.1,0.6,0.6,0.2,1.5,0.6,0.5,0.1,0.1,0.1,0.4,0.1,1.82,1.22,1.55,1.48,1.18,1.47,0.35,0.03,0.09,0.3,0.2,0.2,0.3,0.2,0.1,0.2,0.2,0.2,0.2,8.0,2.0,3.0,1.0,2.0,1.0,1.0,1.0,1.0,2.0,3.0,1.0,3.0,1.0,1.0,1.0,4.0,1.0,1.0,5.0,1.0,1.0,1.0,1.0,29.0,25.0,18.0,12.0,14.0,10.0,4.0,16.0,17.0,13.0,21.0,10.0,13.0,10.0,10.0,6.0,21.0,12.0,10.0,24.0,13.0,6.0,7.0,14.0,7.0,13.0,20.0,14.0,7.0,7.0,25.0
2019-09-01 18:00:00,7.0,5.0,9.0,11.0,5.0,10.0,8.0,9.0,7.0,4.0,17.0,9.0,23.0,23.0,24.0,36.0,54.0,22.0,15.0,7.0,49.0,13.0,19.0,34.0,24.0,26.0,14.0,22.0,19.0,10.0,54.0,31.0,20.0,37.0,13.0,23.0,19.0,12.0,9.0,35.0,17.0,35.0,73.0,24.0,7.0,10.0,16.0,108.0,56.23,75.92,97.19,96.97,89.93,68.98,104.5,100.1,105.7,65.1,112.9,117.8,126.3,3.2,0.7,0.6,0.1,1.4,0.6,0.5,0.1,0.1,0.1,0.4,0.1,1.74,1.23,1.56,1.45,1.21,1.48,0.3,0.02,0.07,0.3,0.2,0.2,0.3,0.2,0.1,0.2,0.2,0.2,0.2,5.0,2.0,2.0,1.0,3.0,1.0,1.0,4.0,2.0,3.0,5.0,1.0,2.0,1.0,1.0,1.0,5.0,1.0,2.0,11.0,2.0,1.0,1.0,1.0,27.0,21.0,22.0,13.0,18.0,17.0,8.0,48.0,28.0,16.0,30.0,11.0,20.0,18.0,10.0,7.0,27.0,16.0,32.0,55.0,21.0,5.0,9.0,15.0,6.0,16.0,13.0,45.0,13.0,4.0,35.0
2019-09-01 19:00:00,6.0,5.0,9.0,12.0,5.0,11.0,8.0,9.0,7.0,5.0,11.0,13.0,19.0,34.0,26.0,23.0,43.0,25.0,16.0,4.0,27.0,11.0,12.0,34.0,28.0,19.0,15.0,30.0,28.0,16.0,51.0,38.0,26.0,45.0,18.0,23.0,29.0,12.0,15.0,21.0,34.0,40.0,70.0,20.0,12.0,15.0,17.0,106.4,54.81,80.55,92.42,99.63,87.36,62.73,99.4,98.39,93.91,55.25,106.7,110.4,124.4,2.8,0.4,0.8,0.2,1.6,0.5,0.5,0.1,0.2,0.1,0.5,0.2,1.73,1.24,1.53,1.45,1.2,1.45,0.28,0.03,0.08,0.3,0.2,0.2,0.4,0.2,0.1,0.2,0.2,0.3,0.3,4.0,1.0,1.0,1.0,2.0,1.0,1.0,3.0,2.0,3.0,4.0,1.0,1.0,1.0,1.0,1.0,1.0,1.0,2.0,6.0,2.0,1.0,1.0,1.0,28.0,27.0,18.0,14.0,27.0,26.0,15.0,46.0,35.0,21.0,38.0,16.0,21.0,28.0,10.0,13.0,19.0,32.0,36.0,61.0,17.0,11.0,14.0,15.0,2.0,13.0,16.0,38.0,18.0,6.0,15.0
2019-09-01 20:00:00,6.0,5.0,11.0,11.0,5.0,11.0,9.0,9.0,7.0,5.0,22.0,25.0,19.0,19.0,25.0,15.0,50.0,16.0,15.0,1.0,16.0,12.0,16.0,35.0,32.0,21.0,20.0,36.0,36.0,20.0,35.0,40.0,35.0,64.0,34.0,31.0,35.0,14.0,16.0,28.0,42.0,28.0,112.0,31.0,12.0,22.0,24.0,97.12,50.16,80.05,81.91,90.33,90.83,61.29,82.78,89.67,85.19,50.24,105.4,98.26,113.4,2.6,0.4,1.7,0.5,2.0,0.5,0.5,0.1,0.3,0.2,0.5,0.1,1.72,1.24,1.51,1.45,1.2,1.42,0.27,0.04,0.09,0.3,0.3,0.2,0.4,0.2,0.1,0.2,0.2,0.3,0.3,4.0,1.0,1.0,1.0,2.0,1.0,1.0,1.0,1.0,4.0,7.0,1.0,1.0,1.0,1.0,1.0,1.0,1.0,1.0,18.0,2.0,1.0,1.0,1.0,29.0,31.0,20.0,18.0,33.0,34.0,18.0,34.0,38.0,29.0,53.0,32.0,29.0,34.0,12.0,15.0,26.0,41.0,26.0,84.0,29.0,11.0,20.0,22.0,13.0,15.0,14.0,43.0,8.0,6.0,5.0
2019-09-01 21:00:00,7.0,4.0,11.0,11.0,4.0,11.0,8.0,9.0,7.0,5.0,24.0,19.0,18.0,27.0,23.0,18.0,35.0,19.0,18.0,1.0,17.0,15.0,19.0,42.0,51.0,33.0,29.0,37.0,50.0,25.0,47.0,42.0,57.0,63.0,44.0,62.0,42.0,22.0,17.0,41.0,47.0,54.0,141.0,43.0,25.0,25.0,28.0,77.7,43.38,74.72,65.16,82.38,77.49,59.67,69.6,72.73,76.26,40.71,85.83,88.87,103.2,2.9,0.5,1.9,0.5,2.7,0.6,0.6,0.1,0.3,0.2,0.7,0.1,1.74,1.23,1.53,1.46,1.21,1.44,0.28,0.03,0.09,0.3,0.3,0.2,0.4,0.2,0.2,0.2,0.3,0.4,0.3,4.0,1.0,1.0,1.0,1.0,1.0,1.0,1.0,1.0,5.0,6.0,1.0,2.0,1.0,1.0,1.0,1.0,1.0,2.0,34.0,4.0,1.0,1.0,1.0,36.0,50.0,32.0,27.0,35.0,48.0,23.0,46.0,40.0,49.0,54.0,43.0,58.0,41.0,20.0,15.0,39.0,46.0,51.0,90.0,37.0,23.0,24.0,27.0,16.0,14.0,13.0,28.0,11.0,8.0,9.0
2019-09-01 22:00:00,6.0,4.0,12.0,11.0,5.0,11.0,9.0,9.0,8.0,6.0,17.0,17.0,17.0,35.0,24.0,28.0,23.0,17.0,15.0,1.0,35.0,22.0,28.0,51.0,59.0,30.0,47.0,62.0,46.0,37.0,32.0,49.0,59.0,58.0,42.0,60.0,54.0,23.0,27.0,29.0,45.0,32.0,218.0,45.0,42.0,30.0,27.0,64.27,31.11,48.5,65.61,66.08,79.34,51.48,65.45,60.27,71.29,16.07,55.97,75.75,95.93,4.1,0.7,2.5,0.4,3.3,0.7,0.9,0.1,0.5,0.2,0.8,0.1,1.76,1.24,1.52,1.47,1.22,1.45,0.28,0.03,0.08,0.3,0.4,0.3,0.5,0.2,0.2,0.3,0.3,0.5,0.3,7.0,1.0,1.0,1.0,2.0,1.0,1.0,1.0,2.0,4.0,5.0,1.0,2.0,1.0,1.0,1.0,1.0,1.0,1.0,63.0,4.0,1.0,1.0,1.0,41.0,57.0,29.0,45.0,60.0,45.0,36.0,31.0,46.0,53.0,50.0,41.0,56.0,52.0,21.0,25.0,28.0,43.0,31.0,121.0,38.0,40.0,28.0,25.0,9.0,15.0,14.0,16.0,10.0,6.0,24.0
2019-09-01 23:00:00,7.0,4.0,12.0,11.0,5.0,11.0,9.0,9.0,7.0,7.0,16.0,16.0,11.0,25.0,20.0,29.0,26.0,17.0,12.0,1.0,33.0,24.0,21.0,37.0,37.0,19.0,27.0,34.0,35.0,22.0,29.0,44.0,20.0,23.0,22.0,27.0,30.0,17.0,21.0,18.0,27.0,26.0,79.0,16.0,16.0,20.0,22.0,69.77,26.78,66.14,68.33,72.78,66.51,42.99,66.84,75.69,70.75,48.79,79.13,73.12,83.46,3.3,0.5,2.1,0.9,2.1,0.5,0.8,0.1,0.4,0.2,0.6,0.1,1.67,1.25,1.51,1.45,1.22,1.44,0.22,0.03,0.07,0.3,0.3,0.2,0.4,0.2,0.2,0.2,0.2,0.3,0.3,5.0,1.0,1.0,1.0,1.0,1.0,1.0,1.0,3.0,2.0,1.0,1.0,2.0,1.0,1.0,1.0,1.0,1.0,1.0,10.0,1.0,1.0,1.0,1.0,30.0,36.0,17.0,25.0,32.0,33.0,21.0,27.0,39.0,17.0,21.0,20.0,24.0,28.0,15.0,20.0,17.0,25.0,25.0,64.0,14.0,14.0,18.0,21.0,8.0,13.0,11.0,19.0,10.0,3.0,24.0
2019-09-02 00:00:00,7.0,4.0,13.0,10.0,5.0,11.0,9.0,9.0,7.0,6.0,24.0,14.0,11.0,22.0,16.0,34.0,28.0,15.0,13.0,0.0,25.0,21.0,23.0,20.0,24.0,12.0,20.0,19.0,19.0,10.0,18.0,54.0,15.0,16.0,12.0,19.0,26.0,8.0,16.0,10.0,20.0,17.0,48.0,9.0,8.0,19.0,18.0,68.52,26.11,67.09,69.76,72.2,62.88,42.38,64.86,69.16,66.44,54.43,76.76,65.29,81.58,1.9,0.3,0.8,0.5,1.5,0.4,0.3,0.1,0.2,0.1,0.4,0.1,1.63,1.22,1.49,1.44,1.2,1.44,0.19,0.02,0.05,0.3,0.2,0.2,0.3,0.2,0.2,0.2,0.2,0.2,0.2,3.0,1.0,1.0,1.0,1.0,1.0,1.0,1.0,15.0,1.0,1.0,1.0,1.0,1.0,1.0,1.0,1.0,1.0,1.0,5.0,1.0,1.0,1.0,1.0,15.0,23.0,10.0,18.0,17.0,18.0,9.0,17.0,31.0,13.0,14.0,11.0,18.0,24.0,6.0,15.0,9.0,18.0,15.0,41.0,8.0,6.0,17.0,16.0,16.0,12.0,8.0,22.0,8.0,3.0,17.0
2019-09-02 01:00:00,7.0,4.0,13.0,8.0,4.0,11.0,8.0,9.0,7.0,6.0,15.0,12.0,6.0,18.0,14.0,34.0,23.0,13.0,12.0,1.0,21.0,20.0,20.0,14.0,20.0,9.0,18.0,11.0,15.0,8.0,26.0,34.0,9.0,12.0,8.0,12.0,17.0,4.0,13.0,7.0,10.0,10.0,31.0,7.0,6.0,21.0,16.0,52.48,23.09,54.86,55.71,56.81,42.6,30.49,51.31,53.14,53.07,48.54,63.93,44.54,66.8,1.5,0.2,0.6,0.3,1.4,0.2,0.3,0.1,0.1,0.1,0.4,0.1,1.58,1.23,1.49,1.44,1.22,1.47,0.14,0.01,0.03,0.2,0.2,0.2,0.3,0.1,0.1,0.1,0.2,0.2,0.2,2.0,2.0,1.0,1.0,1.0,1.0,1.0,5.0,5.0,1.0,2.0,1.0,1.0,1.0,1.0,1.0,1.0,1.0,1.0,3.0,1.0,1.0,1.0,1.0,10.0,18.0,7.0,17.0,9.0,13.0,7.0,18.0,26.0,8.0,10.0,7.0,10.0,16.0,3.0,12.0,5.0,8.0,9.0,26.0,6.0,5.0,20.0,15.0,9.0,7.0,8.0,18.0,7.0,4.0,14.0
2019-09-02 02:00:00,8.0,4.0,13.0,7.0,4.0,10.0,9.0,9.0,7.0,6.0,16.0,9.0,4.0,14.0,10.0,4.0,20.0,12.0,10.0,1.0,18.0,15.0,3.0,11.0,11.0,7.0,9.0,12.0,8.0,6.0,18.0,16.0,11.0,9.0,6.0,8.0,12.0,3.0,8.0,5.0,8.0,9.0,17.0,6.0,5.0,9.0,15.0,57.14,22.22,45.22,54.34,53.27,46.4,34.04,54.11,56.41,51.54,48.26,63.0,55.15,67.68,1.1,0.1,0.5,0.2,1.0,0.2,0.2,0.1,0.1,0.1,0.3,0.1,1.55,1.22,1.49,1.43,1.21,1.45,0.11,0.02,0.04,0.2,0.2,0.1,0.3,0.1,0.1,0.1,0.2,0.1,0.2,2.0,1.0,1.0,1.0,1.0,1.0,1.0,2.0,2.0,1.0,1.0,1.0,1.0,1.0,1.0,1.0,1.0,1.0,1.0,1.0,1.0,1.0,1.0,1.0,8.0,10.0,6.0,8.0,10.0,7.0,5.0,15.0,14.0,9.0,7.0,5.0,7.0,11.0,1.0,6.0,3.0,7.0,8.0,15.0,5.0,4.0,7.0,13.0,10.0,6.0,4.0,16.0,5.0,4.0,13.0
2019-09-02 03:00:00,8.0,4.0,13.0,7.0,4.0,11.0,9.0,9.0,8.0,7.0,8.0,9.0,3.0,12.0,13.0,6.0,34.0,13.0,18.0,1.0,15.0,13.0,5.0,8.0,9.0,6.0,7.0,8.0,6.0,5.0,10.0,14.0,6.0,10.0,5.0,7.0,8.0,3.0,5.0,4.0,7.0,7.0,11.0,6.0,5.0,8.0,14.0,60.17,24.72,49.98,57.9,55.26,50.55,37.06,55.56,60.03,53.06,55.12,65.22,55.86,68.44,0.9,0.1,0.4,0.7,0.8,0.2,0.2,0.1,0.1,0.1,0.2,0.1,1.54,1.22,1.49,1.43,1.2,1.44,0.11,0.02,0.05,0.2,0.2,0.1,0.3,0.1,0.1,0.1,0.2,0.1,0.2,1.0,1.0,1.0,1.0,1.0,1.0,1.0,1.0,2.0,1.0,2.0,1.0,1.0,1.0,1.0,1.0,1.0,1.0,1.0,1.0,1.0,1.0,1.0,1.0,6.0,7.0,4.0,5.0,7.0,4.0,4.0,8.0,11.0,4.0,7.0,4.0,6.0,6.0,1.0,4.0,2.0,6.0,5.0,10.0,4.0,3.0,6.0,12.0,4.0,7.0,7.0,31.0,7.0,13.0,12.0
2019-09-02 04:00:00,8.0,4.0,13.0,6.0,4.0,11.0,9.0,9.0,8.0,6.0,6.0,7.0,1.0,12.0,9.0,3.0,12.0,9.0,5.0,1.0,10.0,12.0,5.0,7.0,7.0,5.0,6.0,8.0,5.0,4.0,5.0,15.0,5.0,9.0,5.0,5.0,7.0,3.0,4.0,3.0,7.0,3.0,9.0,5.0,5.0,9.0,13.0,59.37,23.75,48.61,55.4,53.5,52.07,34.45,52.9,58.58,51.01,54.05,64.48,53.23,67.6,0.9,0.1,0.3,0.9,0.7,0.2,0.2,0.1,0.1,0.1,0.3,0.1,1.54,1.22,1.48,1.43,1.2,1.44,0.11,0.02,0.04,0.2,0.2,0.1,0.3,0.1,0.1,0.1,0.2,0.1,0.2,1.0,1.0,1.0,1.0,1.0,1.0,1.0,1.0,3.0,1.0,2.0,1.0,1.0,1.0,1.0,1.0,1.0,1.0,1.0,1.0,1.0,1.0,1.0,1.0,5.0,5.0,4.0,5.0,6.0,3.0,3.0,3.0,11.0,3.0,6.0,3.0,4.0,5.0,1.0,2.0,2.0,6.0,2.0,7.0,4.0,3.0,7.0,12.0,3.0,6.0,4.0,8.0,5.0,2.0,7.0
2019-09-02 05:00:00,8.0,4.0,13.0,6.0,4.0,11.0,9.0,10.0,8.0,7.0,6.0,6.0,1.0,11.0,12.0,2.0,14.0,5.0,4.0,1.0,10.0,11.0,4.0,7.0,7.0,6.0,7.0,7.0,4.0,4.0,14.0,31.0,5.0,25.0,4.0,5.0,7.0,3.0,4.0,3.0,7.0,5.0,9.0,6.0,4.0,7.0,13.0,57.37,21.96,47.6,54.66,52.27,46.53,29.72,51.82,56.42,50.1,53.55,63.58,52.68,65.15,0.9,0.1,0.4,1.1,0.7,0.1,0.1,0.1,0.1,0.1,0.3,0.1,1.52,1.22,1.48,1.43,1.2,1.43,0.09,0.02,0.05,0.2,0.2,0.1,0.3,0.1,0.1,0.1,0.2,0.1,0.2,1.0,1.0,1.0,1.0,1.0,1.0,1.0,1.0,9.0,1.0,10.0,1.0,1.0,1.0,1.0,1.0,1.0,1.0,1.0,1.0,1.0,1.0,1.0,1.0,5.0,6.0,4.0,5.0,5.0,3.0,3.0,12.0,17.0,3.0,10.0,3.0,3.0,5.0,1.0,3.0,2.0,5.0,4.0,7.0,4.0,3.0,6.0,11.0,2.0,6.0,8.0,12.0,4.0,1.0,6.0
2019-09-02 06:00:00,8.0,4.0,13.0,5.0,4.0,11.0,9.0,10.0,8.0,7.0,6.0,6.0,1.0,9.0,13.0,1.0,13.0,3.0,5.0,1.0,7.0,10.0,4.0,7.0,11.0,6.0,8.0,7.0,6.0,5.0,8.0,26.0,5.0,38.0,5.0,6.0,9.0,3.0,5.0,4.0,9.0,8.0,14.0,7.0,5.0,12.0,14.0,52.7,19.27,46.65,52.33,50.83,48.16,29.82,49.89,54.43,47.88,48.51,62.79,48.35,62.28,0.8,0.6,0.3,0.4,0.7,0.1,0.1,0.1,0.1,0.1,0.3,0.1,1.52,1.21,1.48,1.42,1.21,1.43,0.1,0.0,0.06,0.2,0.2,0.1,0.3,0.1,0.1,0.1,0.2,0.1,0.2,1.0,1.0,1.0,1.0,1.0,1.0,1.0,1.0,7.0,1.0,18.0,1.0,1.0,1.0,1.0,1.0,1.0,1.0,1.0,1.0,1.0,1.0,1.0,1.0,5.0,9.0,5.0,7.0,5.0,4.0,3.0,6.0,15.0,3.0,11.0,4.0,5.0,7.0,1.0,3.0,3.0,7.0,7.0,11.0,5.0,3.0,11.0,12.0,2.0,5.0,8.0,11.0,2.0,2.0,3.0
2019-09-02 07:00:00,8.0,4.0,14.0,5.0,4.0,11.0,9.0,9.0,8.0,6.0,6.0,7.0,1.0,7.0,17.0,1.0,12.0,3.0,4.0,1.0,6.0,12.0,4.0,10.0,14.0,8.0,11.0,13.0,7.0,6.0,15.0,27.0,9.0,12.0,9.0,10.0,14.0,3.0,9.0,9.0,13.0,14.0,25.0,9.0,6.0,9.0,15.0,49.27,18.41,41.44,49.86,48.62,42.88,25.62,45.92,48.71,42.85,42.06,58.98,48.42,58.04,0.8,0.1,0.3,0.2,0.7,0.1,0.1,0.1,0.1,0.1,0.3,0.1,1.52,1.21,1.49,1.42,1.2,1.42,0.1,0.01,0.07,0.2,0.2,0.2,0.3,0.1,0.1,0.2,0.2,0.1,0.2,2.0,1.0,1.0,1.0,2.0,1.0,1.0,2.0,7.0,1.0,1.0,1.0,1.0,1.0,1.0,1.0,1.0,1.0,2.0,4.0,1.0,1.0,1.0,1.0,7.0,12.0,7.0,10.0,11.0,6.0,4.0,11.0,17.0,7.0,10.0,8.0,9.0,12.0,2.0,7.0,7.0,11.0,11.0,19.0,8.0,5.0,8.0,14.0,3.0,3.0,12.0,10.0,1.0,4.0,4.0
2019-09-02 08:00:00,9.0,4.0,13.0,5.0,4.0,11.0,9.0,9.0,8.0,6.0,2.0,4.0,1.0,4.0,8.0,1.0,9.0,3.0,16.0,1.0,9.0,9.0,3.0,20.0,36.0,16.0,23.0,23.0,14.0,12.0,27.0,38.0,18.0,24.0,21.0,19.0,32.0,9.0,16.0,16.0,23.0,34.0,44.0,17.0,10.0,25.0,21.0,34.61,13.98,32.78,44.02,43.74,36.03,23.64,34.78,41.33,35.36,33.67,53.78,37.08,46.59,0.9,0.1,0.4,0.2,0.7,0.1,0.2,0.3,0.1,0.1,0.3,0.1,1.53,1.22,1.49,1.43,1.2,1.43,0.1,0.02,0.07,0.3,0.2,0.2,0.3,0.2,0.1,0.2,0.2,0.2,0.2,3.0,5.0,1.0,1.0,2.0,1.0,1.0,3.0,10.0,2.0,4.0,1.0,2.0,4.0,1.0,1.0,2.0,1.0,5.0,10.0,2.0,1.0,1.0,2.0,15.0,29.0,14.0,21.0,21.0,12.0,10.0,22.0,23.0,15.0,18.0,19.0,17.0,27.0,8.0,14.0,14.0,21.0,25.0,29.0,14.0,8.0,23.0,18.0,1.0,2.0,5.0,7.0,3.0,14.0,6.0
2019-09-02 09:00:00,8.0,4.0,13.0,5.0,4.0,11.0,9.0,11.0,8.0,5.0,3.0,4.0,1.0,4.0,6.0,4.0,14.0,4.0,6.0,1.0,10.0,15.0,5.0,33.0,62.0,25.0,25.0,31.0,24.0,19.0,27.0,55.0,22.0,39.0,27.0,30.0,39.0,20.0,21.0,25.0,28.0,42.0,77.0,25.0,8.0,16.0,22.0,26.2,10.91,29.11,38.67,38.44,35.23,20.03,31.3,35.74,31.65,26.49,53.94,42.13,45.07,1.4,0.3,0.6,0.3,1.2,0.3,0.3,0.1,0.2,0.1,0.5,0.2,1.55,1.22,1.5,1.44,1.21,1.43,0.12,0.02,0.07,0.3,0.3,0.2,0.3,0.2,0.1,0.2,0.2,0.3,0.3,6.0,14.0,2.0,1.0,4.0,3.0,2.0,4.0,16.0,3.0,8.0,3.0,4.0,5.0,3.0,1.0,4.0,2.0,8.0,21.0,3.0,1.0,1.0,2.0,24.0,41.0,22.0,24.0,26.0,20.0,16.0,20.0,31.0,18.0,27.0,23.0,24.0,31.0,16.0,20.0,20.0,25.0,29.0,46.0,20.0,6.0,14.0,19.0,1.0,3.0,3.0,10.0,2.0,2.0,7.0
2019-09-02 10:00:00,8.0,4.0,13.0,5.0,5.0,11.0,9.0,11.0,8.0,6.0,10.0,4.0,1.0,6.0,7.0,9.0,13.0,6.0,8.0,1.0,11.0,12.0,6.0,33.0,64.0,20.0,20.0,37.0,29.0,21.0,26.0,66.0,23.0,47.0,25.0,32.0,39.0,14.0,21.0,19.0,24.0,28.0,82.0,15.0,6.0,13.0,19.0,29.06,11.21,28.45,37.44,39.45,38.49,16.65,35.51,36.86,35.92,28.28,57.37,45.87,50.42,2.4,0.7,0.8,0.7,2.3,0.5,0.6,0.1,0.2,0.2,0.6,0.1,1.57,1.23,1.5,1.45,1.21,1.42,0.12,0.02,0.08,0.3,0.3,0.2,0.3,0.2,0.1,0.2,0.2,0.3,0.2,8.0,16.0,3.0,1.0,7.0,5.0,3.0,5.0,20.0,4.0,12.0,4.0,6.0,7.0,2.0,1.0,4.0,2.0,7.0,23.0,2.0,1.0,2.0,2.0,21.0,39.0,16.0,18.0,26.0,20.0,16.0,18.0,36.0,16.0,28.0,19.0,22.0,28.0,11.0,19.0,13.0,21.0,18.0,46.0,11.0,4.0,10.0,15.0,1.0,4.0,2.0,9.0,3.0,3.0,7.0
2019-09-02 11:00:00,8.0,4.0,13.0,6.0,5.0,11.0,9.0,11.0,7.0,6.0,11.0,7.0,1.0,8.0,12.0,20.0,15.0,5.0,7.0,39.0,14.0,13.0,9.0,38.0,59.0,18.0,18.0,32.0,31.0,20.0,15.0,66.0,23.0,40.0,15.0,25.0,38.0,14.0,20.0,16.0,23.0,17.0,69.0,12.0,6.0,15.0,14.0,35.13,11.99,34.82,39.94,43.86,48.8,17.76,44.84,40.86,40.19,32.26,61.24,50.39,61.56,2.2,0.4,1.0,1.3,2.0,0.7,0.5,0.1,0.2,0.2,0.5,0.1,1.57,1.23,1.5,1.45,1.21,1.44,0.12,0.02,0.06,0.3,0.3,0.2,0.3,0.2,0.1,0.2,0.2,0.2,0.2,10.0,15.0,3.0,2.0,7.0,7.0,4.0,3.0,18.0,6.0,11.0,2.0,6.0,8.0,3.0,1.0,4.0,3.0,4.0,20.0,2.0,1.0,4.0,1.0,22.0,35.0,13.0,16.0,21.0,21.0,14.0,11.0,38.0,13.0,24.0,11.0,17.0,26.0,9.0,18.0,10.0,19.0,11.0,39.0,8.0,4.0,9.0,13.0,2.0,2.0,5.0,11.0,1.0,1.0,9.0
2019-09-02 12:00:00,8.0,4.0,13.0,8.0,5.0,11.0,9.0,10.0,7.0,5.0,12.0,5.0,1.0,9.0,17.0,16.0,16.0,7.0,7.0,30.0,15.0,9.0,11.0,49.0,60.0,29.0,17.0,26.0,31.0,22.0,12.0,80.0,22.0,58.0,17.0,26.0,32.0,16.0,18.0,17.0,23.0,13.0,82.0,16.0,7.0,20.0,15.0,43.21,15.47,45.65,49.64,52.46,55.29,20.53,48.54,51.99,48.98,40.31,69.01,54.94,68.5,2.2,0.4,1.3,0.9,2.2,1.0,0.3,0.1,0.2,0.2,0.5,0.1,1.55,1.24,1.5,1.44,1.21,1.43,0.11,0.02,0.07,0.3,0.3,0.2,0.3,0.2,0.3,0.2,0.2,0.2,0.2,13.0,15.0,6.0,1.0,5.0,6.0,4.0,2.0,23.0,5.0,17.0,3.0,5.0,6.0,3.0,1.0,4.0,2.0,3.0,24.0,4.0,1.0,5.0,1.0,28.0,38.0,20.0,16.0,19.0,21.0,15.0,9.0,44.0,14.0,32.0,13.0,18.0,24.0,12.0,17.0,11.0,19.0,8.0,45.0,10.0,6.0,12.0,13.0,3.0,1.0,9.0,11.0,4.0,3.0,11.0
2019-09-02 13:00:00,7.0,4.0,12.0,11.0,5.0,11.0,8.0,10.0,8.0,6.0,11.0,8.0,2.0,20.0,17.0,18.0,20.0,9.0,8.0,41.0,18.0,11.0,12.0,48.0,45.0,35.0,15.0,20.0,19.0,18.0,11.0,57.0,19.0,60.0,17.0,21.0,26.0,15.0,14.0,15.0,23.0,11.0,69.0,15.0,7.0,11.0,16.0,62.36,22.39,61.6,73.54,71.37,73.82,48.78,58.4,70.1,63.91,55.71,84.58,73.61,81.89,2.7,0.5,1.0,1.6,2.4,1.3,0.3,0.1,0.1,0.2,0.4,0.1,1.58,1.23,1.48,1.43,1.21,1.43,0.15,0.02,0.05,0.3,0.3,0.2,0.3,0.2,0.2,0.2,0.2,0.2,0.2,12.0,8.0,7.0,1.0,3.0,3.0,3.0,2.0,13.0,4.0,16.0,3.0,4.0,5.0,2.0,1.0,3.0,1.0,2.0,18.0,3.0,1.0,2.0,1.0,30.0,33.0,24.0,14.0,15.0,14.0,13.0,8.0,37.0,13.0,35.0,13.0,15.0,19.0,11.0,12.0,10.0,21.0,7.0,42.0,10.0,5.0,7.0,14.0,3.0,4.0,9.0,16.0,6.0,3.0,13.0
2019-09-02 14:00:00,7.0,4.0,11.0,11.0,5.0,10.0,8.0,10.0,7.0,5.0,17.0,8.0,6.0,20.0,20.0,18.0,19.0,13.0,8.0,51.0,23.0,10.0,12.0,41.0,34.0,25.0,14.0,21.0,19.0,18.0,9.0,41.0,22.0,46.0,20.0,35.0,21.0,14.0,10.0,28.0,19.0,13.0,67.0,20.0,8.0,6.0,17.0,85.65,35.17,76.4,85.32,79.71,86.15,69.08,67.9,89.49,79.99,65.89,92.96,92.76,96.76,2.4,0.6,1.1,1.4,1.9,0.5,0.3,0.1,0.1,0.2,0.3,0.1,1.61,1.23,1.48,1.43,1.22,1.44,0.18,0.02,0.05,0.3,0.3,0.3,0.3,0.2,0.1,0.2,0.2,0.2,0.2,9.0,5.0,4.0,1.0,3.0,3.0,3.0,1.0,8.0,4.0,9.0,3.0,8.0,2.0,2.0,1.0,6.0,1.0,2.0,15.0,4.0,1.0,1.0,1.0,28.0,26.0,19.0,12.0,16.0,15.0,14.0,8.0,29.0,15.0,33.0,16.0,22.0,18.0,10.0,9.0,18.0,18.0,9.0,44.0,14.0,7.0,5.0,15.0,9.0,8.0,14.0,13.0,9.0,2.0,18.0
2019-09-02 15:00:00,7.0,5.0,9.0,10.0,5.0,10.0,8.0,9.0,7.0,3.0,15.0,14.0,10.0,22.0,16.0,18.0,22.0,13.0,10.0,55.0,27.0,10.0,10.0,42.0,30.0,27.0,13.0,19.0,21.0,16.0,11.0,43.0,20.0,35.0,16.0,33.0,22.0,13.0,11.0,16.0,18.0,16.0,59.0,26.0,10.0,7.0,17.0,101.2,43.47,94.02,96.77,98.11,93.37,82.71,85.55,101.9,91.25,88.95,101.9,102.0,112.4,2.2,0.9,0.9,1.2,1.6,0.6,0.3,0.2,0.1,0.2,0.4,0.1,1.64,1.23,1.49,1.43,1.21,1.44,0.21,0.02,0.05,0.3,0.3,0.2,0.3,0.2,0.1,0.2,0.2,0.2,0.3,7.0,4.0,3.0,1.0,4.0,3.0,2.0,1.0,8.0,3.0,6.0,2.0,9.0,2.0,1.0,1.0,2.0,1.0,3.0,11.0,7.0,1.0,1.0,1.0,31.0,24.0,21.0,12.0,14.0,17.0,12.0,9.0,31.0,14.0,26.0,14.0,19.0,19.0,11.0,10.0,12.0,17.0,12.0,41.0,16.0,9.0,5.0,15.0,8.0,10.0,9.0,16.0,8.0,3.0,21.0
2019-09-02 16:00:00,8.0,5.0,9.0,11.0,5.0,10.0,8.0,10.0,6.0,2.0,16.0,19.0,15.0,20.0,19.0,31.0,30.0,15.0,12.0,56.0,29.0,9.0,9.0,41.0,35.0,38.0,16.0,16.0,18.0,16.0,10.0,36.0,16.0,31.0,16.0,30.0,17.0,23.0,10.0,20.0,17.0,14.0,45.0,16.0,10.0,8.0,17.0,107.9,51.02,103.3,111.0,108.4,104.5,94.42,100.2,111.4,98.06,106.9,113.2,110.8,121.5,2.3,0.9,1.0,1.2,1.8,0.8,0.5,0.1,0.1,0.2,0.4,0.1,1.76,1.23,1.49,1.44,1.21,1.43,0.32,0.02,0.06,0.3,0.3,0.2,0.3,0.2,0.1,0.2,0.2,0.2,0.3,6.0,5.0,6.0,1.0,3.0,2.0,2.0,1.0,5.0,3.0,4.0,1.0,7.0,1.0,3.0,1.0,4.0,1.0,2.0,7.0,3.0,1.0,1.0,1.0,32.0,27.0,29.0,15.0,12.0,15.0,13.0,8.0,28.0,13.0,25.0,14.0,20.0,16.0,18.0,9.0,14.0,16.0,11.0,35.0,12.0,9.0,6.0,16.0,7.0,12.0,11.0,23.0,9.0,4.0,22.0
2019-09-02 17:00:00,8.0,5.0,8.0,11.0,5.0,11.0,8.0,10.0,6.0,2.0,23.0,26.0,20.0,14.0,21.0,14.0,33.0,18.0,21.0,60.0,25.0,11.0,8.0,28.0,40.0,32.0,17.0,13.0,18.0,15.0,14.0,37.0,17.0,36.0,16.0,17.0,13.0,20.0,11.0,28.0,17.0,16.0,49.0,24.0,12.0,9.0,17.0,114.7,59.37,111.0,116.2,116.3,113.4,103.2,107.9,118.6,105.0,110.8,120.1,118.6,129.9,2.5,0.9,0.7,1.0,2.0,0.9,0.5,0.1,0.1,0.2,0.4,0.1,1.89,1.23,1.5,1.46,1.21,1.44,0.44,0.02,0.07,0.3,0.3,0.2,0.3,0.2,0.1,0.2,0.2,0.2,0.3,4.0,6.0,4.0,1.0,2.0,2.0,1.0,1.0,6.0,3.0,4.0,1.0,2.0,1.0,2.0,1.0,5.0,1.0,2.0,9.0,5.0,1.0,1.0,1.0,23.0,31.0,25.0,16.0,10.0,16.0,13.0,12.0,27.0,13.0,29.0,14.0,13.0,11.0,17.0,10.0,20.0,15.0,13.0,36.0,16.0,10.0,7.0,16.0,14.0,14.0,9.0,25.0,10.0,12.0,17.0
2019-09-02 18:00:00,8.0,6.0,9.0,10.0,5.0,11.0,8.0,10.0,7.0,2.0,35.0,14.0,23.0,25.0,21.0,15.0,33.0,17.0,23.0,59.0,27.0,13.0,14.0,34.0,43.0,50.0,15.0,18.0,19.0,10.0,17.0,34.0,24.0,37.0,19.0,28.0,14.0,34.0,12.0,22.0,19.0,17.0,47.0,22.0,11.0,10.0,18.0,113.3,65.84,111.8,116.1,120.6,114.0,105.1,114.2,115.2,105.1,112.7,124.4,122.9,129.5,2.8,1.0,0.7,0.8,2.1,0.8,0.5,0.1,0.1,0.2,0.5,0.1,1.96,1.22,1.5,1.46,1.2,1.43,0.5,0.02,0.08,0.3,0.3,0.2,0.3,0.2,0.1,0.2,0.2,0.2,0.3,4.0,6.0,6.0,1.0,3.0,1.0,1.0,1.0,5.0,3.0,5.0,2.0,5.0,1.0,3.0,1.0,3.0,1.0,2.0,7.0,4.0,1.0,1.0,1.0,28.0,33.0,41.0,13.0,13.0,17.0,8.0,15.0,27.0,19.0,30.0,16.0,21.0,13.0,29.0,10.0,18.0,17.0,15.0,36.0,16.0,9.0,9.0,17.0,24.0,16.0,6.0,25.0,6.0,12.0,18.0
2019-09-02 19:00:00,8.0,6.0,9.0,10.0,5.0,11.0,8.0,10.0,7.0,2.0,32.0,9.0,26.0,45.0,30.0,21.0,27.0,22.0,25.0,69.0,33.0,12.0,18.0,30.0,54.0,64.0,33.0,25.0,17.0,10.0,22.0,28.0,34.0,53.0,18.0,36.0,13.0,35.0,12.0,91.0,19.0,22.0,72.0,32.0,9.0,12.0,20.0,104.1,59.51,106.9,117.6,123.9,108.1,110.2,115.2,108.5,105.6,103.1,112.3,121.1,128.9,4.8,1.2,0.7,0.6,2.4,1.0,0.7,0.2,0.1,0.1,0.6,0.2,1.94,1.22,1.51,1.46,1.2,1.43,0.48,0.02,0.09,0.3,0.3,0.2,0.3,0.2,0.1,0.2,0.2,0.2,0.3,3.0,6.0,9.0,2.0,3.0,1.0,1.0,1.0,3.0,4.0,7.0,1.0,6.0,1.0,2.0,1.0,19.0,1.0,2.0,14.0,4.0,1.0,1.0,1.0,26.0,46.0,51.0,30.0,20.0,15.0,8.0,20.0,24.0,28.0,42.0,16.0,26.0,11.0,33.0,11.0,62.0,18.0,19.0,50.0,26.0,8.0,11.0,18.0,16.0,16.0,15.0,16.0,8.0,11.0,20.0
2019-09-02 20:00:00,8.0,5.0,9.0,10.0,5.0,11.0,8.0,10.0,7.0,3.0,35.0,21.0,25.0,51.0,22.0,31.0,26.0,24.0,23.0,71.0,37.0,15.0,12.0,48.0,66.0,101.0,31.0,42.0,30.0,11.0,30.0,39.0,36.0,55.0,29.0,42.0,18.0,42.0,14.0,94.0,20.0,32.0,95.0,61.0,18.0,15.0,23.0,92.21,52.48,95.15,105.8,123.7,104.8,101.2,104.7,101.5,102.0,85.62,101.9,113.0,125.5,6.1,2.5,1.1,0.5,2.5,1.3,0.9,0.5,0.2,0.1,0.6,0.2,1.86,1.22,1.54,1.46,1.19,1.45,0.4,0.03,0.09,0.3,0.4,0.2,0.3,0.2,0.1,0.2,0.2,0.2,0.3,4.0,5.0,14.0,1.0,5.0,2.0,1.0,1.0,2.0,2.0,6.0,1.0,4.0,1.0,2.0,1.0,18.0,1.0,2.0,13.0,9.0,1.0,1.0,1.0,43.0,59.0,79.0,30.0,34.0,28.0,9.0,28.0,35.0,33.0,46.0,26.0,35.0,16.0,39.0,12.0,67.0,19.0,29.0,75.0,48.0,17.0,14.0,21.0,15.0,17.0,8.0,14.0,11.0,9.0,24.0
2019-09-02 21:00:00,7.0,5.0,10.0,11.0,5.0,11.0,8.0,9.0,7.0,4.0,35.0,28.0,20.0,42.0,28.0,32.0,29.0,25.0,27.0,70.0,36.0,18.0,15.0,91.0,85.0,98.0,67.0,54.0,54.0,18.0,52.0,68.0,51.0,97.0,42.0,79.0,28.0,52.0,16.0,86.0,54.0,44.0,120.0,71.0,29.0,25.0,26.0,69.22,38.81,84.47,84.1,109.7,79.96,79.67,79.43,90.82,84.88,66.02,76.51,94.29,96.61,7.6,2.4,2.3,0.5,2.3,1.4,1.1,0.5,0.3,0.1,0.6,0.3,1.81,1.22,1.57,1.46,1.19,1.47,0.36,0.03,0.11,0.5,0.5,0.3,0.4,0.2,0.2,0.3,0.3,0.3,0.3,7.0,4.0,10.0,2.0,3.0,1.0,1.0,2.0,4.0,2.0,12.0,1.0,8.0,1.0,1.0,1.0,12.0,1.0,3.0,16.0,8.0,1.0,1.0,1.0,81.0,79.0,84.0,65.0,49.0,52.0,16.0,49.0,61.0,49.0,78.0,40.0,67.0,27.0,51.0,15.0,67.0,52.0,40.0,95.0,59.0,27.0,23.0,25.0,19.0,13.0,14.0,18.0,13.0,13.0,25.0
2019-09-02 22:00:00,7.0,5.0,11.0,11.0,5.0,11.0,8.0,9.0,7.0,5.0,38.0,20.0,19.0,28.0,39.0,31.0,34.0,24.0,27.0,61.0,31.0,20.0,26.0,104.0,127.0,84.0,71.0,91.0,99.0,57.0,39.0,76.0,78.0,132.0,105.0,102.0,94.0,51.0,23.0,70.0,92.0,45.0,260.0,50.0,34.0,40.0,33.0,25.5,21.7,48.73,37.53,62.12,69.74,53.42,13.36,76.98,41.79,20.04,50.84,62.53,74.29,8.7,3.3,6.5,0.8,4.4,1.6,1.6,0.6,0.7,0.2,1.3,0.3,1.83,1.26,1.54,1.47,1.24,1.45,0.36,0.02,0.09,0.5,0.6,0.3,0.6,0.3,0.3,0.3,0.4,0.6,0.3,8.0,11.0,4.0,2.0,3.0,3.0,1.0,1.0,4.0,6.0,19.0,5.0,3.0,3.0,1.0,1.0,3.0,3.0,1.0,76.0,3.0,1.0,1.0,1.0,92.0,110.0,78.0,68.0,86.0,94.0,55.0,38.0,69.0,69.0,103.0,97.0,97.0,90.0,50.0,22.0,66.0,88.0,43.0,144.0,44.0,33.0,38.0,32.0,12.0,14.0,19.0,25.0,13.0,15.0,21.0
2019-09-02 23:00:00,7.0,4.0,12.0,11.0,5.0,11.0,9.0,9.0,8.0,6.0,25.0,23.0,17.0,25.0,26.0,21.0,27.0,21.0,16.0,52.0,45.0,18.0,15.0,44.0,73.0,35.0,58.0,105.0,84.0,54.0,40.0,66.0,42.0,52.0,46.0,65.0,70.0,31.0,45.0,27.0,65.0,40.0,199.0,30.0,34.0,34.0,27.0,34.9,15.24,20.48,25.73,40.95,47.18,34.92,37.57,41.38,38.58,11.06,43.71,49.15,67.87,6.3,1.5,6.7,1.9,4.1,0.9,1.3,0.3,0.8,0.4,1.1,0.2,1.78,1.26,1.52,1.49,1.23,1.42,0.29,0.04,0.1,0.3,0.4,0.3,0.6,0.2,0.3,0.2,0.3,0.6,0.3,3.0,3.0,1.0,1.0,3.0,3.0,1.0,2.0,4.0,2.0,4.0,1.0,2.0,1.0,1.0,1.0,1.0,1.0,2.0,49.0,1.0,1.0,1.0,1.0,39.0,68.0,34.0,57.0,100.0,80.0,52.0,37.0,60.0,39.0,45.0,44.0,62.0,68.0,29.0,43.0,26.0,64.0,37.0,124.0,29.0,32.0,33.0,25.0,9.0,15.0,14.0,17.0,12.0,6.0,31.0
2019-09-03 00:00:00,8.0,4.0,13.0,10.0,4.0,11.0,9.0,8.0,8.0,6.0,14.0,12.0,6.0,20.0,17.0,8.0,22.0,16.0,11.0,39.0,25.0,18.0,5.0,23.0,38.0,17.0,28.0,46.0,34.0,22.0,27.0,50.0,24.0,28.0,23.0,37.0,38.0,12.0,23.0,18.0,36.0,27.0,74.0,16.0,13.0,21.0,19.0,42.23,14.76,35.09,42.6,48.83,46.39,35.83,46.33,46.7,37.74,30.77,58.89,48.37,66.0,3.8,0.6,2.8,1.4,2.8,0.7,0.9,0.2,0.4,0.3,0.7,0.2,1.7,1.24,1.51,1.47,1.21,1.4,0.23,0.03,0.1,0.3,0.3,0.2,0.4,0.2,0.1,0.2,0.2,0.3,0.2,2.0,2.0,1.0,1.0,1.0,1.0,1.0,2.0,9.0,1.0,2.0,1.0,2.0,2.0,1.0,1.0,1.0,1.0,2.0,10.0,1.0,1.0,1.0,1.0,20.0,35.0,16.0,27.0,44.0,32.0,20.0,25.0,37.0,22.0,25.0,21.0,34.0,35.0,11.0,22.0,16.0,34.0,24.0,58.0,15.0,11.0,20.0,17.0,8.0,7.0,10.0,15.0,9.0,3.0,16.0
2019-09-03 01:00:00,8.0,4.0,13.0,9.0,4.0,11.0,9.0,9.0,8.0,6.0,13.0,13.0,1.0,13.0,16.0,1.0,23.0,9.0,15.0,26.0,17.0,12.0,2.0,21.0,27.0,12.0,26.0,20.0,20.0,12.0,47.0,35.0,13.0,17.0,13.0,15.0,22.0,8.0,18.0,10.0,15.0,20.0,36.0,10.0,7.0,25.0,14.0,45.89,13.51,47.36,46.51,51.87,36.75,39.38,52.74,47.39,49.24,44.84,60.96,46.43,68.63,2.9,0.4,1.7,2.0,1.8,0.6,0.5,0.1,0.2,0.2,0.5,0.2,1.64,1.23,1.51,1.45,1.21,1.4,0.19,0.02,0.12,0.3,0.2,0.2,0.3,0.2,0.1,0.2,0.2,0.2,0.2,3.0,1.0,1.0,1.0,1.0,1.0,1.0,7.0,5.0,1.0,2.0,1.0,1.0,1.0,1.0,1.0,1.0,1.0,1.0,3.0,1.0,1.0,1.0,1.0,16.0,25.0,11.0,24.0,18.0,19.0,10.0,36.0,27.0,11.0,14.0,12.0,14.0,20.0,6.0,16.0,9.0,14.0,18.0,31.0,8.0,5.0,23.0,13.0,6.0,1.0,9.0,9.0,4.0,8.0,10.0
2019-09-03 02:00:00,8.0,4.0,13.0,7.0,4.0,11.0,9.0,8.0,8.0,6.0,5.0,12.0,1.0,12.0,10.0,8.0,22.0,7.0,14.0,29.0,13.0,16.0,6.0,18.0,21.0,10.0,17.0,24.0,17.0,11.0,16.0,21.0,21.0,14.0,10.0,18.0,22.0,6.0,15.0,8.0,12.0,12.0,31.0,9.0,9.0,10.0,15.0,50.23,12.31,43.77,48.92,51.04,51.6,43.79,55.11,51.11,53.38,44.82,57.25,54.86,66.38,8.6,0.3,1.1,0.9,1.8,0.4,0.4,0.1,0.1,0.1,0.4,0.1,1.63,1.23,1.53,1.45,1.2,1.41,0.18,0.03,0.12,0.3,0.2,0.2,0.3,0.2,0.1,0.2,0.2,0.2,0.2,3.0,1.0,1.0,1.0,1.0,1.0,1.0,1.0,2.0,1.0,1.0,1.0,1.0,1.0,1.0,1.0,1.0,1.0,1.0,2.0,1.0,1.0,1.0,1.0,14.0,20.0,8.0,15.0,22.0,15.0,10.0,15.0,18.0,19.0,12.0,9.0,17.0,21.0,4.0,13.0,7.0,10.0,11.0,28.0,7.0,7.0,9.0,13.0,1.0,2.0,4.0,11.0,3.0,5.0,9.0
2019-09-03 03:00:00,8.0,4.0,13.0,7.0,4.0,11.0,9.0,9.0,8.0,6.0,8.0,10.0,5.0,11.0,11.0,6.0,9.0,8.0,5.0,26.0,12.0,12.0,7.0,14.0,12.0,8.0,8.0,13.0,11.0,10.0,13.0,14.0,12.0,12.0,10.0,10.0,10.0,3.0,7.0,6.0,11.0,8.0,17.0,8.0,7.0,8.0,16.0,58.69,15.88,51.2,53.75,48.99,51.19,52.38,55.13,59.19,54.14,55.86,60.34,55.65,64.13,23.5,0.2,1.0,0.5,4.5,0.3,0.3,0.1,0.1,0.1,0.3,0.1,1.63,1.23,1.52,1.44,1.19,1.4,0.19,0.04,0.12,0.3,0.2,0.2,0.3,0.1,0.1,0.2,0.2,0.1,0.2,2.0,1.0,1.0,1.0,1.0,1.0,1.0,1.0,2.0,1.0,1.0,1.0,1.0,1.0,1.0,1.0,1.0,1.0,1.0,1.0,1.0,1.0,1.0,1.0,11.0,11.0,6.0,7.0,12.0,9.0,8.0,11.0,12.0,9.0,10.0,8.0,9.0,9.0,1.0,5.0,5.0,9.0,7.0,15.0,6.0,5.0,6.0,14.0,2.0,8.0,6.0,5.0,5.0,1.0,7.0
2019-09-03 04:00:00,9.0,4.0,13.0,6.0,4.0,11.0,9.0,9.0,8.0,5.0,6.0,9.0,2.0,13.0,14.0,7.0,11.0,7.0,9.0,23.0,7.0,11.0,6.0,10.0,11.0,8.0,8.0,13.0,9.0,8.0,10.0,13.0,12.0,11.0,8.0,13.0,10.0,3.0,6.0,8.0,9.0,9.0,16.0,8.0,9.0,7.0,14.0,59.09,13.75,51.32,54.26,50.7,49.94,51.4,55.28,58.07,54.16,55.97,56.32,55.13,66.44,11.7,0.2,0.9,0.3,3.4,0.3,0.3,0.1,0.1,0.1,0.3,0.1,1.59,1.23,1.52,1.44,1.19,1.4,0.15,0.04,0.12,0.2,0.2,0.2,0.3,0.2,0.1,0.2,0.2,0.1,0.2,1.0,1.0,1.0,1.0,1.0,1.0,1.0,1.0,2.0,1.0,2.0,1.0,1.0,1.0,1.0,1.0,1.0,1.0,1.0,1.0,1.0,1.0,1.0,1.0,8.0,9.0,7.0,7.0,11.0,7.0,7.0,9.0,10.0,10.0,9.0,7.0,11.0,8.0,2.0,5.0,6.0,8.0,8.0,14.0,6.0,7.0,6.0,12.0,1.0,5.0,8.0,8.0,4.0,3.0,2.0
2019-09-03 05:00:00,8.0,4.0,13.0,6.0,4.0,11.0,9.0,9.0,8.0,6.0,5.0,7.0,1.0,11.0,13.0,7.0,11.0,8.0,6.0,27.0,13.0,9.0,7.0,11.0,13.0,8.0,8.0,13.0,9.0,9.0,14.0,31.0,14.0,10.0,8.0,12.0,10.0,3.0,6.0,8.0,10.0,14.0,14.0,9.0,7.0,9.0,12.0,56.37,13.67,50.73,53.54,49.79,47.93,45.3,54.24,57.67,52.35,57.01,60.93,51.94,68.87,3.7,0.2,0.8,0.5,3.0,0.4,0.3,0.1,0.1,0.1,0.3,0.1,1.57,1.24,1.52,1.44,1.19,1.4,0.13,0.04,0.12,0.3,0.2,0.2,0.3,0.2,0.1,0.2,0.2,0.1,0.2,1.0,1.0,1.0,1.0,1.0,1.0,1.0,1.0,8.0,1.0,1.0,1.0,1.0,1.0,1.0,1.0,1.0,1.0,1.0,1.0,1.0,1.0,1.0,1.0,9.0,11.0,7.0,6.0,11.0,7.0,7.0,13.0,18.0,12.0,8.0,7.0,11.0,8.0,1.0,5.0,6.0,9.0,13.0,13.0,7.0,5.0,7.0,11.0,1.0,4.0,7.0,7.0,6.0,1.0,8.0
2019-09-03 06:00:00,8.0,4.0,13.0,5.0,4.0,11.0,9.0,10.0,8.0,6.0,10.0,10.0,1.0,12.0,10.0,9.0,9.0,8.0,7.0,17.0,13.0,9.0,7.0,14.0,13.0,9.0,19.0,21.0,9.0,9.0,21.0,19.0,12.0,13.0,10.0,12.0,12.0,4.0,7.0,10.0,13.0,19.0,18.0,9.0,10.0,18.0,13.0,56.31,11.04,43.41,54.48,49.4,46.41,47.25,52.55,57.81,49.26,54.61,51.9,43.06,67.23,3.0,0.2,1.0,0.4,1.7,0.4,0.3,0.1,0.1,0.1,0.3,0.1,1.56,1.23,1.52,1.44,1.19,1.4,0.12,0.04,0.12,0.3,0.2,0.2,0.3,0.2,0.1,0.2,0.2,0.1,0.2,2.0,1.0,1.0,1.0,1.0,1.0,1.0,1.0,3.0,1.0,2.0,1.0,1.0,1.0,1.0,1.0,1.0,1.0,1.0,1.0,1.0,1.0,1.0,1.0,11.0,11.0,8.0,17.0,19.0,7.0,7.0,19.0,15.0,10.0,10.0,9.0,10.0,10.0,3.0,5.0,8.0,11.0,16.0,16.0,8.0,8.0,16.0,11.0,3.0,2.0,5.0,4.0,5.0,1.0,8.0
2019-09-03 07:00:00,8.0,4.0,13.0,5.0,4.0,11.0,9.0,10.0,8.0,6.0,13.0,9.0,1.0,12.0,11.0,11.0,13.0,7.0,12.0,26.0,15.0,12.0,9.0,20.0,30.0,15.0,35.0,31.0,16.0,11.0,23.0,20.0,24.0,17.0,21.0,25.0,28.0,10.0,15.0,22.0,25.0,33.0,53.0,17.0,22.0,29.0,18.0,41.61,7.09,35.08,48.42,46.4,45.49,46.22,40.47,47.82,37.57,36.11,38.58,32.36,55.06,2.3,0.2,0.8,0.5,1.4,0.3,0.3,0.1,0.1,0.1,0.4,0.1,1.58,1.24,1.52,1.45,1.2,1.39,0.13,0.04,0.13,0.3,0.2,0.2,0.3,0.2,0.1,0.2,0.2,0.2,0.2,2.0,2.0,1.0,1.0,1.0,1.0,1.0,1.0,2.0,3.0,2.0,1.0,1.0,2.0,1.0,1.0,1.0,1.0,3.0,9.0,1.0,2.0,1.0,1.0,16.0,27.0,13.0,34.0,29.0,14.0,9.0,21.0,17.0,20.0,15.0,20.0,23.0,26.0,9.0,13.0,20.0,23.0,29.0,40.0,16.0,20.0,28.0,16.0,6.0,5.0,6.0,8.0,4.0,4.0,10.0
2019-09-03 08:00:00,8.0,4.0,13.0,5.0,4.0,11.0,9.0,10.0,8.0,6.0,12.0,9.0,2.0,13.0,17.0,16.0,17.0,9.0,18.0,29.0,13.0,12.0,11.0,46.0,75.0,37.0,53.0,43.0,44.0,19.0,46.0,52.0,43.0,38.0,43.0,68.0,58.0,27.0,38.0,46.0,50.0,67.0,106.0,39.0,44.0,49.0,33.0,16.02,4.77,27.39,26.71,35.56,30.55,25.76,22.04,25.64,23.66,17.33,17.99,17.49,32.59,2.4,0.3,1.2,0.5,1.5,0.4,0.4,0.1,0.3,0.1,0.4,0.1,1.63,1.24,1.53,1.49,1.21,1.41,0.15,0.03,0.12,0.3,0.3,0.3,0.4,0.2,0.1,0.2,0.3,0.3,0.2,7.0,10.0,2.0,2.0,2.0,3.0,1.0,3.0,5.0,2.0,5.0,2.0,6.0,4.0,2.0,1.0,4.0,5.0,11.0,26.0,2.0,5.0,3.0,3.0,35.0,60.0,34.0,49.0,39.0,40.0,18.0,41.0,44.0,40.0,31.0,40.0,59.0,52.0,24.0,36.0,40.0,42.0,50.0,66.0,35.0,37.0,44.0,28.0,5.0,6.0,9.0,13.0,5.0,9.0,6.0
2019-09-03 09:00:00,9.0,5.0,14.0,5.0,5.0,13.0,9.0,11.0,8.0,6.0,16.0,14.0,5.0,17.0,21.0,22.0,20.0,11.0,14.0,8.0,18.0,19.0,17.0,88.0,146.0,52.0,77.0,84.0,77.0,53.0,32.0,110.0,63.0,103.0,57.0,74.0,99.0,57.0,55.0,65.0,55.0,67.0,152.0,53.0,34.0,82.0,53.0,7.27,2.66,11.05,12.14,18.78,38.92,12.92,16.99,12.28,24.99,12.35,20.24,9.79,19.65,3.0,0.7,2.2,0.7,2.2,0.6,0.8,0.2,0.4,0.2,0.7,0.2,1.66,1.26,1.57,1.49,1.22,1.41,0.18,0.04,0.15,0.5,0.5,0.4,0.5,0.2,0.2,0.3,0.3,0.4,0.3,18.0,45.0,5.0,11.0,14.0,13.0,7.0,2.0,29.0,8.0,29.0,7.0,14.0,20.0,7.0,3.0,11.0,8.0,13.0,47.0,8.0,4.0,17.0,15.0,61.0,78.0,43.0,60.0,62.0,58.0,43.0,28.0,66.0,51.0,59.0,47.0,53.0,69.0,46.0,50.0,48.0,43.0,47.0,81.0,41.0,27.0,56.0,29.0,5.0,8.0,10.0,14.0,5.0,4.0,10.0
2019-09-03 10:00:00,9.0,5.0,14.0,6.0,5.0,14.0,9.0,13.0,8.0,6.0,27.0,16.0,7.0,23.0,31.0,26.0,30.0,22.0,19.0,15.0,25.0,14.0,18.0,131.0,136.0,86.0,48.0,84.0,99.0,93.0,48.0,164.0,51.0,120.0,62.0,63.0,96.0,85.0,52.0,76.0,62.0,44.0,137.0,38.0,27.0,53.0,30.0,13.52,3.9,18.8,17.18,17.37,36.5,8.56,21.82,21.07,26.68,20.29,35.09,30.59,43.04,2.4,1.3,4.0,1.8,6.3,1.1,0.6,0.3,0.6,0.4,1.4,0.2,1.59,1.32,1.55,1.46,1.24,1.42,0.13,0.07,0.13,0.6,0.5,0.3,0.6,0.3,0.4,0.2,0.3,0.4,0.3,36.0,40.0,18.0,5.0,18.0,26.0,24.0,8.0,56.0,10.0,37.0,12.0,13.0,23.0,18.0,5.0,18.0,12.0,9.0,41.0,8.0,4.0,11.0,7.0,75.0,74.0,59.0,41.0,56.0,59.0,56.0,35.0,78.0,36.0,64.0,44.0,44.0,62.0,56.0,44.0,48.0,43.0,30.0,74.0,26.0,21.0,36.0,19.0,11.0,7.0,11.0,23.0,12.0,6.0,16.0
2019-09-03 11:00:00,9.0,5.0,14.0,8.0,6.0,13.0,9.0,11.0,8.0,7.0,32.0,12.0,14.0,24.0,29.0,49.0,20.0,25.0,19.0,38.0,18.0,20.0,23.0,110.0,104.0,92.0,48.0,83.0,77.0,111.0,39.0,136.0,58.0,101.0,63.0,57.0,83.0,69.0,62.0,76.0,115.0,36.0,114.0,36.0,18.0,47.0,22.0,35.13,4.43,25.51,31.75,23.83,45.95,18.55,26.77,22.67,20.63,31.9,56.92,41.94,55.91,2.2,2.2,3.8,5.4,6.1,2.5,0.5,0.3,0.5,0.8,1.1,0.2,1.56,1.35,1.56,1.46,1.25,1.43,0.1,0.1,0.12,0.5,0.4,0.3,0.5,0.4,0.6,0.2,0.3,0.3,0.3,29.0,27.0,22.0,6.0,20.0,18.0,31.0,7.0,41.0,12.0,28.0,13.0,12.0,20.0,15.0,8.0,19.0,36.0,8.0,33.0,8.0,2.0,10.0,3.0,66.0,63.0,58.0,40.0,53.0,50.0,64.0,28.0,74.0,39.0,58.0,43.0,38.0,52.0,46.0,50.0,47.0,60.0,23.0,63.0,23.0,15.0,31.0,17.0,14.0,8.0,12.0,11.0,13.0,4.0,8.0
2019-09-03 12:00:00,7.0,5.0,13.0,11.0,5.0,12.0,9.0,9.0,8.0,6.0,25.0,17.0,24.0,11.0,27.0,56.0,25.0,27.0,16.0,51.0,23.0,18.0,29.0,74.0,63.0,76.0,35.0,38.0,45.0,52.0,44.0,86.0,38.0,76.0,48.0,44.0,39.0,63.0,27.0,56.0,45.0,25.0,71.0,37.0,7.0,53.0,21.0,43.21,7.88,54.21,57.14,51.34,50.64,38.97,41.63,57.66,50.48,57.92,69.01,47.56,66.84,2.2,2.1,4.8,6.0,6.6,3.5,0.3,0.2,0.6,0.7,1.0,0.2,1.54,1.27,1.52,1.44,1.22,1.43,0.1,0.05,0.09,0.4,0.3,0.2,0.5,0.3,0.2,0.2,0.3,0.2,0.2,16.0,12.0,15.0,2.0,7.0,9.0,10.0,9.0,22.0,7.0,18.0,8.0,8.0,6.0,14.0,1.0,12.0,7.0,5.0,18.0,9.0,1.0,12.0,2.0,49.0,45.0,54.0,31.0,28.0,31.0,37.0,30.0,53.0,27.0,48.0,35.0,32.0,30.0,42.0,26.0,37.0,34.0,17.0,44.0,24.0,6.0,35.0,18.0,10.0,16.0,12.0,17.0,16.0,4.0,14.0
2019-09-03 13:00:00,7.0,6.0,11.0,12.0,5.0,11.0,9.0,9.0,8.0,6.0,25.0,18.0,18.0,18.0,28.0,41.0,32.0,22.0,16.0,57.0,29.0,21.0,24.0,60.0,57.0,60.0,24.0,34.0,41.0,34.0,23.0,59.0,40.0,57.0,49.0,69.0,36.0,57.0,28.0,38.0,25.0,30.0,76.0,39.0,36.0,23.0,26.0,62.36,37.63,68.91,64.36,68.88,74.79,57.84,56.99,65.53,72.68,63.37,70.49,73.2,78.06,2.7,2.2,1.5,3.4,5.7,1.7,0.3,0.2,0.2,0.3,0.7,0.2,1.48,1.25,1.52,1.43,1.23,1.45,0.05,0.02,0.08,0.3,0.3,0.2,0.3,0.2,0.1,0.2,0.3,0.2,0.3,12.0,10.0,11.0,1.0,7.0,8.0,6.0,3.0,12.0,7.0,10.0,8.0,22.0,5.0,12.0,1.0,7.0,2.0,5.0,19.0,7.0,5.0,4.0,3.0,42.0,41.0,43.0,22.0,23.0,30.0,25.0,18.0,40.0,29.0,42.0,37.0,34.0,28.0,39.0,26.0,27.0,22.0,22.0,47.0,28.0,29.0,17.0,21.0,12.0,11.0,13.0,22.0,11.0,5.0,21.0
2019-09-03 14:00:00,7.0,5.0,10.0,11.0,5.0,10.0,9.0,9.0,8.0,4.0,39.0,19.0,18.0,26.0,50.0,33.0,43.0,27.0,25.0,71.0,36.0,17.0,22.0,53.0,50.0,63.0,30.0,21.0,29.0,29.0,25.0,48.0,47.0,53.0,44.0,96.0,23.0,52.0,21.0,44.0,19.0,20.0,58.0,30.0,34.0,19.0,25.0,85.65,52.54,89.54,86.93,81.15,87.75,70.47,73.04,86.85,89.45,87.02,88.46,91.2,93.77,6.5,1.6,0.9,1.9,4.7,1.4,0.5,0.2,0.2,0.2,0.7,0.2,1.57,1.28,1.51,1.45,1.26,1.46,0.11,0.02,0.05,0.3,0.3,0.2,0.3,0.2,0.1,0.2,0.3,0.2,0.3,10.0,8.0,11.0,2.0,3.0,4.0,4.0,3.0,9.0,9.0,9.0,6.0,35.0,2.0,10.0,1.0,8.0,1.0,3.0,12.0,5.0,4.0,3.0,1.0,38.0,38.0,46.0,26.0,16.0,23.0,22.0,21.0,34.0,34.0,40.0,35.0,43.0,20.0,38.0,19.0,31.0,18.0,16.0,40.0,23.0,28.0,14.0,23.0,23.0,11.0,17.0,26.0,13.0,12.0,26.0
2019-09-03 15:00:00,8.0,5.0,9.0,11.0,5.0,10.0,8.0,9.0,7.0,3.0,34.0,26.0,24.0,44.0,37.0,28.0,35.0,28.0,19.0,78.0,35.0,17.0,14.0,36.0,41.0,65.0,26.0,21.0,25.0,19.0,27.0,34.0,34.0,44.0,36.0,61.0,19.0,51.0,17.0,41.0,16.0,26.0,51.0,35.0,25.0,22.0,26.0,99.06,68.57,101.0,105.9,104.7,96.95,95.43,94.45,100.4,104.6,106.9,103.6,103.8,108.1,6.0,2.0,0.9,1.3,3.4,1.1,0.5,0.3,0.2,0.2,0.6,0.1,1.67,1.28,1.52,1.52,1.26,1.47,0.15,0.02,0.06,0.3,0.3,0.2,0.3,0.2,0.1,0.2,0.3,0.2,0.3,6.0,6.0,10.0,1.0,3.0,3.0,2.0,3.0,5.0,5.0,7.0,5.0,17.0,1.0,8.0,1.0,6.0,1.0,4.0,8.0,5.0,2.0,3.0,1.0,27.0,32.0,49.0,24.0,17.0,21.0,16.0,23.0,27.0,26.0,34.0,29.0,35.0,17.0,39.0,16.0,31.0,14.0,20.0,39.0,27.0,22.0,17.0,24.0,19.0,16.0,13.0,25.0,8.0,4.0,24.0
2019-09-03 16:00:00,8.0,5.0,9.0,11.0,5.0,10.0,8.0,10.0,6.0,2.0,26.0,16.0,24.0,28.0,36.0,11.0,21.0,27.0,24.0,76.0,29.0,16.0,12.0,42.0,42.0,63.0,29.0,22.0,20.0,14.0,26.0,27.0,32.0,36.0,20.0,32.0,17.0,31.0,13.0,39.0,13.0,22.0,45.0,29.0,18.0,19.0,19.0,114.3,76.44,110.7,116.0,119.5,115.2,114.8,127.2,124.3,118.5,114.0,128.2,121.3,137.8,5.4,2.4,0.9,1.3,2.9,1.2,0.4,0.4,0.2,0.2,0.6,0.2,1.85,1.25,1.57,1.5,1.23,1.49,0.35,0.02,0.08,0.3,0.3,0.2,0.3,0.2,0.1,0.2,0.2,0.2,0.3,5.0,6.0,10.0,2.0,3.0,2.0,1.0,2.0,3.0,5.0,5.0,2.0,6.0,1.0,3.0,1.0,6.0,1.0,3.0,7.0,3.0,1.0,2.0,1.0,33.0,33.0,48.0,26.0,17.0,17.0,12.0,23.0,22.0,24.0,29.0,17.0,23.0,15.0,26.0,12.0,29.0,12.0,18.0,35.0,24.0,16.0,15.0,18.0,10.0,15.0,19.0,13.0,11.0,6.0,19.0
2019-09-03 17:00:00,8.0,5.0,9.0,10.0,5.0,10.0,8.0,10.0,7.0,3.0,28.0,25.0,22.0,9.0,31.0,14.0,36.0,32.0,28.0,76.0,36.0,16.0,16.0,33.0,31.0,45.0,27.0,19.0,17.0,9.0,22.0,25.0,31.0,35.0,18.0,25.0,15.0,29.0,10.0,42.0,16.0,19.0,51.0,27.0,13.0,14.0,21.0,132.7,91.61,126.1,131.5,134.7,132.8,127.4,139.4,139.3,130.6,125.5,143.7,141.2,148.5,6.8,1.7,0.8,0.7,2.4,1.2,0.6,0.3,0.1,0.2,0.5,0.2,1.96,1.22,1.53,1.49,1.2,1.45,0.48,0.02,0.08,0.3,0.2,0.2,0.3,0.2,0.1,0.2,0.2,0.2,0.3,4.0,3.0,6.0,1.0,3.0,1.0,1.0,1.0,3.0,4.0,5.0,1.0,3.0,1.0,3.0,1.0,7.0,1.0,2.0,7.0,3.0,1.0,1.0,1.0,27.0,26.0,35.0,26.0,15.0,15.0,8.0,20.0,22.0,25.0,27.0,16.0,20.0,13.0,25.0,9.0,31.0,14.0,16.0,41.0,23.0,11.0,12.0,19.0,14.0,14.0,14.0,26.0,19.0,12.0,25.0
2019-09-03 18:00:00,8.0,5.0,10.0,10.0,5.0,11.0,8.0,10.0,8.0,2.0,24.0,26.0,22.0,36.0,27.0,18.0,35.0,18.0,22.0,67.0,37.0,14.0,9.0,42.0,44.0,60.0,37.0,22.0,24.0,7.0,25.0,31.0,24.0,38.0,25.0,24.0,15.0,36.0,9.0,31.0,23.0,26.0,47.0,32.0,8.0,15.0,20.0,124.8,96.01,127.8,122.2,137.0,140.6,122.8,133.1,137.4,138.7,127.0,118.2,147.1,149.6,6.4,1.2,0.9,0.4,2.2,1.2,0.6,0.2,0.2,0.1,0.4,0.2,1.92,1.21,1.54,1.47,1.2,1.45,0.46,0.02,0.09,0.3,0.3,0.2,0.3,0.2,0.1,0.2,0.2,0.2,0.3,4.0,4.0,7.0,2.0,3.0,1.0,1.0,1.0,3.0,2.0,5.0,2.0,2.0,1.0,3.0,1.0,4.0,1.0,2.0,5.0,4.0,1.0,1.0,1.0,36.0,37.0,49.0,34.0,17.0,22.0,5.0,23.0,26.0,20.0,31.0,22.0,20.0,14.0,31.0,8.0,24.0,21.0,23.0,39.0,26.0,7.0,13.0,18.0,12.0,13.0,10.0,26.0,6.0,8.0,29.0
2019-09-03 19:00:00,8.0,4.0,9.0,11.0,5.0,11.0,9.0,10.0,7.0,2.0,25.0,28.0,18.0,29.0,28.0,13.0,20.0,22.0,20.0,68.0,37.0,15.0,3.0,49.0,74.0,93.0,39.0,29.0,24.0,6.0,24.0,27.0,35.0,68.0,23.0,42.0,17.0,50.0,9.0,107.0,23.0,23.0,52.0,39.0,8.0,12.0,18.0,85.25,75.38,118.2,112.1,118.2,125.9,106.8,104.7,116.7,134.5,117.6,112.0,130.5,118.7,17.5,1.5,1.0,0.2,2.1,1.5,0.8,0.3,0.2,0.1,0.5,0.3,1.86,1.2,1.52,1.46,1.17,1.42,0.4,0.03,0.11,0.3,0.4,0.2,0.3,0.2,0.1,0.2,0.2,0.2,0.3,6.0,9.0,18.0,2.0,4.0,1.0,1.0,2.0,2.0,4.0,13.0,2.0,6.0,1.0,5.0,1.0,27.0,1.0,2.0,7.0,7.0,1.0,1.0,2.0,40.0,60.0,65.0,36.0,23.0,22.0,4.0,21.0,23.0,30.0,48.0,20.0,33.0,16.0,42.0,8.0,66.0,21.0,20.0,40.0,28.0,7.0,10.0,14.0,10.0,8.0,16.0,12.0,9.0,7.0,30.0
2019-09-03 20:00:00,7.0,4.0,9.0,10.0,5.0,11.0,9.0,10.0,7.0,2.0,35.0,19.0,17.0,24.0,27.0,3.0,1.0,24.0,25.0,49.0,27.0,11.0,6.0,64.0,57.0,130.0,31.0,54.0,26.0,6.0,20.0,43.0,50.0,67.0,24.0,43.0,18.0,59.0,11.0,111.0,16.0,28.0,96.0,58.0,10.0,9.0,18.0,80.49,64.19,83.9,88.71,107.0,104.4,86.07,98.36,92.06,118.2,78.54,106.8,108.8,112.8,9.9,2.1,0.9,0.1,2.2,1.6,1.0,0.4,0.2,0.1,0.6,0.2,1.78,1.2,1.55,1.46,1.16,1.4,0.33,0.04,0.15,0.4,0.4,0.2,0.3,0.1,0.1,0.2,0.2,0.2,0.3,6.0,5.0,29.0,1.0,8.0,1.0,1.0,1.0,3.0,5.0,11.0,1.0,6.0,1.0,5.0,1.0,25.0,1.0,2.0,19.0,9.0,1.0,1.0,2.0,55.0,50.0,87.0,30.0,42.0,24.0,5.0,18.0,38.0,43.0,50.0,22.0,34.0,16.0,51.0,9.0,73.0,14.0,24.0,67.0,44.0,9.0,8.0,16.0,23.0,10.0,15.0,1.0,13.0,11.0,19.0
2019-09-03 21:00:00,7.0,4.0,10.0,11.0,4.0,11.0,9.0,10.0,7.0,3.0,33.0,14.0,16.0,19.0,25.0,10.0,8.0,18.0,20.0,32.0,20.0,14.0,10.0,72.0,70.0,139.0,56.0,82.0,49.0,11.0,73.0,67.0,55.0,105.0,35.0,66.0,37.0,71.0,19.0,127.0,52.0,48.0,94.0,78.0,18.0,15.0,19.0,57.82,45.91,52.99,64.84,95.33,61.06,56.69,77.63,74.8,72.38,58.71,90.29,95.68,98.4,6.9,3.4,1.7,0.1,2.5,1.7,1.0,0.7,0.3,0.1,0.7,0.3,1.78,1.21,1.59,1.46,1.16,1.39,0.32,0.05,0.21,0.4,0.4,0.3,0.4,0.2,0.1,0.2,0.3,0.3,0.3,6.0,3.0,27.0,1.0,11.0,2.0,1.0,5.0,4.0,4.0,19.0,1.0,6.0,1.0,4.0,1.0,30.0,1.0,2.0,15.0,11.0,1.0,1.0,1.0,63.0,65.0,97.0,54.0,66.0,45.0,10.0,66.0,61.0,49.0,76.0,34.0,56.0,35.0,65.0,18.0,82.0,51.0,45.0,70.0,61.0,16.0,14.0,17.0,21.0,10.0,13.0,3.0,7.0,7.0,12.0
2019-09-03 22:00:00,6.0,4.0,11.0,10.0,4.0,11.0,9.0,9.0,7.0,5.0,21.0,15.0,15.0,33.0,27.0,12.0,15.0,19.0,19.0,24.0,26.0,14.0,16.0,75.0,66.0,96.0,53.0,72.0,47.0,29.0,87.0,57.0,54.0,91.0,61.0,66.0,44.0,48.0,26.0,101.0,75.0,65.0,137.0,57.0,26.0,28.0,30.0,52.57,37.75,48.95,57.25,71.08,44.05,50.26,41.41,66.07,46.03,36.34,69.47,75.14,72.11,7.7,3.8,2.1,0.2,3.5,1.3,1.2,0.7,0.4,0.1,0.9,0.2,1.78,1.22,1.61,1.47,1.18,1.41,0.32,0.04,0.2,0.4,0.4,0.3,0.4,0.2,0.1,0.2,0.3,0.3,0.4,7.0,3.0,14.0,2.0,7.0,1.0,1.0,7.0,3.0,2.0,12.0,2.0,4.0,1.0,1.0,1.0,19.0,2.0,2.0,31.0,5.0,1.0,1.0,1.0,64.0,61.0,75.0,51.0,61.0,45.0,28.0,76.0,52.0,51.0,72.0,58.0,59.0,42.0,46.0,24.0,72.0,71.0,62.0,90.0,49.0,24.0,26.0,29.0,8.0,12.0,15.0,6.0,9.0,6.0,16.0
2019-09-03 23:00:00,7.0,4.0,12.0,11.0,5.0,11.0,9.0,9.0,7.0,6.0,17.0,10.0,11.0,23.0,23.0,12.0,17.0,18.0,15.0,27.0,22.0,16.0,14.0,63.0,103.0,54.0,44.0,66.0,39.0,14.0,67.0,62.0,54.0,104.0,124.0,60.0,59.0,35.0,26.0,80.0,66.0,64.0,98.0,60.0,27.0,29.0,31.0,24.82,33.56,47.83,61.88,84.54,46.43,49.32,14.21,56.72,43.2,44.7,60.77,67.72,60.66,8.4,2.1,2.5,0.4,3.4,1.5,1.3,0.4,0.4,0.1,0.9,0.3,1.81,1.22,1.63,1.48,1.17,1.44,0.33,0.05,0.18,0.4,0.5,0.3,0.4,0.2,0.1,0.3,0.5,0.3,0.4,4.0,9.0,2.0,1.0,5.0,1.0,1.0,2.0,3.0,3.0,14.0,22.0,2.0,1.0,1.0,1.0,4.0,1.0,2.0,18.0,5.0,1.0,1.0,1.0,57.0,89.0,52.0,42.0,57.0,37.0,13.0,64.0,57.0,49.0,82.0,91.0,57.0,58.0,34.0,24.0,74.0,65.0,61.0,72.0,52.0,25.0,27.0,29.0,8.0,10.0,13.0,10.0,11.0,4.0,14.0
2019-09-04 00:00:00,7.0,4.0,12.0,9.0,4.0,11.0,9.0,9.0,7.0,6.0,24.0,12.0,8.0,15.0,23.0,15.0,19.0,16.0,15.0,31.0,22.0,13.0,13.0,57.0,69.0,45.0,28.0,71.0,50.0,16.0,53.0,83.0,32.0,85.0,120.0,36.0,52.0,30.0,32.0,76.0,60.0,49.0,436.0,30.0,33.0,24.0,30.0,39.76,38.33,34.04,45.27,77.89,47.05,30.76,13.29,49.91,41.53,3.58,41.79,63.94,60.05,8.2,1.5,2.6,0.2,5.5,1.0,1.2,0.3,0.5,0.1,1.2,0.2,1.73,1.22,1.59,1.47,1.17,1.42,0.26,0.05,0.17,0.4,0.4,0.2,0.4,0.2,0.2,0.2,0.5,0.7,0.3,3.0,3.0,1.0,1.0,2.0,1.0,1.0,1.0,9.0,2.0,11.0,22.0,1.0,1.0,1.0,1.0,7.0,1.0,2.0,193.0,1.0,1.0,1.0,1.0,52.0,65.0,43.0,27.0,68.0,49.0,14.0,51.0,69.0,30.0,67.0,87.0,34.0,51.0,28.0,31.0,65.0,59.0,47.0,140.0,28.0,31.0,23.0,29.0,12.0,9.0,12.0,12.0,11.0,6.0,13.0
2019-09-04 01:00:00,8.0,4.0,12.0,9.0,5.0,12.0,9.0,9.0,8.0,6.0,16.0,7.0,9.0,23.0,19.0,12.0,17.0,18.0,14.0,16.0,33.0,13.0,10.0,32.0,51.0,31.0,40.0,54.0,47.0,22.0,108.0,50.0,29.0,32.0,21.0,31.0,36.0,22.0,28.0,30.0,37.0,80.0,120.0,19.0,27.0,44.0,19.0,44.6,30.43,39.37,43.34,66.5,7.85,41.03,66.53,55.65,53.76,30.14,42.47,41.56,72.21,4.6,1.4,4.3,0.4,3.0,1.9,0.8,0.1,0.6,0.1,0.7,0.2,1.69,1.24,1.58,1.47,1.2,1.37,0.22,0.05,0.21,0.3,0.3,0.2,0.4,0.2,0.1,0.2,0.2,0.3,0.2,2.0,2.0,1.0,1.0,2.0,1.0,1.0,8.0,3.0,2.0,1.0,1.0,1.0,1.0,1.0,1.0,1.0,1.0,5.0,29.0,1.0,1.0,1.0,1.0,30.0,48.0,29.0,38.0,51.0,45.0,20.0,96.0,44.0,26.0,30.0,20.0,29.0,34.0,20.0,26.0,29.0,36.0,72.0,76.0,17.0,25.0,43.0,17.0,6.0,11.0,9.0,10.0,10.0,4.0,22.0
2019-09-04 02:00:00,8.0,5.0,12.0,8.0,5.0,11.0,9.0,8.0,8.0,6.0,14.0,8.0,6.0,20.0,16.0,14.0,23.0,9.0,14.0,15.0,17.0,11.0,9.0,38.0,85.0,45.0,58.0,80.0,31.0,23.0,77.0,63.0,39.0,28.0,14.0,26.0,44.0,35.0,40.0,27.0,20.0,123.0,111.0,18.0,22.0,58.0,18.0,31.59,19.29,16.88,55.74,61.37,15.52,36.34,72.67,42.1,64.13,17.34,41.12,22.69,72.54,5.1,1.5,2.2,1.3,1.9,2.3,0.6,0.1,0.3,0.2,0.4,0.3,1.67,1.26,1.61,1.46,1.21,1.41,0.22,0.05,0.2,0.3,0.3,0.3,0.3,0.2,0.1,0.2,0.2,0.4,0.2,2.0,15.0,1.0,1.0,7.0,1.0,1.0,2.0,6.0,2.0,1.0,1.0,1.0,1.0,1.0,1.0,1.0,1.0,24.0,20.0,1.0,1.0,1.0,1.0,35.0,62.0,44.0,56.0,70.0,30.0,22.0,74.0,54.0,35.0,26.0,13.0,24.0,43.0,33.0,39.0,26.0,18.0,87.0,80.0,16.0,20.0,57.0,17.0,5.0,7.0,7.0,13.0,3.0,4.0,9.0
2019-09-04 03:00:00,7.0,4.0,12.0,8.0,4.0,11.0,9.0,9.0,7.0,6.0,8.0,9.0,4.0,18.0,14.0,8.0,20.0,10.0,10.0,7.0,23.0,11.0,9.0,85.0,46.0,27.0,38.0,85.0,41.0,21.0,38.0,43.0,41.0,29.0,14.0,16.0,58.0,25.0,31.0,21.0,28.0,60.0,66.0,13.0,18.0,27.0,18.0,42.88,21.87,8.03,36.78,54.47,42.67,45.41,70.26,41.47,53.97,24.21,37.83,47.41,69.21,21.9,0.8,4.1,0.8,3.6,2.1,0.5,0.1,0.4,0.2,0.4,0.3,1.69,1.24,1.59,1.46,1.19,1.4,0.23,0.05,0.18,0.4,0.2,0.2,0.4,0.2,0.1,0.2,0.2,0.3,0.2,10.0,1.0,1.0,1.0,7.0,1.0,1.0,1.0,2.0,3.0,1.0,1.0,1.0,1.0,1.0,1.0,1.0,1.0,3.0,3.0,1.0,1.0,1.0,1.0,68.0,44.0,26.0,37.0,74.0,39.0,20.0,37.0,39.0,37.0,28.0,13.0,15.0,56.0,23.0,29.0,19.0,26.0,55.0,62.0,12.0,17.0,25.0,17.0,1.0,6.0,6.0,14.0,4.0,3.0,12.0
2019-09-04 04:00:00,8.0,4.0,12.0,7.0,4.0,11.0,9.0,9.0,7.0,7.0,13.0,9.0,4.0,22.0,17.0,8.0,26.0,9.0,7.0,10.0,17.0,10.0,5.0,67.0,54.0,17.0,21.0,76.0,41.0,31.0,31.0,76.0,44.0,23.0,18.0,20.0,51.0,12.0,22.0,24.0,27.0,42.0,53.0,15.0,17.0,15.0,15.0,34.37,29.07,11.07,19.68,26.01,46.58,14.71,58.89,40.06,48.21,25.32,40.82,55.36,70.14,28.9,0.7,4.7,1.3,3.7,3.3,0.5,0.1,0.4,0.2,0.4,0.2,1.7,1.26,1.61,1.48,1.21,1.43,0.23,0.05,0.17,0.3,0.2,0.2,0.3,0.2,0.2,0.2,0.2,0.2,0.2,7.0,5.0,1.0,1.0,7.0,1.0,1.0,1.0,12.0,2.0,1.0,1.0,1.0,2.0,1.0,1.0,1.0,1.0,1.0,4.0,1.0,1.0,1.0,1.0,57.0,46.0,16.0,19.0,65.0,39.0,30.0,29.0,58.0,41.0,21.0,16.0,18.0,49.0,10.0,20.0,21.0,25.0,41.0,46.0,14.0,15.0,14.0,13.0,5.0,6.0,11.0,18.0,5.0,2.0,9.0
2019-09-04 05:00:00,8.0,4.0,12.0,6.0,4.0,12.0,9.0,9.0,8.0,7.0,16.0,7.0,11.0,19.0,11.0,11.0,31.0,7.0,8.0,1.0,18.0,9.0,5.0,55.0,18.0,14.0,21.0,49.0,26.0,27.0,25.0,114.0,45.0,18.0,14.0,36.0,36.0,12.0,17.0,21.0,55.0,25.0,30.0,14.0,17.0,17.0,14.0,58.47,28.18,21.49,35.75,25.98,44.18,22.62,59.31,38.83,24.84,41.48,38.75,51.63,68.24,12.5,0.7,3.4,1.7,2.6,3.7,0.4,0.1,0.3,0.2,0.4,0.2,1.65,1.28,1.56,1.46,1.22,1.4,0.2,0.06,0.16,0.3,0.2,0.2,0.3,0.2,0.1,0.2,0.2,0.1,0.2,5.0,1.0,1.0,1.0,2.0,1.0,1.0,1.0,41.0,2.0,2.0,1.0,2.0,1.0,1.0,1.0,1.0,5.0,1.0,1.0,1.0,1.0,1.0,1.0,47.0,17.0,13.0,19.0,46.0,24.0,26.0,24.0,52.0,41.0,15.0,13.0,33.0,34.0,10.0,15.0,19.0,47.0,23.0,28.0,12.0,15.0,15.0,13.0,9.0,12.0,6.0,19.0,3.0,1.0,11.0
2019-09-04 06:00:00,8.0,4.0,12.0,5.0,4.0,11.0,9.0,9.0,8.0,6.0,14.0,10.0,14.0,23.0,11.0,10.0,33.0,8.0,5.0,16.0,14.0,11.0,9.0,61.0,17.0,13.0,15.0,41.0,21.0,23.0,47.0,35.0,34.0,20.0,18.0,28.0,19.0,11.0,14.0,17.0,24.0,51.0,38.0,11.0,17.0,14.0,15.0,59.97,31.97,24.99,41.7,29.19,29.58,38.55,56.2,43.91,43.47,36.67,36.87,55.17,66.49,5.9,0.6,2.8,1.6,3.3,2.2,0.4,0.1,0.1,0.2,0.4,0.1,1.63,1.3,1.65,1.45,1.24,1.47,0.18,0.06,0.18,0.3,0.2,0.2,0.3,0.2,0.1,0.2,0.2,0.1,0.2,10.0,1.0,1.0,1.0,3.0,1.0,1.0,3.0,3.0,2.0,2.0,1.0,1.0,1.0,1.0,1.0,1.0,1.0,2.0,4.0,1.0,1.0,1.0,1.0,47.0,16.0,12.0,13.0,37.0,20.0,22.0,43.0,30.0,31.0,17.0,17.0,27.0,17.0,9.0,12.0,16.0,22.0,47.0,32.0,10.0,15.0,13.0,14.0,7.0,15.0,5.0,28.0,4.0,1.0,8.0
2019-09-04 07:00:00,8.0,4.0,13.0,5.0,4.0,11.0,9.0,9.0,8.0,7.0,11.0,9.0,14.0,8.0,11.0,11.0,3.0,7.0,8.0,11.0,14.0,13.0,12.0,77.0,37.0,24.0,20.0,72.0,37.0,18.0,80.0,39.0,34.0,33.0,29.0,33.0,31.0,16.0,20.0,35.0,48.0,76.0,73.0,19.0,26.0,18.0,19.0,44.16,31.77,9.84,29.51,39.94,16.67,43.94,45.38,38.98,26.84,23.26,29.33,52.24,63.34,4.3,0.4,3.0,1.5,2.6,1.2,0.4,0.1,0.2,0.2,0.4,0.1,1.61,1.3,1.71,1.45,1.25,1.53,0.17,0.05,0.19,0.3,0.2,0.2,0.3,0.1,0.1,0.2,0.2,0.2,0.2,17.0,2.0,1.0,1.0,9.0,2.0,1.0,8.0,4.0,3.0,5.0,1.0,1.0,1.0,1.0,1.0,2.0,2.0,9.0,16.0,1.0,1.0,1.0,1.0,50.0,34.0,23.0,19.0,59.0,34.0,16.0,67.0,32.0,29.0,26.0,28.0,32.0,30.0,14.0,19.0,32.0,46.0,62.0,49.0,17.0,24.0,16.0,17.0,4.0,14.0,5.0,1.0,4.0,1.0,8.0
2019-09-04 08:00:00,11.0,4.0,13.0,6.0,4.0,12.0,9.0,10.0,8.0,7.0,11.0,9.0,9.0,17.0,15.0,19.0,12.0,9.0,11.0,35.0,12.0,14.0,14.0,225.0,91.0,44.0,49.0,90.0,86.0,20.0,143.0,72.0,83.0,74.0,56.0,79.0,71.0,40.0,34.0,57.0,100.0,149.0,127.0,36.0,48.0,32.0,36.0,16.19,20.29,6.06,4.04,35.97,4.29,26.21,22.43,29.86,7.11,9.25,15.35,38.28,37.05,3.7,0.6,4.9,1.4,3.2,1.0,0.5,0.1,0.5,0.1,0.5,0.2,1.63,1.31,1.74,1.45,1.27,1.53,0.18,0.04,0.21,0.6,0.3,0.2,0.5,0.1,0.1,0.3,0.3,0.3,0.2,92.0,13.0,1.0,3.0,12.0,18.0,1.0,31.0,10.0,17.0,16.0,2.0,8.0,5.0,2.0,1.0,4.0,18.0,42.0,38.0,2.0,5.0,1.0,4.0,83.0,71.0,42.0,44.0,72.0,58.0,18.0,95.0,56.0,56.0,50.0,53.0,67.0,64.0,37.0,32.0,51.0,72.0,85.0,69.0,34.0,40.0,30.0,30.0,4.0,9.0,8.0,7.0,3.0,1.0,4.0
2019-09-04 09:00:00,13.0,5.0,14.0,7.0,5.0,13.0,9.0,10.0,8.0,7.0,19.0,14.0,6.0,25.0,19.0,33.0,20.0,21.0,27.0,62.0,21.0,17.0,19.0,332.0,143.0,85.0,110.0,124.0,125.0,58.0,143.0,108.0,139.0,108.0,64.0,87.0,115.0,79.0,53.0,80.0,124.0,192.0,211.0,58.0,34.0,66.0,58.0,7.79,5.9,5.96,3.27,23.48,8.16,12.0,20.84,11.25,10.56,7.45,20.24,18.41,20.15,4.9,1.2,10.4,3.5,3.7,1.5,1.0,0.2,1.2,0.4,0.8,0.3,1.69,1.37,1.85,1.46,1.3,1.61,0.23,0.07,0.25,0.8,0.5,0.5,0.6,0.2,0.3,0.5,0.3,0.7,0.3,151.0,37.0,12.0,22.0,29.0,39.0,15.0,35.0,24.0,40.0,27.0,6.0,14.0,24.0,11.0,2.0,12.0,35.0,65.0,79.0,7.0,4.0,10.0,18.0,101.0,86.0,67.0,76.0,79.0,65.0,35.0,89.0,71.0,78.0,67.0,55.0,65.0,78.0,63.0,50.0,61.0,70.0,93.0,89.0,48.0,28.0,51.0,31.0,8.0,5.0,9.0,13.0,6.0,6.0,11.0
2019-09-04 10:00:00,13.0,6.0,14.0,9.0,5.0,14.0,9.0,11.0,9.0,7.0,26.0,16.0,17.0,36.0,29.0,56.0,24.0,39.0,26.0,67.0,21.0,17.0,21.0,354.0,143.0,72.0,95.0,101.0,189.0,78.0,123.0,149.0,86.0,127.0,71.0,77.0,176.0,80.0,87.0,62.0,101.0,101.0,171.0,67.0,27.0,43.0,33.0,14.4,7.19,15.57,6.57,17.53,21.72,12.45,25.11,7.16,18.93,17.93,38.58,36.31,40.66,6.9,2.0,7.7,2.9,6.3,1.4,1.4,0.3,1.0,0.3,1.4,0.3,1.72,1.36,1.79,1.48,1.29,1.59,0.24,0.07,0.2,0.9,0.5,0.4,0.7,0.3,0.5,0.4,0.3,0.4,0.3,160.0,40.0,11.0,19.0,24.0,70.0,21.0,29.0,44.0,21.0,39.0,13.0,16.0,56.0,16.0,15.0,12.0,26.0,25.0,56.0,13.0,4.0,8.0,9.0,108.0,83.0,55.0,66.0,64.0,82.0,46.0,79.0,82.0,55.0,68.0,52.0,53.0,89.0,56.0,64.0,44.0,61.0,63.0,86.0,47.0,21.0,32.0,20.0,13.0,11.0,15.0,15.0,12.0,9.0,11.0
2019-09-04 11:00:00,10.0,5.0,13.0,11.0,6.0,12.0,9.0,10.0,8.0,8.0,30.0,12.0,21.0,38.0,27.0,86.0,30.0,22.0,16.0,45.0,24.0,19.0,32.0,164.0,107.0,70.0,50.0,71.0,106.0,99.0,89.0,107.0,108.0,84.0,52.0,69.0,104.0,62.0,71.0,46.0,68.0,67.0,113.0,38.0,29.0,39.0,25.0,30.47,15.24,31.73,27.06,28.47,39.16,26.4,44.61,21.88,39.09,36.7,60.27,49.06,59.48,7.8,3.4,6.8,4.6,6.1,1.6,1.2,0.4,0.7,0.6,1.1,0.3,1.72,1.34,1.64,1.48,1.25,1.48,0.24,0.09,0.15,0.6,0.4,0.3,0.5,0.4,0.2,0.3,0.3,0.3,0.3,54.0,27.0,12.0,5.0,15.0,29.0,25.0,19.0,27.0,28.0,20.0,9.0,13.0,26.0,12.0,9.0,9.0,13.0,14.0,32.0,8.0,4.0,8.0,5.0,81.0,66.0,51.0,42.0,48.0,62.0,60.0,60.0,66.0,66.0,52.0,38.0,49.0,64.0,44.0,58.0,33.0,48.0,45.0,64.0,26.0,23.0,27.0,17.0,15.0,12.0,10.0,20.0,9.0,5.0,15.0
2019-09-04 12:00:00,7.0,4.0,13.0,12.0,5.0,12.0,9.0,11.0,8.0,7.0,19.0,17.0,23.0,34.0,20.0,58.0,40.0,38.0,25.0,53.0,23.0,21.0,36.0,95.0,94.0,87.0,61.0,53.0,60.0,62.0,48.0,109.0,74.0,81.0,44.0,65.0,58.0,75.0,63.0,48.0,44.0,58.0,87.0,41.0,29.0,46.0,22.0,39.74,22.37,47.04,49.13,48.87,61.39,35.44,59.73,32.99,56.49,53.82,72.07,60.27,76.13,5.7,1.9,2.7,4.6,6.6,4.1,0.6,0.3,0.3,0.5,1.0,0.3,1.69,1.29,1.55,1.46,1.23,1.46,0.23,0.06,0.09,0.4,0.4,0.3,0.4,0.2,0.2,0.2,0.3,0.2,0.3,24.0,21.0,18.0,8.0,10.0,11.0,13.0,8.0,28.0,17.0,19.0,7.0,12.0,10.0,16.0,7.0,10.0,6.0,15.0,22.0,9.0,4.0,9.0,2.0,58.0,62.0,59.0,48.0,38.0,43.0,43.0,36.0,66.0,48.0,52.0,33.0,47.0,43.0,51.0,52.0,33.0,34.0,35.0,53.0,27.0,24.0,32.0,19.0,5.0,13.0,5.0,32.0,10.0,13.0,13.0
2019-09-04 13:00:00,7.0,4.0,11.0,13.0,5.0,11.0,9.0,10.0,8.0,7.0,28.0,18.0,25.0,23.0,33.0,34.0,31.0,99.0,22.0,69.0,34.0,20.0,8.0,101.0,80.0,98.0,42.0,53.0,61.0,65.0,29.0,85.0,54.0,79.0,44.0,59.0,61.0,73.0,45.0,55.0,36.0,28.0,91.0,35.0,26.0,30.0,22.0,53.02,33.73,55.7,60.23,58.58,83.73,47.05,70.7,51.53,68.81,56.24,84.69,79.07,89.22,5.1,2.0,2.1,7.3,4.9,2.3,0.6,0.3,0.3,0.4,0.5,0.3,1.68,1.29,1.52,1.45,1.23,1.45,0.22,0.07,0.07,0.4,0.4,0.2,0.4,0.2,0.2,0.2,0.3,0.2,0.3,23.0,15.0,19.0,3.0,10.0,11.0,12.0,4.0,19.0,9.0,17.0,7.0,11.0,10.0,15.0,2.0,13.0,3.0,4.0,22.0,6.0,3.0,5.0,2.0,65.0,57.0,69.0,37.0,39.0,44.0,46.0,23.0,57.0,40.0,54.0,34.0,42.0,45.0,50.0,42.0,36.0,32.0,21.0,57.0,26.0,21.0,22.0,19.0,13.0,16.0,16.0,21.0,19.0,10.0,23.0
2019-09-04 14:00:00,7.0,4.0,10.0,12.0,5.0,11.0,9.0,9.0,8.0,6.0,29.0,19.0,21.0,33.0,31.0,8.0,23.0,29.0,18.0,66.0,31.0,14.0,2.0,72.0,70.0,60.0,31.0,39.0,49.0,46.0,24.0,71.0,64.0,68.0,32.0,77.0,45.0,49.0,32.0,38.0,34.0,25.0,75.0,37.0,33.0,19.0,20.0,73.75,52.68,73.28,75.97,80.03,96.3,62.82,92.15,79.9,82.83,75.89,94.14,98.03,103.8,4.6,2.2,1.8,5.9,4.7,1.7,0.5,0.3,0.2,0.4,0.5,0.2,1.69,1.26,1.52,1.45,1.2,1.4,0.24,0.06,0.12,0.3,0.3,0.2,0.3,0.2,0.1,0.2,0.2,0.2,0.3,13.0,13.0,9.0,2.0,6.0,7.0,8.0,3.0,14.0,12.0,14.0,4.0,19.0,5.0,7.0,1.0,6.0,2.0,4.0,17.0,8.0,3.0,3.0,3.0,52.0,50.0,46.0,28.0,30.0,38.0,34.0,20.0,49.0,46.0,47.0,26.0,47.0,38.0,38.0,30.0,29.0,31.0,19.0,49.0,26.0,28.0,15.0,16.0,13.0,10.0,14.0,10.0,15.0,6.0,18.0
2019-09-04 15:00:00,7.0,5.0,9.0,11.0,5.0,11.0,9.0,9.0,8.0,4.0,38.0,48.0,13.0,21.0,24.0,4.0,31.0,29.0,28.0,37.0,2.0,11.0,9.0,42.0,58.0,75.0,29.0,27.0,29.0,30.0,21.0,40.0,38.0,55.0,35.0,48.0,27.0,49.0,28.0,36.0,21.0,22.0,54.0,30.0,24.0,17.0,20.0,91.47,63.72,97.27,103.7,99.84,103.3,88.73,103.9,98.32,104.7,96.69,113.8,106.3,116.9,4.6,2.0,1.2,2.2,3.6,1.2,0.6,0.3,0.2,0.2,0.4,0.1,1.74,1.25,1.52,1.46,1.19,1.37,0.28,0.06,0.14,0.3,0.4,0.2,0.3,0.2,0.1,0.2,0.3,0.2,0.3,6.0,9.0,12.0,2.0,4.0,3.0,4.0,2.0,6.0,6.0,9.0,4.0,10.0,2.0,6.0,1.0,5.0,2.0,3.0,10.0,5.0,2.0,2.0,1.0,32.0,44.0,56.0,26.0,21.0,24.0,24.0,18.0,31.0,29.0,40.0,29.0,32.0,24.0,39.0,26.0,28.0,18.0,17.0,39.0,23.0,22.0,13.0,18.0,23.0,6.0,6.0,21.0,17.0,15.0,1.0
2019-09-04 16:00:00,8.0,4.0,9.0,11.0,5.0,11.0,9.0,9.0,7.0,3.0,17.0,34.0,17.0,11.0,26.0,3.0,19.0,28.0,27.0,41.0,23.0,9.0,10.0,44.0,48.0,60.0,48.0,26.0,26.0,20.0,23.0,29.0,41.0,45.0,26.0,42.0,21.0,63.0,21.0,119.0,26.0,17.0,69.0,36.0,18.0,12.0,19.0,106.2,66.06,111.1,120.9,122.2,112.6,113.0,126.8,116.6,109.1,105.4,132.9,117.2,130.0,4.5,2.1,1.0,1.5,2.8,1.0,0.6,0.3,0.2,0.2,0.4,0.1,1.86,1.24,1.52,1.47,1.19,1.37,0.39,0.05,0.15,0.3,0.3,0.3,0.3,0.2,0.1,0.2,0.2,0.2,0.3,7.0,5.0,7.0,10.0,4.0,2.0,2.0,2.0,3.0,6.0,7.0,3.0,6.0,1.0,9.0,1.0,38.0,1.0,2.0,13.0,8.0,1.0,1.0,1.0,34.0,40.0,49.0,33.0,20.0,23.0,17.0,20.0,25.0,32.0,34.0,21.0,32.0,19.0,49.0,19.0,60.0,25.0,14.0,49.0,24.0,17.0,10.0,17.0,3.0,12.0,13.0,12.0,16.0,13.0,11.0
2019-09-04 17:00:00,7.0,4.0,9.0,11.0,5.0,11.0,9.0,10.0,7.0,3.0,21.0,48.0,20.0,11.0,20.0,10.0,12.0,13.0,18.0,31.0,33.0,13.0,9.0,28.0,48.0,89.0,36.0,18.0,24.0,16.0,21.0,34.0,32.0,36.0,19.0,30.0,20.0,25.0,15.0,64.0,27.0,18.0,66.0,29.0,16.0,15.0,18.0,126.1,78.04,132.1,139.8,141.5,133.4,123.7,143.3,136.8,121.9,121.6,146.6,131.8,151.7,5.8,1.7,1.0,1.1,2.4,1.0,0.7,0.3,0.2,0.2,0.4,0.1,1.97,1.25,1.52,1.49,1.19,1.37,0.48,0.05,0.15,0.3,0.3,0.3,0.3,0.2,0.1,0.2,0.2,0.2,0.3,3.0,5.0,17.0,1.0,2.0,2.0,1.0,2.0,4.0,3.0,6.0,2.0,3.0,1.0,2.0,1.0,15.0,1.0,2.0,12.0,3.0,1.0,2.0,2.0,24.0,40.0,63.0,34.0,15.0,21.0,14.0,18.0,29.0,27.0,27.0,16.0,25.0,18.0,22.0,14.0,41.0,25.0,16.0,48.0,25.0,15.0,13.0,15.0,9.0,14.0,9.0,5.0,4.0,6.0,21.0
2019-09-04 18:00:00,7.0,4.0,9.0,11.0,5.0,11.0,9.0,10.0,7.0,3.0,32.0,15.0,16.0,12.0,22.0,11.0,3.0,12.0,17.0,28.0,32.0,11.0,11.0,34.0,35.0,77.0,33.0,21.0,22.0,15.0,23.0,31.0,29.0,33.0,22.0,31.0,18.0,34.0,14.0,41.0,30.0,25.0,85.0,37.0,12.0,18.0,18.0,142.5,92.04,142.7,154.0,151.0,144.9,133.8,151.4,147.8,132.4,121.5,158.0,140.9,158.0,4.7,2.0,0.9,1.1,2.6,1.0,0.5,0.4,0.2,0.2,0.4,0.1,1.97,1.24,1.52,1.49,1.19,1.38,0.48,0.05,0.14,0.3,0.2,0.2,0.3,0.2,0.1,0.2,0.2,0.2,0.3,4.0,3.0,11.0,2.0,2.0,2.0,1.0,1.0,3.0,3.0,4.0,2.0,3.0,1.0,2.0,1.0,6.0,1.0,2.0,13.0,5.0,1.0,1.0,1.0,28.0,32.0,60.0,30.0,18.0,20.0,14.0,21.0,26.0,24.0,26.0,19.0,27.0,16.0,31.0,13.0,32.0,29.0,22.0,65.0,29.0,10.0,16.0,17.0,18.0,10.0,11.0,1.0,4.0,6.0,23.0
2019-09-04 19:00:00,7.0,4.0,9.0,10.0,5.0,11.0,9.0,10.0,7.0,3.0,16.0,11.0,18.0,13.0,24.0,17.0,3.0,22.0,14.0,34.0,31.0,13.0,13.0,37.0,47.0,49.0,35.0,28.0,28.0,17.0,25.0,43.0,44.0,44.0,26.0,35.0,15.0,40.0,12.0,44.0,41.0,34.0,116.0,27.0,13.0,20.0,19.0,138.4,97.22,140.1,153.4,155.6,150.8,131.5,149.5,126.9,129.8,110.2,160.8,144.4,165.4,4.2,1.8,1.1,1.1,2.7,1.1,0.5,0.3,0.2,0.2,0.5,0.2,1.89,1.24,1.53,1.48,1.19,1.38,0.41,0.05,0.15,0.3,0.3,0.2,0.3,0.2,0.1,0.2,0.3,0.2,0.3,3.0,3.0,4.0,1.0,2.0,1.0,1.0,1.0,5.0,4.0,5.0,1.0,2.0,1.0,2.0,1.0,6.0,1.0,3.0,19.0,2.0,1.0,1.0,1.0,32.0,42.0,43.0,33.0,24.0,26.0,16.0,23.0,36.0,38.0,36.0,24.0,31.0,14.0,37.0,11.0,35.0,40.0,29.0,87.0,24.0,12.0,18.0,17.0,5.0,12.0,13.0,1.0,13.0,4.0,22.0
2019-09-04 20:00:00,6.0,4.0,8.0,11.0,5.0,11.0,9.0,10.0,7.0,3.0,20.0,12.0,17.0,30.0,20.0,18.0,11.0,23.0,10.0,34.0,35.0,16.0,14.0,49.0,63.0,114.0,62.0,26.0,37.0,22.0,30.0,45.0,40.0,49.0,35.0,57.0,25.0,43.0,14.0,45.0,47.0,57.0,153.0,37.0,18.0,22.0,26.0,122.6,80.62,139.5,144.3,150.4,147.5,134.5,137.0,94.84,126.4,82.48,157.1,148.1,163.1,5.1,2.3,1.3,1.1,3.2,1.5,0.8,0.4,0.3,0.2,0.5,0.2,1.83,1.24,1.59,1.49,1.19,1.42,0.34,0.06,0.17,0.3,0.4,0.3,0.4,0.2,0.1,0.2,0.3,0.3,0.3,3.0,3.0,12.0,2.0,1.0,1.0,1.0,1.0,4.0,2.0,5.0,1.0,3.0,1.0,1.0,1.0,3.0,1.0,4.0,24.0,1.0,1.0,1.0,1.0,45.0,58.0,96.0,59.0,24.0,35.0,20.0,28.0,39.0,38.0,42.0,34.0,52.0,24.0,41.0,12.0,40.0,45.0,51.0,117.0,35.0,16.0,20.0,24.0,4.0,12.0,8.0,6.0,16.0,1.0,28.0
2019-09-04 21:00:00,7.0,5.0,9.0,12.0,5.0,11.0,9.0,10.0,8.0,4.0,39.0,17.0,16.0,28.0,70.0,23.0,6.0,19.0,18.0,47.0,36.0,12.0,21.0,75.0,108.0,108.0,83.0,47.0,75.0,60.0,62.0,63.0,81.0,82.0,51.0,96.0,46.0,63.0,21.0,52.0,63.0,74.0,330.0,55.0,35.0,44.0,41.0,78.91,59.64,113.3,100.1,111.5,113.3,112.9,115.3,97.06,101.0,16.52,124.5,109.8,123.5,6.9,2.5,2.3,1.2,3.2,3.3,1.0,0.5,0.5,0.2,0.6,0.5,1.87,1.3,1.66,1.55,1.23,1.47,0.32,0.07,0.19,0.4,0.5,0.4,0.4,0.2,0.1,0.3,0.3,0.6,0.3,7.0,6.0,6.0,2.0,1.0,1.0,1.0,2.0,4.0,2.0,8.0,1.0,6.0,1.0,1.0,1.0,1.0,1.0,3.0,93.0,1.0,1.0,1.0,1.0,64.0,98.0,98.0,81.0,45.0,73.0,58.0,60.0,56.0,78.0,70.0,50.0,88.0,45.0,61.0,20.0,51.0,62.0,70.0,188.0,53.0,33.0,42.0,39.0,10.0,11.0,4.0,1.0,10.0,7.0,28.0
2019-09-04 22:00:00,7.0,5.0,12.0,12.0,4.0,11.0,9.0,10.0,8.0,6.0,56.0,22.0,15.0,30.0,73.0,42.0,25.0,25.0,23.0,52.0,39.0,18.0,10.0,132.0,158.0,158.0,111.0,154.0,95.0,29.0,97.0,108.0,136.0,152.0,92.0,103.0,131.0,81.0,42.0,90.0,140.0,79.0,324.0,69.0,38.0,48.0,27.0,32.09,34.48,30.65,67.85,71.08,52.91,64.64,50.42,82.46,42.65,7.58,81.25,78.09,99.31,10.2,4.8,4.1,0.2,5.1,3.2,1.4,0.9,0.7,0.1,0.9,0.5,2.11,1.22,2.62,1.7,1.18,1.39,0.41,0.04,1.23,0.6,0.7,0.4,0.5,0.2,0.2,0.5,0.4,0.6,0.4,24.0,17.0,24.0,2.0,15.0,2.0,1.0,7.0,9.0,10.0,22.0,3.0,3.0,10.0,1.0,1.0,9.0,18.0,3.0,85.0,7.0,1.0,1.0,1.0,95.0,132.0,121.0,108.0,132.0,92.0,28.0,86.0,95.0,122.0,118.0,87.0,98.0,116.0,79.0,41.0,76.0,113.0,75.0,194.0,59.0,36.0,47.0,26.0,12.0,12.0,16.0,14.0,14.0,9.0,28.0
2019-09-04 23:00:00,7.0,4.0,11.0,11.0,5.0,11.0,9.0,8.0,8.0,6.0,25.0,24.0,17.0,38.0,22.0,19.0,33.0,15.0,18.0,25.0,29.0,19.0,15.0,38.0,42.0,24.0,27.0,69.0,42.0,27.0,42.0,46.0,25.0,49.0,26.0,28.0,43.0,16.0,22.0,27.0,36.0,27.0,142.0,20.0,27.0,16.0,16.0,67.48,44.1,53.46,74.78,79.37,67.49,58.04,75.0,77.85,68.67,41.63,72.55,80.39,91.42,7.4,1.3,5.1,1.6,4.8,1.3,1.3,0.2,0.7,0.3,0.9,0.2,1.74,1.25,1.53,1.49,1.19,1.37,0.25,0.06,0.16,0.3,0.3,0.2,0.4,0.2,0.1,0.2,0.2,0.3,0.3,5.0,2.0,1.0,1.0,2.0,1.0,1.0,4.0,4.0,2.0,6.0,1.0,1.0,1.0,1.0,1.0,1.0,1.0,1.0,31.0,1.0,1.0,1.0,1.0,31.0,39.0,23.0,25.0,67.0,40.0,25.0,36.0,40.0,22.0,39.0,25.0,27.0,41.0,14.0,21.0,25.0,34.0,25.0,95.0,18.0,26.0,15.0,15.0,6.0,12.0,7.0,22.0,7.0,7.0,17.0
2019-09-05 00:00:00,7.0,4.0,11.0,10.0,4.0,11.0,9.0,8.0,8.0,6.0,15.0,23.0,11.0,22.0,18.0,45.0,27.0,13.0,19.0,25.0,23.0,19.0,29.0,17.0,23.0,10.0,15.0,13.0,15.0,9.0,10.0,38.0,10.0,15.0,10.0,15.0,16.0,5.0,13.0,11.0,16.0,13.0,37.0,8.0,6.0,13.0,13.0,74.75,51.38,80.86,83.54,84.68,84.85,64.54,83.97,79.24,77.89,71.66,88.52,80.33,94.88,2.7,0.4,1.0,0.7,2.5,0.6,0.5,0.1,0.2,0.2,0.5,0.1,1.64,1.24,1.52,1.47,1.19,1.4,0.17,0.05,0.13,0.3,0.2,0.3,0.3,0.2,0.1,0.2,0.2,0.2,0.2,3.0,1.0,1.0,1.0,1.0,1.0,1.0,1.0,7.0,1.0,1.0,1.0,1.0,1.0,1.0,1.0,1.0,1.0,1.0,4.0,1.0,1.0,1.0,1.0,13.0,21.0,9.0,13.0,11.0,14.0,8.0,9.0,27.0,8.0,13.0,9.0,13.0,15.0,4.0,12.0,9.0,15.0,11.0,31.0,7.0,5.0,12.0,12.0,2.0,6.0,6.0,15.0,5.0,5.0,7.0
2019-09-05 01:00:00,7.0,4.0,12.0,9.0,4.0,11.0,9.0,8.0,8.0,6.0,16.0,17.0,12.0,23.0,20.0,36.0,22.0,14.0,21.0,35.0,20.0,15.0,23.0,15.0,20.0,10.0,21.0,10.0,15.0,8.0,9.0,21.0,9.0,11.0,9.0,11.0,16.0,5.0,15.0,7.0,12.0,11.0,29.0,7.0,6.0,22.0,13.0,75.27,50.15,81.7,81.43,84.46,85.31,68.47,85.8,76.13,78.78,75.59,91.7,72.06,95.08,1.9,0.3,0.7,0.5,1.6,1.4,0.4,0.1,0.2,0.2,0.3,0.1,1.61,1.24,1.53,1.47,1.21,1.41,0.14,0.02,0.12,0.3,0.2,0.2,0.3,0.2,0.1,0.2,0.2,0.2,0.2,2.0,1.0,1.0,1.0,1.0,1.0,1.0,1.0,2.0,1.0,1.0,1.0,1.0,1.0,1.0,1.0,1.0,1.0,1.0,2.0,1.0,1.0,1.0,1.0,12.0,19.0,9.0,19.0,8.0,13.0,7.0,7.0,18.0,7.0,9.0,8.0,10.0,14.0,4.0,14.0,6.0,10.0,9.0,25.0,6.0,4.0,20.0,11.0,5.0,7.0,8.0,12.0,6.0,5.0,10.0
2019-09-05 02:00:00,8.0,4.0,12.0,7.0,4.0,11.0,9.0,9.0,8.0,6.0,13.0,14.0,10.0,18.0,17.0,24.0,22.0,13.0,23.0,30.0,16.0,16.0,12.0,13.0,18.0,8.0,16.0,9.0,14.0,8.0,16.0,18.0,6.0,9.0,7.0,10.0,14.0,4.0,13.0,7.0,12.0,7.0,21.0,7.0,5.0,16.0,12.0,75.45,49.15,81.04,80.68,83.29,74.53,69.51,86.07,76.27,75.01,77.97,89.24,75.89,94.26,1.5,1.0,0.6,0.4,1.1,1.5,0.3,0.1,0.1,0.2,0.3,0.1,1.58,1.23,1.52,1.46,1.21,1.42,0.12,0.02,0.1,0.3,0.2,0.2,0.3,0.2,0.1,0.2,0.2,0.2,0.2,2.0,1.0,1.0,1.0,1.0,1.0,1.0,1.0,1.0,1.0,1.0,1.0,1.0,1.0,1.0,1.0,1.0,1.0,1.0,1.0,1.0,1.0,1.0,1.0,10.0,16.0,7.0,14.0,7.0,12.0,6.0,15.0,16.0,5.0,8.0,6.0,8.0,12.0,2.0,12.0,5.0,11.0,5.0,20.0,6.0,4.0,14.0,10.0,5.0,7.0,8.0,15.0,7.0,12.0,9.0
2019-09-05 03:00:00,7.0,4.0,13.0,7.0,4.0,11.0,9.0,9.0,8.0,6.0,12.0,13.0,8.0,21.0,14.0,16.0,23.0,10.0,19.0,27.0,15.0,19.0,12.0,12.0,13.0,7.0,9.0,7.0,9.0,6.0,5.0,19.0,6.0,18.0,6.0,9.0,10.0,2.0,8.0,5.0,12.0,4.0,16.0,6.0,6.0,8.0,11.0,78.09,51.07,78.5,81.67,81.65,81.35,67.08,83.11,78.86,71.37,78.75,84.7,80.62,90.61,1.3,0.2,2.0,0.4,1.0,0.7,0.3,0.1,0.1,0.1,0.2,0.1,1.58,1.23,1.51,1.46,1.2,1.42,0.12,0.03,0.1,0.3,0.2,0.2,0.3,0.2,0.1,0.2,0.2,0.1,0.2,2.0,1.0,1.0,1.0,1.0,1.0,1.0,1.0,2.0,1.0,6.0,1.0,1.0,1.0,1.0,1.0,1.0,1.0,1.0,1.0,1.0,1.0,1.0,1.0,10.0,11.0,6.0,8.0,6.0,8.0,5.0,4.0,15.0,4.0,9.0,5.0,7.0,9.0,1.0,6.0,3.0,11.0,3.0,15.0,5.0,4.0,6.0,10.0,5.0,8.0,6.0,18.0,6.0,12.0,9.0
2019-09-05 04:00:00,7.0,4.0,13.0,6.0,4.0,11.0,8.0,9.0,8.0,6.0,16.0,12.0,6.0,21.0,11.0,13.0,29.0,11.0,13.0,24.0,14.0,13.0,14.0,10.0,12.0,6.0,7.0,7.0,7.0,5.0,5.0,19.0,5.0,7.0,6.0,7.0,8.0,3.0,5.0,4.0,10.0,4.0,11.0,6.0,5.0,6.0,11.0,77.84,53.28,77.48,81.99,79.15,77.56,66.69,79.74,79.5,72.05,81.34,82.69,80.59,88.23,1.2,0.2,0.6,0.4,0.8,0.6,0.3,0.1,0.1,0.1,0.2,0.1,1.57,1.23,1.52,1.46,1.21,1.42,0.11,0.03,0.1,0.2,0.2,0.2,0.3,0.1,0.1,0.1,0.2,0.1,0.2,1.0,1.0,1.0,1.0,1.0,1.0,1.0,1.0,4.0,1.0,1.0,1.0,1.0,1.0,1.0,1.0,1.0,1.0,1.0,1.0,1.0,1.0,1.0,1.0,8.0,10.0,5.0,6.0,5.0,6.0,4.0,3.0,13.0,3.0,5.0,5.0,6.0,6.0,1.0,4.0,2.0,9.0,2.0,9.0,4.0,4.0,5.0,10.0,8.0,7.0,5.0,25.0,7.0,5.0,9.0
2019-09-05 05:00:00,8.0,4.0,13.0,5.0,4.0,11.0,8.0,9.0,7.0,6.0,10.0,12.0,4.0,15.0,11.0,16.0,25.0,12.0,9.0,22.0,15.0,12.0,5.0,7.0,10.0,6.0,7.0,7.0,7.0,5.0,7.0,27.0,5.0,6.0,5.0,7.0,8.0,3.0,6.0,4.0,8.0,5.0,14.0,6.0,5.0,7.0,11.0,76.83,51.98,76.26,80.67,77.35,75.99,59.97,80.2,77.21,72.51,78.65,81.73,78.21,89.58,1.1,0.2,0.7,0.6,0.8,0.6,0.2,0.1,0.1,0.1,0.2,0.1,1.55,1.23,1.51,1.45,1.19,1.41,0.1,0.04,0.1,0.2,0.2,0.2,0.3,0.2,0.1,0.1,0.2,0.1,0.2,1.0,1.0,1.0,1.0,1.0,1.0,1.0,1.0,6.0,1.0,1.0,1.0,1.0,1.0,1.0,1.0,1.0,1.0,1.0,1.0,1.0,1.0,1.0,1.0,6.0,8.0,4.0,6.0,5.0,5.0,4.0,6.0,18.0,3.0,4.0,4.0,5.0,6.0,1.0,4.0,3.0,7.0,4.0,11.0,4.0,3.0,6.0,9.0,4.0,5.0,5.0,23.0,9.0,1.0,9.0
2019-09-05 06:00:00,8.0,4.0,13.0,5.0,4.0,11.0,8.0,9.0,8.0,6.0,11.0,11.0,4.0,15.0,11.0,8.0,16.0,11.0,8.0,23.0,14.0,12.0,6.0,8.0,11.0,6.0,7.0,8.0,6.0,5.0,7.0,16.0,6.0,11.0,7.0,8.0,9.0,3.0,6.0,3.0,11.0,8.0,16.0,6.0,4.0,7.0,10.0,77.74,52.87,75.25,83.01,79.9,77.77,65.84,80.56,77.57,71.67,76.09,81.92,80.2,90.79,1.0,0.1,0.4,0.4,0.7,1.5,0.2,0.1,0.1,0.1,0.2,0.2,1.54,1.22,1.51,1.45,1.19,1.39,0.1,0.03,0.12,0.2,0.2,0.2,0.3,0.2,0.1,0.2,0.2,0.1,0.2,1.0,1.0,1.0,1.0,1.0,1.0,1.0,1.0,3.0,1.0,3.0,1.0,1.0,1.0,1.0,1.0,1.0,1.0,1.0,1.0,1.0,1.0,1.0,1.0,6.0,10.0,4.0,6.0,7.0,5.0,3.0,6.0,12.0,5.0,6.0,5.0,7.0,8.0,1.0,5.0,2.0,9.0,6.0,15.0,4.0,3.0,5.0,8.0,6.0,6.0,5.0,11.0,7.0,2.0,8.0
2019-09-05 07:00:00,8.0,4.0,13.0,5.0,4.0,11.0,8.0,9.0,7.0,6.0,8.0,3.0,5.0,13.0,8.0,4.0,15.0,8.0,5.0,17.0,8.0,13.0,9.0,11.0,16.0,8.0,12.0,13.0,10.0,6.0,25.0,18.0,9.0,11.0,10.0,15.0,14.0,3.0,9.0,9.0,15.0,15.0,31.0,7.0,8.0,8.0,12.0,68.03,50.81,69.43,73.96,75.23,62.1,60.22,74.2,71.48,67.02,65.87,78.21,74.57,84.51,1.0,0.1,0.4,0.3,0.7,1.3,0.2,0.1,0.1,0.1,0.2,0.4,1.53,1.21,1.51,1.44,1.19,1.38,0.09,0.02,0.13,0.2,0.2,0.2,0.3,0.1,0.1,0.1,0.2,0.1,0.2,1.0,1.0,1.0,1.0,1.0,1.0,1.0,2.0,3.0,1.0,2.0,1.0,1.0,1.0,1.0,1.0,1.0,1.0,1.0,4.0,1.0,1.0,1.0,1.0,9.0,15.0,7.0,11.0,11.0,9.0,5.0,23.0,14.0,7.0,9.0,8.0,14.0,12.0,2.0,8.0,8.0,14.0,14.0,24.0,5.0,7.0,7.0,10.0,2.0,8.0,4.0,8.0,5.0,3.0,4.0
2019-09-05 08:00:00,8.0,4.0,13.0,4.0,4.0,11.0,8.0,9.0,8.0,6.0,9.0,6.0,1.0,13.0,9.0,17.0,20.0,8.0,13.0,9.0,12.0,14.0,13.0,19.0,31.0,15.0,21.0,18.0,15.0,11.0,47.0,28.0,13.0,25.0,15.0,20.0,31.0,8.0,16.0,15.0,27.0,36.0,69.0,10.0,29.0,12.0,15.0,50.5,40.66,59.35,59.43,60.92,43.79,47.02,57.1,55.97,52.8,39.58,15.35,64.62,63.27,1.0,0.1,0.5,0.2,0.8,0.5,0.2,0.1,0.2,0.1,0.2,0.1,1.52,1.21,1.52,1.43,1.19,1.39,0.09,0.02,0.13,0.3,0.2,0.2,0.3,0.2,0.1,0.2,0.2,0.2,0.2,3.0,4.0,1.0,1.0,1.0,1.0,1.0,4.0,5.0,1.0,5.0,1.0,1.0,2.0,1.0,1.0,1.0,1.0,3.0,14.0,1.0,3.0,1.0,1.0,15.0,25.0,13.0,19.0,16.0,14.0,9.0,41.0,20.0,11.0,17.0,14.0,18.0,28.0,7.0,15.0,13.0,25.0,30.0,48.0,8.0,24.0,11.0,13.0,3.0,2.0,4.0,10.0,4.0,7.0,6.0
2019-09-05 09:00:00,8.0,4.0,13.0,4.0,4.0,11.0,8.0,9.0,7.0,6.0,12.0,7.0,1.0,12.0,11.0,22.0,24.0,9.0,17.0,27.0,15.0,14.0,12.0,29.0,53.0,23.0,24.0,22.0,26.0,15.0,39.0,52.0,18.0,39.0,17.0,26.0,37.0,16.0,21.0,20.0,35.0,36.0,79.0,14.0,15.0,17.0,16.0,37.18,33.19,50.24,49.24,54.3,45.63,32.27,51.49,48.02,44.23,37.38,58.02,59.45,57.09,1.6,0.4,0.7,0.3,0.9,0.4,0.4,0.1,0.2,0.1,0.3,0.1,1.55,1.22,1.52,1.44,1.19,1.41,0.11,0.03,0.11,0.3,0.3,0.2,0.3,0.2,0.1,0.2,0.2,0.2,0.2,5.0,9.0,2.0,1.0,2.0,2.0,1.0,6.0,12.0,2.0,10.0,2.0,3.0,4.0,2.0,1.0,3.0,3.0,6.0,19.0,2.0,2.0,3.0,2.0,22.0,40.0,20.0,22.0,19.0,22.0,14.0,30.0,34.0,14.0,24.0,15.0,22.0,31.0,13.0,20.0,16.0,30.0,27.0,49.0,12.0,12.0,12.0,13.0,5.0,2.0,5.0,15.0,3.0,8.0,10.0
2019-09-05 10:00:00,8.0,4.0,13.0,5.0,4.0,11.0,8.0,9.0,8.0,5.0,16.0,10.0,5.0,9.0,12.0,22.0,25.0,9.0,9.0,11.0,16.0,16.0,19.0,29.0,49.0,17.0,16.0,19.0,26.0,14.0,20.0,46.0,16.0,36.0,16.0,22.0,29.0,11.0,16.0,18.0,30.0,23.0,63.0,11.0,7.0,13.0,13.0,39.73,36.3,52.44,49.85,53.95,53.21,36.65,51.79,49.78,45.88,45.46,60.29,56.02,61.07,2.2,0.5,0.8,2.9,1.4,0.5,0.7,0.1,0.2,0.3,0.3,0.1,1.55,1.22,1.5,1.44,1.19,1.41,0.11,0.03,0.1,0.3,0.3,0.2,0.3,0.2,0.1,0.2,0.2,0.2,0.2,6.0,10.0,2.0,1.0,3.0,5.0,2.0,3.0,11.0,3.0,10.0,2.0,4.0,5.0,2.0,1.0,4.0,4.0,5.0,18.0,2.0,1.0,2.0,1.0,19.0,34.0,14.0,14.0,14.0,19.0,11.0,15.0,29.0,12.0,20.0,12.0,15.0,22.0,8.0,14.0,12.0,24.0,15.0,35.0,8.0,6.0,10.0,11.0,3.0,5.0,4.0,13.0,3.0,2.0,9.0
2019-09-05 11:00:00,8.0,4.0,13.0,6.0,4.0,11.0,8.0,9.0,8.0,6.0,14.0,15.0,17.0,8.0,12.0,21.0,28.0,5.0,14.0,28.0,12.0,13.0,10.0,26.0,36.0,15.0,13.0,13.0,17.0,9.0,13.0,56.0,10.0,33.0,11.0,18.0,24.0,7.0,11.0,12.0,26.0,12.0,47.0,8.0,5.0,8.0,12.0,47.61,38.25,56.14,56.65,58.8,59.13,38.3,56.85,54.32,48.35,51.73,64.26,60.35,65.85,2.4,0.4,0.7,4.6,1.5,0.4,0.5,0.1,0.1,0.6,0.3,0.1,1.55,1.21,1.5,1.44,1.19,1.42,0.11,0.03,0.08,0.3,0.3,0.2,0.3,0.2,0.1,0.2,0.2,0.2,0.2,7.0,7.0,2.0,1.0,3.0,4.0,2.0,2.0,17.0,3.0,10.0,2.0,4.0,5.0,2.0,1.0,3.0,3.0,3.0,13.0,2.0,1.0,2.0,1.0,16.0,25.0,11.0,12.0,9.0,11.0,7.0,10.0,31.0,6.0,18.0,8.0,12.0,17.0,5.0,10.0,7.0,21.0,7.0,27.0,6.0,4.0,5.0,10.0,2.0,3.0,3.0,10.0,1.0,5.0,4.0
2019-09-05 12:00:00,9.0,4.0,13.0,8.0,4.0,11.0,8.0,8.0,8.0,5.0,11.0,16.0,23.0,9.0,10.0,9.0,17.0,5.0,12.0,25.0,10.0,9.0,5.0,30.0,40.0,14.0,11.0,13.0,18.0,10.0,10.0,57.0,10.0,37.0,15.0,19.0,20.0,6.0,11.0,17.0,41.0,13.0,67.0,9.0,4.0,7.0,11.0,49.36,39.46,58.83,57.54,60.88,61.31,37.56,57.09,57.05,46.55,49.34,67.54,62.07,67.7,2.1,0.3,2.7,6.3,1.7,0.4,0.5,0.1,0.3,3.5,0.3,0.1,1.56,1.23,1.5,1.44,1.2,1.4,0.12,0.03,0.1,0.3,0.3,0.2,0.3,0.1,0.1,0.1,0.2,0.2,0.2,8.0,9.0,3.0,1.0,3.0,4.0,3.0,2.0,16.0,3.0,12.0,3.0,5.0,4.0,2.0,1.0,4.0,9.0,4.0,21.0,2.0,1.0,2.0,1.0,17.0,26.0,10.0,9.0,8.0,12.0,6.0,7.0,32.0,6.0,19.0,10.0,11.0,14.0,4.0,9.0,10.0,28.0,8.0,36.0,6.0,3.0,5.0,10.0,2.0,13.0,2.0,9.0,1.0,3.0,4.0
2019-09-05 13:00:00,7.0,4.0,12.0,8.0,4.0,11.0,8.0,8.0,8.0,6.0,9.0,7.0,25.0,10.0,7.0,4.0,24.0,2.0,9.0,28.0,14.0,9.0,3.0,32.0,52.0,17.0,10.0,12.0,20.0,9.0,9.0,47.0,12.0,46.0,16.0,16.0,22.0,8.0,12.0,14.0,30.0,15.0,74.0,15.0,5.0,7.0,12.0,48.76,41.17,62.37,60.94,64.51,66.03,45.43,60.7,59.62,54.01,50.77,70.87,66.08,71.99,2.6,0.3,2.1,1.4,1.6,0.4,0.5,0.1,0.3,0.2,0.3,0.1,1.57,1.23,1.5,1.44,1.2,1.4,0.13,0.03,0.1,0.3,0.3,0.2,0.3,0.3,0.1,0.2,0.2,0.2,0.2,9.0,12.0,3.0,1.0,3.0,5.0,2.0,1.0,13.0,4.0,15.0,3.0,3.0,4.0,2.0,1.0,4.0,5.0,4.0,23.0,4.0,1.0,2.0,1.0,18.0,33.0,12.0,9.0,8.0,13.0,6.0,6.0,27.0,7.0,23.0,11.0,11.0,15.0,5.0,10.0,9.0,23.0,9.0,39.0,9.0,3.0,4.0,10.0,2.0,16.0,1.0,13.0,1.0,2.0,7.0
2019-09-05 14:00:00,7.0,4.0,11.0,10.0,4.0,11.0,8.0,8.0,7.0,4.0,13.0,9.0,3.0,19.0,6.0,1.0,19.0,5.0,9.0,24.0,16.0,6.0,1.0,38.0,44.0,20.0,8.0,14.0,18.0,13.0,9.0,52.0,13.0,27.0,15.0,17.0,23.0,12.0,11.0,18.0,27.0,17.0,71.0,16.0,5.0,5.0,11.0,56.85,47.43,67.71,67.62,69.67,68.66,48.21,65.63,66.36,59.81,57.65,74.59,71.34,78.2,2.6,0.3,1.8,2.7,1.4,0.5,0.5,0.1,0.2,0.7,0.3,0.1,1.57,1.22,1.49,1.44,1.19,1.39,0.13,0.03,0.1,0.3,0.3,0.2,0.3,0.1,0.1,0.2,0.2,0.2,0.2,11.0,9.0,4.0,1.0,3.0,4.0,3.0,1.0,13.0,4.0,7.0,3.0,4.0,4.0,3.0,1.0,5.0,4.0,4.0,21.0,4.0,1.0,1.0,1.0,21.0,30.0,14.0,7.0,9.0,12.0,7.0,7.0,31.0,8.0,16.0,11.0,11.0,17.0,7.0,9.0,11.0,21.0,11.0,38.0,9.0,3.0,3.0,10.0,4.0,1.0,1.0,12.0,1.0,3.0,7.0
2019-09-05 15:00:00,6.0,4.0,11.0,11.0,4.0,11.0,8.0,10.0,7.0,4.0,10.0,13.0,3.0,11.0,6.0,3.0,14.0,11.0,5.0,26.0,13.0,7.0,2.0,34.0,34.0,15.0,9.0,12.0,14.0,8.0,10.0,42.0,10.0,39.0,15.0,15.0,18.0,8.0,8.0,15.0,20.0,18.0,67.0,13.0,6.0,5.0,11.0,64.76,49.35,73.84,76.63,77.13,71.65,57.09,71.41,74.64,67.04,61.98,78.6,74.28,82.81,2.5,0.4,1.1,0.4,1.2,0.6,0.5,0.1,0.2,0.1,0.2,0.1,1.58,1.22,1.5,1.44,1.19,1.39,0.14,0.03,0.11,0.3,0.3,0.2,0.3,0.2,0.2,0.2,0.2,0.2,0.2,10.0,7.0,3.0,1.0,2.0,3.0,1.0,2.0,10.0,3.0,11.0,3.0,3.0,3.0,2.0,1.0,4.0,1.0,4.0,19.0,3.0,1.0,1.0,1.0,19.0,24.0,11.0,7.0,8.0,10.0,6.0,8.0,26.0,6.0,22.0,11.0,11.0,13.0,5.0,6.0,9.0,18.0,12.0,37.0,8.0,4.0,3.0,10.0,2.0,1.0,1.0,10.0,6.0,1.0,7.0
2019-09-05 16:00:00,7.0,4.0,10.0,11.0,4.0,11.0,8.0,10.0,7.0,4.0,7.0,1.0,3.0,9.0,8.0,2.0,12.0,6.0,5.0,27.0,12.0,6.0,1.0,27.0,37.0,16.0,9.0,11.0,14.0,6.0,10.0,38.0,10.0,21.0,15.0,14.0,23.0,7.0,8.0,14.0,22.0,19.0,65.0,11.0,5.0,5.0,11.0,64.36,51.49,77.33,78.4,79.4,73.98,59.02,71.39,74.93,66.83,64.2,81.28,75.13,83.18,1.9,0.5,1.0,0.3,1.4,0.5,0.4,0.1,0.2,0.1,0.3,0.1,1.63,1.22,1.51,1.45,1.19,1.38,0.18,0.03,0.13,0.3,0.3,0.2,0.3,0.1,0.1,0.2,0.2,0.2,0.2,7.0,7.0,2.0,1.0,2.0,2.0,1.0,2.0,9.0,3.0,5.0,3.0,3.0,4.0,1.0,1.0,3.0,1.0,4.0,18.0,3.0,1.0,1.0,1.0,16.0,26.0,13.0,8.0,8.0,10.0,5.0,8.0,25.0,6.0,14.0,11.0,10.0,18.0,5.0,7.0,9.0,20.0,12.0,38.0,8.0,3.0,3.0,10.0,1.0,1.0,2.0,8.0,4.0,1.0,8.0
2019-09-05 17:00:00,7.0,4.0,9.0,10.0,4.0,11.0,8.0,10.0,7.0,4.0,15.0,1.0,4.0,16.0,6.0,1.0,16.0,13.0,2.0,22.0,16.0,4.0,1.0,24.0,39.0,19.0,9.0,12.0,16.0,7.0,6.0,42.0,13.0,29.0,16.0,15.0,21.0,10.0,8.0,16.0,25.0,19.0,76.0,16.0,5.0,4.0,11.0,64.38,52.12,76.38,77.72,79.57,77.04,58.91,72.41,76.02,66.64,61.31,82.41,76.93,83.43,2.7,0.4,0.6,0.3,1.4,0.5,0.5,0.1,0.1,0.1,0.3,0.1,1.66,1.22,1.52,1.45,1.19,1.37,0.21,0.03,0.15,0.3,0.3,0.2,0.3,0.2,0.1,0.2,0.2,0.2,0.2,5.0,7.0,3.0,1.0,2.0,3.0,1.0,1.0,10.0,3.0,8.0,3.0,3.0,3.0,2.0,1.0,4.0,2.0,4.0,21.0,4.0,1.0,1.0,1.0,17.0,28.0,15.0,7.0,9.0,12.0,6.0,5.0,27.0,8.0,17.0,11.0,11.0,17.0,7.0,7.0,11.0,22.0,12.0,44.0,10.0,4.0,3.0,10.0,5.0,1.0,2.0,11.0,9.0,1.0,10.0
2019-09-05 18:00:00,6.0,4.0,8.0,9.0,4.0,11.0,8.0,10.0,7.0,3.0,11.0,3.0,8.0,2.0,12.0,3.0,22.0,14.0,8.0,18.0,27.0,6.0,4.0,30.0,43.0,19.0,11.0,12.0,16.0,7.0,7.0,55.0,13.0,34.0,29.0,17.0,22.0,10.0,9.0,16.0,25.0,21.0,70.0,23.0,6.0,4.0,12.0,63.36,50.08,76.85,77.55,80.42,78.04,50.73,70.1,76.0,68.53,64.37,83.57,77.9,85.8,3.0,0.5,0.6,0.4,1.5,0.5,0.5,0.1,0.2,0.1,0.2,0.1,1.69,1.23,1.52,1.45,1.19,1.37,0.23,0.04,0.15,0.3,0.3,0.2,0.3,0.2,0.1,0.2,0.2,0.2,0.2,6.0,8.0,2.0,1.0,2.0,3.0,1.0,1.0,13.0,3.0,9.0,9.0,3.0,3.0,2.0,1.0,3.0,2.0,4.0,19.0,6.0,1.0,1.0,1.0,21.0,30.0,15.0,9.0,9.0,12.0,6.0,5.0,36.0,9.0,21.0,16.0,12.0,18.0,8.0,7.0,11.0,22.0,14.0,40.0,14.0,4.0,3.0,10.0,2.0,5.0,6.0,18.0,7.0,1.0,18.0
2019-09-05 19:00:00,6.0,4.0,9.0,9.0,4.0,11.0,8.0,10.0,7.0,3.0,14.0,9.0,9.0,6.0,14.0,8.0,23.0,5.0,4.0,9.0,15.0,13.0,6.0,27.0,48.0,24.0,14.0,15.0,16.0,9.0,8.0,52.0,16.0,37.0,20.0,25.0,26.0,9.0,10.0,21.0,35.0,22.0,94.0,27.0,7.0,5.0,12.0,57.74,47.16,73.92,77.08,78.09,76.65,47.62,68.37,73.25,65.52,54.28,82.54,77.11,84.74,3.0,0.5,0.8,0.4,1.9,0.5,0.6,0.1,0.2,0.1,0.3,0.1,1.68,1.23,1.51,1.45,1.19,1.37,0.23,0.04,0.14,0.3,0.3,0.2,0.3,0.2,0.1,0.2,0.2,0.2,0.3,4.0,8.0,3.0,2.0,2.0,2.0,1.0,1.0,10.0,3.0,8.0,3.0,4.0,3.0,1.0,1.0,4.0,4.0,4.0,26.0,2.0,1.0,1.0,1.0,20.0,37.0,20.0,11.0,12.0,13.0,7.0,7.0,37.0,12.0,24.0,16.0,19.0,21.0,7.0,9.0,15.0,29.0,16.0,54.0,24.0,5.0,4.0,10.0,7.0,6.0,8.0,18.0,1.0,1.0,8.0
2019-09-05 20:00:00,6.0,4.0,9.0,8.0,4.0,11.0,8.0,10.0,7.0,3.0,12.0,10.0,10.0,10.0,11.0,4.0,16.0,9.0,1.0,3.0,20.0,16.0,6.0,29.0,54.0,28.0,14.0,18.0,23.0,10.0,12.0,42.0,17.0,47.0,24.0,29.0,29.0,12.0,14.0,20.0,41.0,22.0,99.0,37.0,7.0,7.0,12.0,50.64,46.34,69.82,69.71,75.04,75.28,50.96,62.33,68.85,59.73,46.94,80.57,76.4,82.34,3.5,0.5,0.8,0.4,2.1,0.5,0.7,0.1,0.2,0.1,0.3,0.1,1.67,1.23,1.52,1.45,1.19,1.37,0.21,0.04,0.15,0.3,0.4,0.2,0.3,0.2,0.1,0.2,0.2,0.2,0.3,4.0,7.0,3.0,1.0,2.0,3.0,1.0,1.0,6.0,2.0,12.0,2.0,4.0,4.0,1.0,1.0,2.0,4.0,3.0,25.0,1.0,1.0,1.0,1.0,23.0,43.0,24.0,13.0,16.0,19.0,9.0,11.0,32.0,14.0,29.0,20.0,23.0,24.0,11.0,12.0,17.0,35.0,17.0,61.0,35.0,5.0,6.0,11.0,5.0,6.0,5.0,11.0,5.0,1.0,14.0
2019-09-05 21:00:00,7.0,4.0,10.0,8.0,4.0,11.0,8.0,9.0,8.0,4.0,12.0,12.0,6.0,11.0,12.0,8.0,13.0,9.0,8.0,14.0,14.0,12.0,6.0,32.0,50.0,21.0,18.0,21.0,25.0,13.0,16.0,47.0,17.0,58.0,27.0,33.0,27.0,15.0,19.0,23.0,50.0,26.0,90.0,55.0,8.0,14.0,15.0,48.44,43.78,65.25,64.68,71.19,71.02,47.69,57.97,63.35,48.09,42.96,78.66,70.83,78.11,3.0,0.5,0.9,0.5,2.6,0.5,0.7,0.1,0.2,0.1,0.5,0.1,1.63,1.23,1.52,1.45,1.18,1.37,0.18,0.05,0.15,0.3,0.3,0.2,0.3,0.2,0.2,0.2,0.2,0.2,0.3,4.0,5.0,1.0,1.0,1.0,2.0,1.0,1.0,7.0,1.0,13.0,2.0,5.0,1.0,1.0,1.0,1.0,4.0,3.0,19.0,1.0,1.0,1.0,1.0,26.0,43.0,20.0,17.0,19.0,23.0,12.0,15.0,36.0,15.0,38.0,24.0,26.0,25.0,13.0,17.0,21.0,44.0,22.0,61.0,53.0,6.0,13.0,14.0,5.0,2.0,3.0,9.0,4.0,2.0,9.0
2019-09-05 22:00:00,8.0,4.0,12.0,7.0,4.0,11.0,8.0,9.0,8.0,6.0,12.0,11.0,7.0,12.0,17.0,13.0,16.0,8.0,13.0,15.0,13.0,18.0,11.0,29.0,39.0,20.0,15.0,20.0,19.0,14.0,16.0,38.0,16.0,33.0,19.0,28.0,22.0,15.0,13.0,15.0,33.0,22.0,63.0,69.0,7.0,11.0,14.0,51.4,45.53,63.15,66.47,67.63,68.77,48.67,61.66,65.81,54.45,52.55,76.42,71.7,75.81,2.9,0.4,0.9,0.5,2.1,0.5,0.8,0.1,0.2,0.1,0.5,0.1,1.62,1.23,1.53,1.45,1.19,1.37,0.17,0.05,0.16,0.3,0.3,0.2,0.3,0.2,0.1,0.2,0.2,0.2,0.4,3.0,3.0,1.0,1.0,1.0,1.0,1.0,1.0,4.0,1.0,5.0,1.0,2.0,1.0,1.0,1.0,1.0,1.0,2.0,13.0,7.0,1.0,1.0,1.0,24.0,35.0,19.0,13.0,19.0,17.0,12.0,14.0,31.0,14.0,25.0,17.0,26.0,20.0,14.0,12.0,13.0,31.0,19.0,43.0,59.0,5.0,10.0,12.0,5.0,3.0,6.0,10.0,3.0,2.0,7.0
2019-09-05 23:00:00,7.0,4.0,12.0,6.0,4.0,11.0,8.0,9.0,7.0,6.0,12.0,12.0,7.0,11.0,10.0,26.0,16.0,9.0,16.0,11.0,15.0,19.0,20.0,19.0,25.0,12.0,13.0,17.0,15.0,10.0,12.0,27.0,11.0,15.0,10.0,16.0,16.0,7.0,11.0,10.0,24.0,17.0,45.0,20.0,6.0,10.0,11.0,57.57,46.04,63.29,66.95,68.08,67.61,51.27,66.89,65.57,56.41,55.38,73.74,69.88,75.79,2.2,0.3,0.9,0.5,1.7,0.4,0.6,0.1,0.2,0.1,0.4,0.1,1.59,1.23,1.51,1.45,1.18,1.38,0.14,0.05,0.14,0.3,0.3,0.2,0.3,0.2,0.1,0.2,0.2,0.2,0.3,2.0,1.0,1.0,2.0,1.0,1.0,1.0,1.0,3.0,1.0,2.0,1.0,1.0,1.0,1.0,1.0,1.0,1.0,2.0,8.0,1.0,1.0,1.0,1.0,15.0,23.0,10.0,10.0,15.0,13.0,8.0,11.0,22.0,9.0,12.0,9.0,15.0,15.0,6.0,9.0,9.0,23.0,14.0,33.0,18.0,4.0,8.0,10.0,5.0,2.0,3.0,10.0,3.0,5.0,8.0
2019-09-06 00:00:00,8.0,4.0,12.0,5.0,4.0,11.0,8.0,9.0,7.0,6.0,9.0,12.0,11.0,17.0,11.0,20.0,15.0,8.0,28.0,14.0,15.0,19.0,13.0,18.0,17.0,10.0,8.0,10.0,9.0,8.0,9.0,30.0,7.0,16.0,7.0,11.0,12.0,5.0,7.0,9.0,29.0,11.0,30.0,8.0,5.0,5.0,11.0,59.11,45.93,62.24,66.94,65.58,64.5,51.73,65.32,65.44,44.18,58.75,70.23,69.32,72.45,1.7,0.2,0.7,0.3,1.1,0.2,0.5,0.1,0.2,0.1,0.3,0.1,1.56,1.22,1.5,1.45,1.19,1.38,0.11,0.03,0.13,0.3,0.3,0.2,0.3,0.2,0.1,0.2,0.2,0.2,0.2,3.0,1.0,1.0,1.0,1.0,1.0,1.0,1.0,7.0,1.0,3.0,1.0,1.0,1.0,1.0,1.0,1.0,1.0,2.0,5.0,1.0,1.0,1.0,1.0,13.0,15.0,9.0,7.0,8.0,8.0,6.0,7.0,19.0,5.0,12.0,5.0,9.0,10.0,4.0,5.0,8.0,27.0,9.0,21.0,7.0,3.0,4.0,9.0,3.0,2.0,4.0,8.0,4.0,15.0,9.0
2019-09-06 01:00:00,8.0,4.0,13.0,4.0,4.0,11.0,8.0,9.0,8.0,6.0,4.0,6.0,6.0,12.0,3.0,4.0,15.0,6.0,11.0,25.0,11.0,15.0,7.0,25.0,14.0,14.0,7.0,8.0,8.0,11.0,7.0,18.0,6.0,15.0,8.0,8.0,9.0,9.0,6.0,11.0,22.0,12.0,14.0,7.0,5.0,4.0,10.0,58.55,45.08,62.64,65.36,60.7,63.32,50.33,60.99,63.03,50.24,63.71,66.48,67.52,70.52,1.4,0.2,0.5,0.3,0.9,0.2,0.4,0.1,0.1,0.1,0.2,0.1,1.54,1.22,1.51,1.44,1.18,1.38,0.1,0.04,0.13,0.3,0.2,0.2,0.3,0.2,0.1,0.1,0.2,0.1,0.2,6.0,1.0,1.0,1.0,1.0,1.0,1.0,1.0,3.0,1.0,1.0,1.0,1.0,1.0,1.0,1.0,1.0,1.0,1.0,2.0,1.0,1.0,1.0,1.0,16.0,12.0,13.0,6.0,6.0,6.0,9.0,5.0,13.0,4.0,13.0,6.0,6.0,8.0,7.0,4.0,10.0,20.0,10.0,12.0,6.0,3.0,3.0,9.0,1.0,1.0,1.0,11.0,3.0,4.0,5.0
2019-09-06 02:00:00,8.0,4.0,13.0,5.0,4.0,11.0,8.0,8.0,8.0,6.0,3.0,4.0,7.0,8.0,3.0,4.0,13.0,3.0,6.0,29.0,7.0,16.0,5.0,14.0,13.0,11.0,6.0,7.0,5.0,10.0,6.0,15.0,4.0,10.0,6.0,8.0,8.0,6.0,4.0,13.0,13.0,7.0,12.0,7.0,6.0,4.0,9.0,59.42,44.94,63.84,67.37,60.08,62.91,53.88,60.85,64.42,52.53,64.18,62.96,66.22,70.22,1.7,0.2,0.6,0.3,0.9,0.3,0.3,0.1,0.1,0.1,0.2,0.1,1.53,1.23,1.52,1.44,1.18,1.38,0.09,0.05,0.14,0.3,0.2,0.2,0.3,0.2,0.1,0.1,0.2,0.1,0.2,3.0,1.0,1.0,1.0,1.0,1.0,1.0,1.0,3.0,1.0,1.0,1.0,1.0,1.0,1.0,1.0,1.0,1.0,1.0,1.0,1.0,1.0,1.0,1.0,10.0,11.0,9.0,4.0,6.0,4.0,8.0,4.0,11.0,3.0,9.0,5.0,6.0,7.0,4.0,3.0,12.0,12.0,5.0,11.0,6.0,4.0,3.0,8.0,1.0,3.0,1.0,11.0,1.0,3.0,3.0
2019-09-06 03:00:00,8.0,4.0,13.0,4.0,4.0,11.0,8.0,8.0,8.0,6.0,7.0,5.0,1.0,7.0,3.0,2.0,11.0,3.0,6.0,19.0,10.0,19.0,2.0,12.0,11.0,7.0,5.0,6.0,4.0,6.0,6.0,16.0,4.0,7.0,5.0,7.0,6.0,3.0,3.0,9.0,11.0,4.0,10.0,6.0,6.0,5.0,9.0,61.25,46.03,62.39,67.43,62.61,61.87,51.31,63.32,65.48,55.8,65.22,59.67,64.39,71.34,1.5,0.1,0.7,0.4,1.1,2.3,0.2,0.2,0.1,0.1,0.1,0.1,1.53,1.23,1.52,1.44,1.18,1.38,0.09,0.05,0.14,0.3,0.2,0.2,0.3,0.1,0.1,0.2,0.2,0.1,0.2,1.0,1.0,1.0,1.0,1.0,1.0,1.0,1.0,3.0,1.0,1.0,1.0,1.0,1.0,1.0,1.0,1.0,1.0,1.0,1.0,1.0,1.0,1.0,1.0,10.0,9.0,5.0,3.0,5.0,3.0,4.0,4.0,12.0,3.0,5.0,4.0,6.0,4.0,1.0,2.0,7.0,9.0,2.0,9.0,5.0,4.0,3.0,7.0,4.0,1.0,1.0,9.0,3.0,3.0,7.0
2019-09-06 04:00:00,8.0,4.0,13.0,4.0,4.0,11.0,9.0,8.0,8.0,6.0,4.0,3.0,3.0,8.0,2.0,5.0,6.0,3.0,10.0,2.0,9.0,13.0,2.0,9.0,10.0,5.0,5.0,7.0,4.0,4.0,5.0,15.0,6.0,5.0,4.0,8.0,8.0,2.0,4.0,10.0,20.0,5.0,10.0,6.0,6.0,3.0,8.0,60.08,45.2,59.52,66.12,63.9,61.05,52.33,63.95,63.07,49.36,64.47,58.39,65.31,71.64,1.1,0.1,0.6,1.0,0.7,5.3,0.2,0.2,0.1,0.1,0.1,0.1,1.52,1.23,1.54,1.44,1.18,1.39,0.08,0.05,0.15,0.2,0.2,0.2,0.3,0.1,0.1,0.2,0.2,0.1,0.2,2.0,1.0,1.0,1.0,1.0,1.0,1.0,1.0,4.0,1.0,1.0,1.0,1.0,1.0,1.0,1.0,1.0,1.0,1.0,1.0,1.0,1.0,1.0,1.0,7.0,9.0,4.0,3.0,6.0,3.0,3.0,4.0,9.0,4.0,3.0,3.0,6.0,6.0,1.0,2.0,9.0,18.0,4.0,8.0,4.0,5.0,1.0,6.0,4.0,1.0,1.0,4.0,2.0,5.0,6.0
2019-09-06 05:00:00,8.0,4.0,14.0,5.0,4.0,11.0,9.0,9.0,8.0,6.0,2.0,3.0,4.0,7.0,3.0,4.0,8.0,2.0,11.0,1.0,8.0,12.0,5.0,8.0,10.0,7.0,5.0,6.0,6.0,4.0,6.0,28.0,5.0,5.0,5.0,7.0,7.0,3.0,4.0,102.0,11.0,7.0,10.0,6.0,5.0,4.0,8.0,59.49,43.81,62.01,63.93,63.65,59.96,47.03,62.05,62.36,55.97,63.48,61.96,63.11,70.08,1.5,0.1,0.6,1.2,1.0,3.1,0.2,0.2,0.1,0.1,0.2,0.1,1.53,1.24,1.52,1.45,1.18,1.39,0.08,0.06,0.14,0.2,0.2,0.2,0.3,0.2,0.1,0.1,0.2,0.1,0.2,1.0,1.0,1.0,1.0,1.0,1.0,1.0,1.0,8.0,1.0,1.0,1.0,1.0,1.0,1.0,1.0,48.0,1.0,1.0,1.0,1.0,1.0,1.0,1.0,6.0,9.0,5.0,4.0,5.0,4.0,3.0,5.0,16.0,4.0,4.0,4.0,6.0,6.0,1.0,2.0,29.0,10.0,6.0,9.0,4.0,4.0,3.0,6.0,3.0,1.0,2.0,6.0,1.0,2.0,6.0
2019-09-06 06:00:00,8.0,4.0,14.0,4.0,4.0,11.0,8.0,8.0,8.0,6.0,6.0,4.0,3.0,6.0,7.0,6.0,8.0,1.0,9.0,8.0,9.0,12.0,5.0,9.0,14.0,7.0,8.0,8.0,6.0,5.0,9.0,25.0,7.0,6.0,6.0,10.0,8.0,3.0,5.0,5.0,12.0,11.0,16.0,6.0,6.0,10.0,9.0,56.46,43.28,60.6,63.04,62.94,56.56,47.42,61.3,61.13,55.16,59.9,55.72,57.67,67.76,0.8,0.1,0.4,0.4,1.4,1.2,0.2,0.2,0.1,0.1,0.2,0.1,1.52,1.24,1.52,1.45,1.18,1.39,0.07,0.06,0.13,0.2,0.2,0.2,0.3,0.2,0.1,0.2,0.2,0.1,0.2,1.0,2.0,1.0,1.0,1.0,1.0,1.0,1.0,6.0,1.0,1.0,1.0,1.0,1.0,1.0,1.0,1.0,1.0,1.0,2.0,1.0,1.0,1.0,1.0,7.0,12.0,6.0,7.0,7.0,5.0,3.0,7.0,16.0,5.0,5.0,4.0,9.0,7.0,1.0,4.0,3.0,10.0,9.0,14.0,4.0,4.0,9.0,7.0,4.0,1.0,5.0,5.0,1.0,1.0,6.0
2019-09-06 07:00:00,8.0,4.0,14.0,5.0,4.0,11.0,9.0,9.0,8.0,6.0,5.0,2.0,8.0,5.0,5.0,6.0,10.0,3.0,2.0,4.0,8.0,13.0,5.0,12.0,17.0,12.0,11.0,18.0,9.0,7.0,41.0,16.0,16.0,15.0,13.0,14.0,15.0,5.0,8.0,12.0,17.0,28.0,34.0,7.0,18.0,12.0,13.0,52.27,40.59,50.4,58.92,58.94,35.98,48.61,52.98,57.91,50.81,48.83,78.21,51.61,60.29,1.1,0.1,0.3,0.2,0.9,0.5,0.2,0.1,0.2,0.1,0.2,0.1,1.52,1.23,1.52,1.45,1.18,1.39,0.08,0.05,0.13,0.3,0.2,0.2,0.3,0.2,0.1,0.2,0.2,0.2,0.2,2.0,1.0,1.0,1.0,1.0,1.0,1.0,4.0,2.0,1.0,3.0,1.0,1.0,1.0,1.0,1.0,1.0,1.0,3.0,6.0,1.0,1.0,1.0,1.0,10.0,15.0,10.0,9.0,17.0,8.0,6.0,35.0,12.0,14.0,11.0,11.0,13.0,14.0,3.0,6.0,10.0,16.0,23.0,25.0,5.0,16.0,11.0,11.0,3.0,5.0,2.0,8.0,1.0,1.0,5.0
2019-09-06 08:00:00,8.0,4.0,14.0,5.0,4.0,11.0,9.0,9.0,8.0,6.0,1.0,2.0,7.0,7.0,9.0,10.0,8.0,3.0,5.0,4.0,6.0,14.0,7.0,24.0,36.0,21.0,28.0,27.0,16.0,18.0,66.0,31.0,29.0,61.0,24.0,26.0,39.0,13.0,16.0,30.0,29.0,71.0,58.0,10.0,38.0,24.0,21.0,38.81,33.31,41.67,52.9,46.86,22.5,36.11,39.91,49.14,38.89,36.56,24.89,39.65,48.64,1.3,0.2,0.5,0.2,0.9,0.3,0.2,0.1,0.1,0.1,0.2,0.1,1.53,1.24,1.55,1.45,1.19,1.4,0.09,0.05,0.15,0.3,0.2,0.2,0.3,0.2,0.1,0.2,0.2,0.2,0.2,3.0,4.0,1.0,4.0,1.0,1.0,1.0,9.0,5.0,4.0,17.0,1.0,2.0,5.0,1.0,1.0,3.0,1.0,13.0,12.0,1.0,5.0,1.0,2.0,19.0,30.0,19.0,22.0,25.0,14.0,17.0,52.0,23.0,24.0,35.0,23.0,24.0,32.0,11.0,14.0,25.0,28.0,51.0,40.0,8.0,31.0,23.0,18.0,1.0,3.0,5.0,6.0,2.0,1.0,3.0
2019-09-06 09:00:00,8.0,4.0,14.0,5.0,4.0,11.0,9.0,9.0,8.0,6.0,6.0,5.0,6.0,11.0,12.0,10.0,12.0,5.0,10.0,19.0,9.0,14.0,9.0,31.0,51.0,26.0,29.0,31.0,23.0,24.0,39.0,47.0,42.0,75.0,29.0,30.0,45.0,17.0,23.0,39.0,52.0,45.0,77.0,14.0,11.0,25.0,23.0,34.24,24.39,40.01,47.65,45.21,39.63,31.49,37.8,43.54,31.12,33.03,53.12,43.13,48.22,1.8,0.8,0.7,0.4,1.6,0.4,0.5,0.1,0.2,0.2,0.4,0.1,1.54,1.24,1.53,1.45,1.2,1.39,0.09,0.04,0.13,0.3,0.3,0.2,0.3,0.2,0.1,0.2,0.3,0.2,0.2,5.0,9.0,2.0,2.0,3.0,3.0,2.0,7.0,10.0,9.0,22.0,3.0,3.0,6.0,1.0,1.0,6.0,8.0,9.0,19.0,2.0,1.0,2.0,4.0,24.0,37.0,23.0,25.0,27.0,19.0,21.0,28.0,32.0,29.0,41.0,25.0,25.0,36.0,15.0,21.0,29.0,40.0,31.0,48.0,12.0,10.0,21.0,17.0,1.0,1.0,4.0,8.0,1.0,3.0,4.0
2019-09-06 10:00:00,8.0,4.0,14.0,5.0,4.0,12.0,9.0,9.0,8.0,5.0,10.0,8.0,8.0,12.0,12.0,9.0,15.0,8.0,14.0,29.0,15.0,16.0,7.0,30.0,50.0,19.0,22.0,23.0,23.0,16.0,23.0,59.0,20.0,61.0,27.0,26.0,36.0,13.0,22.0,23.0,32.0,26.0,72.0,11.0,8.0,15.0,17.0,40.66,31.57,50.24,52.81,55.07,51.23,33.15,45.95,47.0,46.44,42.09,62.3,55.45,58.0,2.1,0.6,0.9,0.8,2.1,0.4,0.5,0.1,0.2,0.2,0.5,0.1,1.54,1.24,1.52,1.45,1.19,1.38,0.09,0.05,0.14,0.3,0.3,0.3,0.3,0.2,0.3,0.2,1.3,0.2,0.2,7.0,11.0,3.0,3.0,4.0,4.0,2.0,5.0,17.0,4.0,19.0,5.0,5.0,6.0,2.0,2.0,5.0,4.0,6.0,20.0,2.0,1.0,3.0,3.0,20.0,34.0,15.0,18.0,17.0,17.0,12.0,16.0,33.0,14.0,31.0,19.0,19.0,27.0,10.0,19.0,16.0,25.0,17.0,41.0,8.0,5.0,11.0,12.0,1.0,2.0,3.0,10.0,3.0,6.0,9.0
2019-09-06 11:00:00,8.0,4.0,14.0,5.0,4.0,11.0,9.0,9.0,8.0,6.0,11.0,9.0,10.0,13.0,13.0,10.0,22.0,9.0,18.0,28.0,15.0,11.0,6.0,25.0,42.0,16.0,11.0,16.0,18.0,9.0,13.0,51.0,13.0,45.0,17.0,18.0,23.0,10.0,12.0,13.0,24.0,16.0,61.0,10.0,5.0,7.0,11.0,50.35,40.62,59.17,60.87,63.74,63.72,39.78,58.15,58.85,54.23,50.56,68.35,66.0,70.7,2.4,0.6,0.7,0.6,1.7,0.4,0.5,0.1,0.2,0.1,0.4,0.1,1.55,1.23,1.43,1.45,1.19,1.3,0.1,0.04,0.13,0.3,0.3,0.2,0.3,0.2,0.2,0.2,0.3,0.2,0.2,6.0,9.0,3.0,1.0,3.0,4.0,2.0,2.0,14.0,3.0,15.0,3.0,4.0,4.0,2.0,1.0,3.0,2.0,4.0,18.0,2.0,1.0,2.0,2.0,15.0,28.0,11.0,10.0,11.0,12.0,7.0,10.0,29.0,8.0,22.0,12.0,12.0,17.0,6.0,11.0,8.0,20.0,10.0,34.0,7.0,4.0,4.0,9.0,1.0,3.0,2.0,13.0,2.0,7.0,8.0
2019-09-06 12:00:00,8.0,4.0,13.0,6.0,4.0,11.0,8.0,10.0,8.0,5.0,11.0,9.0,10.0,10.0,16.0,12.0,17.0,13.0,13.0,25.0,12.0,10.0,6.0,38.0,43.0,17.0,12.0,16.0,19.0,8.0,12.0,46.0,12.0,56.0,15.0,20.0,25.0,8.0,12.0,14.0,36.0,14.0,60.0,11.0,5.0,6.0,10.0,53.25,44.04,62.75,63.64,68.58,67.33,44.62,63.93,62.73,53.39,54.83,74.61,69.46,76.41,1.7,0.5,0.8,0.3,1.8,0.4,0.4,0.1,0.2,0.1,0.4,0.1,1.55,1.23,1.48,1.45,1.19,1.36,0.1,0.04,0.12,0.3,0.3,0.2,0.3,0.2,0.1,0.2,0.2,0.2,0.2,11.0,9.0,3.0,1.0,3.0,5.0,2.0,2.0,12.0,3.0,18.0,3.0,5.0,4.0,2.0,1.0,4.0,6.0,3.0,17.0,2.0,1.0,1.0,1.0,21.0,29.0,13.0,10.0,11.0,12.0,5.0,9.0,27.0,8.0,27.0,11.0,13.0,18.0,5.0,10.0,9.0,27.0,9.0,34.0,7.0,3.0,4.0,8.0,2.0,5.0,4.0,9.0,4.0,3.0,6.0
2019-09-06 13:00:00,7.0,4.0,12.0,7.0,4.0,11.0,9.0,9.0,8.0,6.0,16.0,9.0,11.0,14.0,10.0,9.0,17.0,17.0,10.0,28.0,11.0,10.0,6.0,34.0,43.0,17.0,13.0,15.0,19.0,9.0,16.0,53.0,18.0,56.0,18.0,19.0,27.0,8.0,12.0,20.0,29.0,16.0,71.0,11.0,5.0,8.0,14.0,58.2,46.48,68.84,68.62,72.35,70.67,46.08,67.35,67.11,61.64,56.68,77.23,73.34,77.3,1.9,0.4,0.7,0.4,2.0,0.4,0.5,0.1,0.2,0.1,0.4,0.1,1.56,1.22,1.48,1.45,1.19,1.35,0.11,0.03,0.13,0.3,0.3,0.2,0.3,0.2,0.1,0.2,0.4,0.2,0.2,10.0,9.0,3.0,1.0,3.0,4.0,2.0,3.0,15.0,5.0,19.0,4.0,4.0,5.0,2.0,1.0,5.0,4.0,4.0,20.0,2.0,1.0,2.0,3.0,20.0,29.0,13.0,12.0,11.0,12.0,6.0,11.0,31.0,10.0,27.0,12.0,13.0,20.0,5.0,11.0,12.0,23.0,10.0,41.0,7.0,4.0,5.0,9.0,4.0,4.0,1.0,11.0,6.0,2.0,6.0
2019-09-06 14:00:00,7.0,4.0,11.0,9.0,4.0,11.0,9.0,9.0,8.0,3.0,16.0,10.0,7.0,8.0,6.0,3.0,13.0,14.0,13.0,16.0,17.0,6.0,4.0,37.0,36.0,25.0,12.0,16.0,19.0,11.0,8.0,54.0,16.0,43.0,15.0,17.0,28.0,22.0,12.0,16.0,23.0,14.0,78.0,13.0,5.0,7.0,11.0,67.45,49.68,74.64,74.72,75.53,79.48,48.93,73.04,74.47,70.15,61.6,82.21,79.42,84.25,1.9,0.3,0.7,0.4,1.6,2.1,0.4,0.1,0.1,0.1,0.3,0.9,1.57,1.23,1.49,1.45,1.19,1.35,0.12,0.04,0.13,0.3,0.3,0.2,0.3,0.2,0.1,0.2,0.2,0.2,0.3,10.0,6.0,5.0,1.0,3.0,4.0,2.0,1.0,14.0,4.0,13.0,3.0,3.0,5.0,6.0,1.0,4.0,1.0,3.0,23.0,3.0,1.0,2.0,2.0,21.0,26.0,17.0,10.0,11.0,13.0,8.0,7.0,33.0,10.0,24.0,11.0,12.0,20.0,12.0,10.0,10.0,21.0,9.0,43.0,8.0,4.0,5.0,9.0,5.0,1.0,1.0,9.0,5.0,4.0,10.0
2019-09-06 15:00:00,6.0,4.0,11.0,10.0,4.0,11.0,8.0,8.0,8.0,3.0,6.0,18.0,9.0,3.0,14.0,5.0,9.0,18.0,8.0,7.0,25.0,6.0,2.0,32.0,32.0,25.0,13.0,18.0,19.0,10.0,18.0,45.0,20.0,33.0,14.0,19.0,20.0,10.0,9.0,21.0,20.0,18.0,57.0,13.0,5.0,5.0,11.0,76.07,54.05,81.52,83.35,87.61,80.64,60.97,82.17,84.59,78.83,75.1,88.77,86.2,90.72,2.4,0.4,0.8,0.5,1.3,0.6,0.5,0.1,0.2,0.1,0.3,0.1,1.58,1.23,1.49,1.45,1.17,1.35,0.13,0.06,0.15,0.3,0.3,0.2,0.3,0.2,0.1,0.2,0.2,0.2,0.3,7.0,5.0,5.0,2.0,4.0,3.0,2.0,3.0,10.0,5.0,9.0,2.0,4.0,3.0,2.0,1.0,5.0,1.0,4.0,14.0,3.0,1.0,1.0,2.0,21.0,24.0,18.0,10.0,13.0,14.0,7.0,13.0,29.0,12.0,19.0,10.0,13.0,15.0,7.0,7.0,13.0,19.0,11.0,35.0,9.0,4.0,3.0,9.0,1.0,2.0,7.0,3.0,12.0,2.0,18.0
2019-09-06 16:00:00,5.0,4.0,10.0,10.0,4.0,11.0,8.0,8.0,8.0,2.0,13.0,28.0,14.0,6.0,19.0,2.0,3.0,10.0,12.0,3.0,19.0,3.0,2.0,37.0,27.0,40.0,12.0,20.0,20.0,10.0,23.0,39.0,17.0,43.0,12.0,15.0,20.0,10.0,8.0,24.0,21.0,12.0,50.0,18.0,6.0,6.0,10.0,84.19,56.53,84.65,87.41,91.11,80.87,68.26,88.83,91.57,83.38,79.76,93.65,88.68,95.97,1.9,1.1,0.9,0.4,1.2,0.7,0.5,0.3,0.2,0.1,0.3,0.1,1.61,1.23,1.5,1.45,1.18,1.34,0.16,0.05,0.17,0.3,0.3,0.2,0.3,0.2,0.1,0.2,0.2,0.2,0.2,8.0,4.0,10.0,1.0,4.0,3.0,2.0,4.0,9.0,4.0,12.0,2.0,2.0,2.0,2.0,1.0,6.0,1.0,3.0,11.0,4.0,1.0,1.0,2.0,26.0,20.0,25.0,11.0,14.0,15.0,7.0,17.0,26.0,11.0,25.0,9.0,11.0,16.0,7.0,6.0,15.0,19.0,8.0,33.0,11.0,4.0,4.0,8.0,7.0,10.0,13.0,1.0,6.0,6.0,14.0
2019-09-06 17:00:00,6.0,4.0,9.0,8.0,4.0,11.0,8.0,8.0,7.0,3.0,16.0,13.0,14.0,17.0,14.0,4.0,8.0,14.0,12.0,9.0,14.0,3.0,3.0,35.0,29.0,39.0,12.0,22.0,17.0,12.0,14.0,34.0,19.0,30.0,15.0,17.0,22.0,13.0,10.0,23.0,23.0,12.0,38.0,15.0,6.0,7.0,16.0,86.75,62.37,88.1,93.68,92.83,89.82,74.03,91.1,92.0,87.38,85.74,97.5,92.5,99.89,1.8,0.8,0.8,0.4,1.3,1.0,0.4,0.2,0.2,0.1,0.3,0.1,1.67,1.23,1.5,1.45,1.18,1.33,0.21,0.05,0.17,0.3,0.2,0.2,0.3,0.2,0.1,0.2,0.2,0.2,0.3,7.0,4.0,9.0,1.0,4.0,2.0,2.0,2.0,7.0,5.0,7.0,2.0,3.0,2.0,2.0,1.0,6.0,1.0,2.0,7.0,3.0,1.0,1.0,5.0,24.0,23.0,26.0,11.0,15.0,13.0,9.0,11.0,24.0,12.0,19.0,11.0,13.0,19.0,9.0,9.0,15.0,21.0,9.0,28.0,10.0,4.0,6.0,9.0,10.0,9.0,9.0,2.0,10.0,6.0,6.0
2019-09-06 18:00:00,6.0,4.0,9.0,8.0,4.0,11.0,8.0,9.0,7.0,3.0,9.0,1.0,8.0,14.0,14.0,8.0,14.0,12.0,4.0,8.0,2.0,3.0,2.0,33.0,36.0,45.0,14.0,25.0,20.0,13.0,15.0,42.0,20.0,44.0,15.0,20.0,20.0,13.0,10.0,15.0,23.0,14.0,98.0,21.0,7.0,8.0,16.0,84.76,61.91,87.77,92.16,94.79,90.47,72.13,91.93,96.22,91.76,68.39,97.77,93.91,97.57,1.7,0.7,0.9,0.4,1.3,0.8,0.4,0.2,0.2,0.1,0.3,0.2,1.67,1.23,1.49,1.46,1.18,1.33,0.22,0.05,0.16,0.3,0.2,0.2,0.3,0.2,0.1,0.2,0.2,0.2,0.3,5.0,5.0,9.0,1.0,4.0,2.0,2.0,2.0,8.0,4.0,11.0,2.0,3.0,2.0,2.0,1.0,3.0,1.0,3.0,26.0,5.0,1.0,1.0,4.0,25.0,28.0,30.0,13.0,19.0,17.0,10.0,12.0,30.0,14.0,27.0,12.0,16.0,17.0,10.0,9.0,11.0,22.0,10.0,59.0,14.0,5.0,6.0,10.0,3.0,4.0,8.0,7.0,9.0,1.0,1.0
2019-09-06 19:00:00,6.0,4.0,8.0,7.0,4.0,11.0,8.0,9.0,7.0,4.0,4.0,3.0,7.0,20.0,17.0,2.0,18.0,5.0,5.0,9.0,14.0,5.0,6.0,30.0,36.0,27.0,13.0,26.0,21.0,12.0,13.0,58.0,17.0,43.0,16.0,19.0,26.0,12.0,11.0,17.0,30.0,15.0,115.0,22.0,7.0,5.0,12.0,82.46,60.4,87.34,92.02,95.27,92.4,65.08,90.08,88.66,89.11,61.85,97.03,95.34,98.74,1.7,0.4,0.7,0.3,1.5,0.5,0.4,0.1,0.2,0.1,0.3,0.1,1.69,1.23,1.49,1.46,1.18,1.33,0.22,0.05,0.16,0.3,0.3,0.2,0.3,0.2,0.1,0.2,0.2,0.2,0.3,3.0,4.0,3.0,1.0,4.0,2.0,1.0,1.0,10.0,3.0,9.0,2.0,2.0,2.0,2.0,1.0,2.0,2.0,2.0,31.0,5.0,1.0,1.0,1.0,24.0,30.0,22.0,11.0,20.0,18.0,10.0,11.0,43.0,13.0,29.0,14.0,16.0,23.0,9.0,9.0,13.0,27.0,11.0,68.0,15.0,5.0,3.0,10.0,1.0,2.0,12.0,14.0,2.0,2.0,11.0
2019-09-06 20:00:00,6.0,4.0,9.0,7.0,4.0,11.0,8.0,9.0,7.0,2.0,8.0,8.0,8.0,5.0,13.0,8.0,10.0,2.0,5.0,2.0,13.0,4.0,2.0,28.0,54.0,20.0,16.0,19.0,30.0,9.0,17.0,67.0,16.0,61.0,21.0,27.0,24.0,9.0,9.0,18.0,40.0,23.0,153.0,25.0,14.0,6.0,16.0,65.64,58.01,87.87,84.84,91.77,89.78,54.42,78.74,81.79,74.93,44.06,89.3,93.14,91.75,2.1,0.6,0.7,0.3,2.0,0.5,0.5,0.1,0.2,0.1,0.3,0.1,1.68,1.23,1.51,1.46,1.18,1.32,0.22,0.05,0.19,0.3,0.3,0.2,0.3,0.2,0.1,0.2,0.2,0.3,0.3,3.0,5.0,1.0,1.0,2.0,4.0,1.0,2.0,11.0,2.0,13.0,2.0,3.0,1.0,1.0,1.0,1.0,3.0,2.0,42.0,5.0,3.0,1.0,3.0,24.0,46.0,18.0,14.0,16.0,24.0,8.0,13.0,50.0,13.0,40.0,18.0,23.0,22.0,8.0,8.0,16.0,36.0,20.0,88.0,17.0,9.0,5.0,11.0,4.0,3.0,7.0,6.0,1.0,1.0,7.0
2019-09-06 21:00:00,7.0,4.0,10.0,7.0,4.0,11.0,8.0,9.0,7.0,3.0,9.0,4.0,9.0,1.0,16.0,9.0,13.0,4.0,5.0,1.0,10.0,5.0,18.0,37.0,78.0,33.0,38.0,32.0,49.0,21.0,25.0,71.0,47.0,101.0,41.0,46.0,53.0,23.0,12.0,31.0,53.0,35.0,280.0,33.0,21.0,20.0,21.0,41.34,43.96,69.98,57.53,76.29,70.55,42.15,52.05,63.97,54.06,15.15,69.89,72.47,77.66,2.9,0.5,1.3,0.2,2.9,0.7,0.8,0.1,0.4,0.1,0.5,0.1,1.7,1.24,1.81,1.46,1.18,1.34,0.24,0.06,0.47,0.4,0.4,0.3,0.4,0.2,0.2,0.3,0.3,0.6,0.3,3.0,6.0,1.0,1.0,1.0,2.0,1.0,1.0,8.0,6.0,22.0,1.0,2.0,1.0,1.0,1.0,1.0,2.0,2.0,97.0,4.0,1.0,1.0,2.0,32.0,70.0,31.0,36.0,30.0,46.0,19.0,23.0,58.0,37.0,68.0,39.0,43.0,51.0,21.0,10.0,30.0,49.0,32.0,132.0,27.0,19.0,19.0,19.0,4.0,4.0,6.0,8.0,1.0,1.0,7.0
2019-09-06 22:00:00,7.0,4.0,12.0,6.0,4.0,11.0,9.0,9.0,8.0,4.0,2.0,13.0,10.0,26.0,24.0,22.0,9.0,6.0,8.0,1.0,17.0,15.0,16.0,42.0,76.0,30.0,51.0,73.0,53.0,35.0,51.0,66.0,46.0,75.0,51.0,42.0,67.0,25.0,32.0,30.0,46.0,32.0,165.0,35.0,26.0,41.0,26.0,28.85,26.01,28.65,42.7,53.84,47.3,33.64,33.14,45.02,45.91,16.82,51.78,45.26,60.5,4.8,0.8,2.4,0.8,3.6,1.0,1.2,0.2,0.5,0.2,0.7,0.2,1.73,1.25,1.52,1.47,1.19,1.33,0.26,0.06,0.19,0.4,0.5,0.3,0.4,0.2,0.2,0.3,0.3,0.4,0.3,3.0,6.0,1.0,2.0,2.0,2.0,1.0,4.0,9.0,3.0,14.0,2.0,1.0,3.0,1.0,1.0,1.0,1.0,2.0,43.0,3.0,1.0,1.0,2.0,37.0,66.0,29.0,49.0,70.0,50.0,33.0,45.0,53.0,42.0,54.0,48.0,41.0,63.0,23.0,31.0,29.0,44.0,29.0,99.0,31.0,24.0,40.0,24.0,1.0,3.0,9.0,3.0,3.0,1.0,11.0
2019-09-06 23:00:00,8.0,4.0,12.0,6.0,4.0,11.0,9.0,8.0,7.0,5.0,14.0,16.0,8.0,22.0,15.0,18.0,13.0,9.0,9.0,9.0,18.0,13.0,15.0,25.0,42.0,16.0,26.0,29.0,24.0,14.0,27.0,45.0,20.0,29.0,24.0,24.0,40.0,11.0,23.0,21.0,26.0,22.0,84.0,22.0,10.0,16.0,14.0,48.35,33.43,55.6,62.72,68.68,62.25,44.7,57.24,57.55,56.73,33.22,71.67,65.51,73.71,3.1,0.5,1.7,0.9,3.0,1.0,0.8,0.1,0.4,0.2,0.6,0.2,1.68,1.24,1.52,1.47,1.18,1.35,0.21,0.06,0.17,0.3,0.3,0.2,0.4,0.2,0.2,0.2,0.3,0.3,0.3,3.0,2.0,1.0,1.0,1.0,1.0,1.0,2.0,6.0,1.0,4.0,1.0,1.0,2.0,1.0,1.0,1.0,1.0,1.0,13.0,2.0,1.0,1.0,1.0,20.0,38.0,15.0,24.0,28.0,23.0,12.0,25.0,35.0,18.0,23.0,22.0,22.0,37.0,10.0,22.0,20.0,25.0,20.0,63.0,19.0,8.0,15.0,12.0,8.0,2.0,5.0,8.0,4.0,1.0,11.0
2019-09-07 00:00:00,8.0,4.0,12.0,6.0,4.0,11.0,9.0,8.0,7.0,6.0,11.0,13.0,8.0,13.0,15.0,20.0,15.0,9.0,21.0,9.0,15.0,15.0,14.0,19.0,27.0,11.0,12.0,15.0,15.0,9.0,24.0,28.0,13.0,16.0,15.0,15.0,22.0,6.0,12.0,12.0,17.0,21.0,49.0,11.0,7.0,10.0,11.0,57.41,40.74,66.52,67.28,70.74,58.13,54.47,63.17,66.97,62.66,49.53,73.19,70.08,75.12,2.2,0.4,1.0,0.5,2.2,0.6,0.6,0.1,0.2,0.2,0.4,0.1,1.63,1.24,1.53,1.47,1.18,1.37,0.16,0.06,0.15,0.3,0.3,0.2,0.3,0.2,0.1,0.2,0.2,0.2,0.3,3.0,2.0,1.0,1.0,1.0,1.0,1.0,1.0,4.0,1.0,2.0,1.0,1.0,1.0,1.0,1.0,1.0,1.0,1.0,6.0,1.0,1.0,1.0,1.0,14.0,24.0,9.0,10.0,14.0,14.0,8.0,23.0,22.0,12.0,14.0,14.0,14.0,21.0,4.0,10.0,10.0,16.0,19.0,40.0,9.0,5.0,8.0,10.0,5.0,1.0,7.0,10.0,4.0,13.0,9.0
2019-09-07 01:00:00,8.0,4.0,12.0,5.0,4.0,11.0,8.0,8.0,8.0,5.0,14.0,10.0,10.0,13.0,16.0,18.0,17.0,9.0,32.0,16.0,14.0,12.0,13.0,14.0,23.0,10.0,14.0,15.0,12.0,9.0,31.0,32.0,13.0,13.0,12.0,14.0,16.0,5.0,11.0,10.0,13.0,11.0,34.0,9.0,5.0,17.0,11.0,58.93,43.17,63.11,67.98,68.64,54.84,51.42,63.86,65.53,65.05,56.55,74.12,61.89,73.48,1.8,0.2,0.7,0.4,1.7,0.6,0.5,0.4,0.2,0.1,0.3,0.1,1.6,1.24,1.5,1.46,1.19,1.35,0.14,0.05,0.15,0.3,0.2,0.2,0.3,0.2,0.1,0.2,0.2,0.2,0.2,2.0,2.0,1.0,1.0,1.0,1.0,1.0,5.0,6.0,1.0,2.0,1.0,1.0,1.0,1.0,1.0,1.0,1.0,1.0,4.0,1.0,1.0,1.0,1.0,11.0,20.0,8.0,13.0,14.0,11.0,7.0,23.0,23.0,11.0,11.0,11.0,12.0,15.0,3.0,10.0,9.0,11.0,10.0,27.0,8.0,3.0,16.0,10.0,6.0,2.0,7.0,11.0,5.0,24.0,8.0
2019-09-07 02:00:00,8.0,4.0,11.0,5.0,4.0,11.0,8.0,8.0,7.0,6.0,10.0,9.0,10.0,13.0,15.0,16.0,17.0,10.0,9.0,10.0,11.0,17.0,13.0,20.0,20.0,8.0,9.0,13.0,12.0,7.0,12.0,18.0,10.0,10.0,9.0,10.0,13.0,4.0,8.0,7.0,13.0,8.0,21.0,8.0,4.0,10.0,10.0,59.8,47.12,61.77,66.3,67.91,62.47,55.18,64.43,65.9,61.5,61.57,75.14,66.48,73.32,1.2,0.2,0.7,0.3,1.2,1.5,0.3,0.2,0.2,0.1,0.2,0.1,1.56,1.24,1.5,1.46,1.18,1.36,0.1,0.06,0.14,0.3,0.2,0.2,0.3,0.2,0.1,0.2,0.2,0.2,0.2,4.0,2.0,1.0,1.0,1.0,1.0,1.0,1.0,2.0,1.0,1.0,1.0,1.0,1.0,1.0,1.0,1.0,1.0,1.0,1.0,1.0,1.0,1.0,1.0,13.0,16.0,6.0,8.0,12.0,10.0,6.0,10.0,15.0,9.0,9.0,8.0,9.0,12.0,2.0,7.0,5.0,12.0,7.0,19.0,7.0,3.0,9.0,9.0,3.0,3.0,9.0,11.0,4.0,2.0,6.0
2019-09-07 03:00:00,8.0,4.0,12.0,4.0,4.0,11.0,8.0,9.0,8.0,6.0,12.0,7.0,8.0,11.0,10.0,12.0,11.0,10.0,15.0,6.0,10.0,12.0,8.0,14.0,14.0,6.0,7.0,7.0,9.0,5.0,4.0,21.0,5.0,8.0,6.0,7.0,9.0,2.0,7.0,5.0,8.0,4.0,16.0,6.0,5.0,6.0,9.0,61.3,47.72,65.55,65.7,67.59,67.54,53.98,68.01,65.75,62.99,62.26,70.86,68.49,75.35,0.9,0.2,0.5,0.2,0.9,1.1,0.3,0.3,0.1,0.1,0.2,0.1,1.56,1.23,1.5,1.47,1.18,1.36,0.09,0.05,0.14,0.3,0.2,0.2,0.3,0.1,0.1,0.1,0.2,0.1,0.2,3.0,1.0,1.0,1.0,1.0,1.0,1.0,1.0,4.0,1.0,1.0,1.0,1.0,1.0,1.0,1.0,1.0,1.0,1.0,1.0,1.0,1.0,1.0,1.0,10.0,13.0,4.0,6.0,6.0,8.0,4.0,3.0,15.0,3.0,6.0,4.0,6.0,8.0,1.0,5.0,4.0,7.0,3.0,15.0,4.0,4.0,4.0,8.0,6.0,2.0,3.0,7.0,5.0,7.0,5.0
2019-09-07 04:00:00,8.0,4.0,12.0,4.0,4.0,11.0,9.0,9.0,7.0,6.0,8.0,6.0,10.0,12.0,10.0,11.0,11.0,7.0,16.0,7.0,8.0,9.0,8.0,9.0,14.0,6.0,6.0,7.0,7.0,5.0,5.0,21.0,5.0,7.0,7.0,7.0,9.0,3.0,5.0,5.0,8.0,4.0,14.0,7.0,5.0,8.0,9.0,60.4,47.47,64.26,64.92,65.8,64.45,51.02,65.34,66.01,61.95,63.35,69.21,65.6,73.43,0.8,0.1,0.6,0.2,0.8,0.6,0.2,0.7,0.1,0.1,0.2,0.1,1.54,1.24,1.5,1.46,1.2,1.36,0.08,0.04,0.14,0.2,0.2,0.2,0.3,0.2,0.1,0.1,0.2,0.1,0.2,1.0,1.0,1.0,1.0,1.0,1.0,1.0,1.0,5.0,1.0,1.0,1.0,1.0,1.0,1.0,1.0,1.0,1.0,1.0,1.0,1.0,1.0,1.0,1.0,7.0,12.0,4.0,5.0,5.0,6.0,4.0,3.0,13.0,3.0,6.0,5.0,5.0,8.0,1.0,4.0,4.0,6.0,2.0,12.0,5.0,3.0,6.0,7.0,2.0,4.0,4.0,8.0,4.0,8.0,3.0
2019-09-07 05:00:00,8.0,4.0,12.0,4.0,4.0,11.0,9.0,9.0,8.0,6.0,8.0,5.0,8.0,10.0,11.0,9.0,5.0,7.0,9.0,4.0,10.0,10.0,7.0,8.0,11.0,5.0,6.0,8.0,6.0,5.0,6.0,16.0,6.0,7.0,5.0,6.0,9.0,3.0,4.0,6.0,8.0,6.0,12.0,6.0,4.0,8.0,9.0,61.91,47.93,61.66,64.84,64.94,64.08,50.85,64.73,66.77,62.34,64.79,69.7,64.76,71.33,0.8,0.1,0.5,0.2,0.8,0.3,0.2,0.3,0.1,0.1,0.2,0.1,1.54,1.24,1.5,1.46,1.2,1.36,0.08,0.04,0.15,0.2,0.2,0.2,0.3,0.1,0.1,0.2,0.2,0.1,0.2,1.0,1.0,1.0,1.0,1.0,1.0,1.0,1.0,3.0,1.0,1.0,1.0,1.0,1.0,1.0,1.0,1.0,1.0,1.0,1.0,1.0,1.0,1.0,1.0,6.0,10.0,4.0,5.0,7.0,5.0,4.0,4.0,12.0,4.0,5.0,4.0,5.0,7.0,1.0,2.0,4.0,6.0,5.0,10.0,5.0,3.0,7.0,7.0,3.0,3.0,6.0,1.0,4.0,3.0,6.0
2019-09-07 06:00:00,8.0,4.0,13.0,5.0,4.0,11.0,9.0,9.0,8.0,6.0,6.0,5.0,8.0,8.0,5.0,6.0,10.0,7.0,4.0,12.0,11.0,8.0,5.0,9.0,12.0,6.0,8.0,9.0,6.0,6.0,7.0,16.0,5.0,7.0,6.0,6.0,9.0,2.0,5.0,6.0,8.0,9.0,15.0,6.0,4.0,12.0,9.0,60.05,46.87,60.97,64.6,62.58,64.25,48.96,63.74,65.25,61.53,61.98,55.72,61.07,73.01,0.7,0.1,0.4,0.2,0.7,0.2,0.2,0.1,0.1,0.1,0.2,0.1,1.53,1.25,1.5,1.46,1.19,1.36,0.07,0.05,0.14,0.2,0.2,0.2,0.3,0.1,0.1,0.1,0.2,0.1,0.2,1.0,1.0,1.0,1.0,1.0,1.0,1.0,1.0,2.0,1.0,1.0,1.0,1.0,1.0,1.0,1.0,1.0,1.0,1.0,1.0,1.0,1.0,1.0,1.0,7.0,11.0,5.0,7.0,8.0,5.0,4.0,6.0,13.0,4.0,6.0,4.0,5.0,8.0,1.0,3.0,5.0,7.0,7.0,13.0,5.0,3.0,11.0,7.0,1.0,3.0,1.0,6.0,5.0,1.0,8.0
2019-09-07 07:00:00,8.0,4.0,13.0,4.0,4.0,11.0,9.0,9.0,8.0,6.0,6.0,2.0,4.0,10.0,9.0,8.0,9.0,5.0,8.0,16.0,10.0,10.0,6.0,11.0,14.0,8.0,13.0,11.0,7.0,7.0,13.0,19.0,7.0,14.0,8.0,8.0,12.0,3.0,6.0,9.0,11.0,10.0,17.0,8.0,4.0,11.0,9.0,59.28,43.61,60.48,64.48,63.26,61.7,45.7,62.6,64.13,59.37,59.94,70.96,62.34,73.28,0.7,0.2,0.4,0.2,0.7,0.1,0.2,0.7,0.1,0.1,0.2,0.1,1.53,1.24,1.5,1.46,1.19,1.36,0.07,0.05,0.15,0.2,0.2,0.2,0.3,0.2,0.1,0.2,0.2,0.1,0.2,1.0,1.0,1.0,1.0,1.0,1.0,1.0,1.0,3.0,1.0,2.0,1.0,1.0,1.0,1.0,1.0,1.0,1.0,1.0,1.0,1.0,1.0,1.0,1.0,9.0,12.0,6.0,11.0,9.0,6.0,5.0,11.0,15.0,5.0,10.0,6.0,7.0,11.0,1.0,5.0,8.0,9.0,8.0,15.0,6.0,3.0,10.0,8.0,1.0,1.0,5.0,7.0,1.0,4.0,6.0
2019-09-07 08:00:00,8.0,4.0,12.0,4.0,4.0,11.0,9.0,9.0,8.0,6.0,6.0,6.0,5.0,10.0,10.0,10.0,9.0,7.0,6.0,7.0,7.0,11.0,8.0,12.0,14.0,8.0,15.0,16.0,9.0,7.0,20.0,19.0,9.0,13.0,10.0,11.0,17.0,3.0,8.0,9.0,12.0,15.0,27.0,8.0,4.0,14.0,11.0,60.18,41.99,56.7,64.34,64.09,57.86,50.42,62.56,63.8,60.26,54.31,71.41,60.41,72.38,0.8,0.1,0.4,0.2,0.8,0.1,0.2,0.1,0.2,0.1,0.2,0.1,1.53,1.24,1.51,1.46,1.19,1.36,0.07,0.06,0.15,0.3,0.2,0.2,0.3,0.2,0.1,0.2,0.2,0.2,0.2,1.0,1.0,1.0,1.0,1.0,1.0,1.0,1.0,3.0,1.0,2.0,1.0,1.0,1.0,1.0,1.0,1.0,1.0,1.0,3.0,1.0,1.0,1.0,1.0,9.0,12.0,6.0,14.0,15.0,7.0,5.0,18.0,14.0,7.0,9.0,9.0,9.0,16.0,1.0,6.0,8.0,10.0,13.0,23.0,6.0,3.0,13.0,9.0,1.0,1.0,5.0,6.0,4.0,2.0,4.0
2019-09-07 09:00:00,8.0,4.0,13.0,4.0,4.0,11.0,9.0,9.0,8.0,6.0,8.0,7.0,8.0,10.0,8.0,12.0,9.0,6.0,9.0,8.0,13.0,12.0,9.0,15.0,20.0,10.0,15.0,19.0,14.0,9.0,19.0,24.0,14.0,14.0,11.0,14.0,20.0,5.0,14.0,12.0,14.0,17.0,37.0,9.0,5.0,12.0,12.0,55.51,41.81,55.13,60.43,62.85,58.16,49.82,60.95,58.49,59.14,50.26,69.5,63.28,69.76,0.8,0.2,0.4,0.2,0.8,0.2,0.2,0.1,0.2,0.1,0.2,0.1,1.54,1.24,1.51,1.46,1.19,1.36,0.07,0.06,0.15,0.3,0.2,0.2,0.3,0.1,0.1,0.2,0.2,0.2,0.2,2.0,1.0,1.0,1.0,1.0,2.0,1.0,1.0,4.0,1.0,2.0,1.0,2.0,1.0,1.0,1.0,1.0,1.0,2.0,5.0,1.0,1.0,1.0,1.0,12.0,19.0,9.0,14.0,17.0,12.0,7.0,17.0,17.0,12.0,10.0,10.0,11.0,18.0,3.0,12.0,10.0,12.0,14.0,30.0,8.0,4.0,11.0,10.0,3.0,4.0,3.0,5.0,2.0,3.0,9.0
2019-09-07 10:00:00,8.0,4.0,13.0,4.0,4.0,12.0,9.0,9.0,8.0,6.0,11.0,9.0,10.0,12.0,12.0,13.0,15.0,7.0,11.0,17.0,11.0,11.0,7.0,18.0,31.0,12.0,16.0,19.0,17.0,10.0,24.0,31.0,12.0,18.0,14.0,16.0,19.0,6.0,17.0,15.0,15.0,15.0,50.0,14.0,6.0,14.0,12.0,51.48,43.19,57.4,59.57,61.85,56.82,47.39,58.65,57.26,59.86,48.73,69.94,63.41,69.71,0.8,0.6,0.7,0.3,1.1,0.4,0.3,0.2,0.2,0.1,0.2,0.1,1.55,1.24,1.51,1.47,1.2,1.37,0.08,0.04,0.14,0.3,0.2,0.2,0.3,0.2,0.1,0.2,0.2,0.2,0.2,3.0,3.0,1.0,1.0,2.0,2.0,1.0,2.0,6.0,2.0,3.0,1.0,2.0,1.0,1.0,1.0,2.0,1.0,2.0,9.0,1.0,1.0,1.0,1.0,14.0,26.0,11.0,14.0,16.0,14.0,9.0,21.0,22.0,10.0,14.0,11.0,13.0,18.0,5.0,15.0,12.0,13.0,12.0,36.0,12.0,4.0,12.0,10.0,6.0,4.0,5.0,11.0,2.0,4.0,6.0
2019-09-07 11:00:00,9.0,4.0,12.0,4.0,4.0,11.0,9.0,9.0,8.0,6.0,7.0,10.0,13.0,13.0,12.0,16.0,20.0,9.0,11.0,26.0,13.0,15.0,11.0,23.0,33.0,14.0,13.0,20.0,24.0,12.0,19.0,34.0,16.0,19.0,15.0,25.0,22.0,8.0,13.0,15.0,17.0,13.0,52.0,12.0,6.0,9.0,13.0,54.49,42.96,58.34,56.63,62.08,63.02,46.6,59.75,60.88,59.23,49.9,72.02,68.95,70.21,1.0,0.2,0.8,0.5,1.2,0.5,0.3,0.1,0.2,0.1,0.2,0.1,1.55,1.24,1.51,1.46,1.2,1.37,0.09,0.04,0.14,0.3,0.2,0.2,0.3,0.2,0.1,0.2,0.2,0.2,0.2,4.0,5.0,2.0,1.0,3.0,3.0,1.0,2.0,6.0,3.0,4.0,2.0,3.0,3.0,1.0,1.0,3.0,1.0,2.0,10.0,2.0,1.0,2.0,2.0,17.0,25.0,11.0,12.0,16.0,19.0,10.0,16.0,24.0,12.0,14.0,12.0,19.0,18.0,7.0,11.0,11.0,16.0,10.0,36.0,9.0,4.0,7.0,10.0,2.0,7.0,5.0,16.0,3.0,4.0,7.0
2019-09-07 12:00:00,8.0,4.0,12.0,5.0,5.0,12.0,9.0,9.0,8.0,6.0,9.0,10.0,13.0,12.0,11.0,27.0,13.0,8.0,14.0,24.0,12.0,13.0,17.0,23.0,33.0,16.0,20.0,18.0,22.0,11.0,9.0,34.0,14.0,23.0,14.0,20.0,21.0,7.0,14.0,14.0,19.0,12.0,60.0,11.0,7.0,15.0,11.0,59.28,41.51,63.28,63.67,70.19,70.38,52.75,68.37,64.46,59.45,56.16,78.66,67.57,79.25,1.0,0.4,0.8,0.6,1.3,0.5,0.4,0.1,0.2,0.2,0.3,0.1,1.56,1.24,1.51,1.46,1.2,1.38,0.1,0.04,0.13,0.3,0.3,0.2,0.3,0.2,0.1,0.2,0.2,0.2,0.2,5.0,6.0,3.0,2.0,3.0,3.0,1.0,1.0,7.0,3.0,5.0,2.0,4.0,3.0,1.0,1.0,3.0,1.0,2.0,17.0,2.0,1.0,3.0,1.0,16.0,25.0,12.0,17.0,14.0,17.0,9.0,8.0,23.0,10.0,15.0,10.0,15.0,16.0,5.0,13.0,9.0,18.0,8.0,34.0,8.0,5.0,11.0,9.0,2.0,5.0,3.0,9.0,4.0,7.0,7.0
2019-09-07 13:00:00,7.0,4.0,12.0,5.0,5.0,11.0,8.0,9.0,8.0,5.0,15.0,13.0,9.0,12.0,12.0,42.0,25.0,8.0,13.0,28.0,15.0,15.0,28.0,30.0,26.0,22.0,10.0,17.0,18.0,12.0,6.0,45.0,15.0,29.0,15.0,17.0,17.0,12.0,9.0,14.0,20.0,9.0,42.0,18.0,8.0,6.0,12.0,69.13,47.38,67.8,73.34,75.21,76.16,56.19,72.27,73.19,65.41,69.86,83.74,77.19,83.84,1.2,0.2,0.6,0.5,1.4,0.6,0.4,0.1,0.2,0.1,0.3,0.1,1.56,1.24,1.49,1.46,1.2,1.4,0.1,0.04,0.09,0.3,0.3,0.2,0.3,0.2,0.1,0.2,0.2,0.2,0.2,6.0,4.0,3.0,1.0,3.0,3.0,2.0,1.0,13.0,3.0,7.0,3.0,3.0,2.0,2.0,1.0,3.0,1.0,2.0,10.0,4.0,1.0,1.0,1.0,20.0,20.0,18.0,8.0,12.0,12.0,9.0,4.0,25.0,10.0,18.0,11.0,12.0,13.0,9.0,7.0,9.0,18.0,6.0,27.0,12.0,6.0,4.0,10.0,6.0,2.0,5.0,21.0,3.0,5.0,9.0
2019-09-07 14:00:00,6.0,4.0,12.0,7.0,4.0,11.0,9.0,9.0,8.0,4.0,10.0,15.0,18.0,12.0,9.0,40.0,26.0,13.0,20.0,45.0,16.0,16.0,29.0,26.0,19.0,19.0,9.0,12.0,11.0,7.0,6.0,22.0,13.0,13.0,17.0,16.0,11.0,5.0,6.0,11.0,15.0,11.0,31.0,21.0,9.0,5.0,14.0,80.49,54.51,79.33,84.36,85.99,85.08,68.64,76.9,83.34,78.53,81.71,87.57,86.57,88.27,1.2,0.3,0.5,0.4,1.1,0.4,0.3,0.1,0.1,0.2,0.3,0.1,1.56,1.22,1.5,1.45,1.2,1.42,0.11,0.02,0.08,0.3,0.2,0.2,0.3,0.2,0.1,0.2,0.2,0.2,0.2,5.0,3.0,4.0,1.0,2.0,2.0,1.0,1.0,4.0,3.0,2.0,3.0,3.0,1.0,1.0,1.0,2.0,1.0,2.0,6.0,4.0,1.0,1.0,1.0,18.0,14.0,14.0,8.0,8.0,8.0,6.0,4.0,16.0,8.0,10.0,13.0,11.0,9.0,3.0,5.0,7.0,14.0,7.0,21.0,14.0,8.0,3.0,12.0,2.0,9.0,2.0,23.0,6.0,12.0,11.0
2019-09-07 15:00:00,6.0,4.0,11.0,9.0,5.0,11.0,9.0,8.0,7.0,4.0,9.0,14.0,21.0,24.0,14.0,28.0,28.0,17.0,31.0,41.0,19.0,14.0,11.0,28.0,20.0,16.0,9.0,10.0,12.0,8.0,9.0,27.0,11.0,17.0,11.0,12.0,11.0,7.0,5.0,11.0,13.0,11.0,38.0,14.0,12.0,6.0,13.0,90.54,59.72,88.51,95.36,96.34,91.96,77.83,90.53,96.34,84.65,89.15,92.39,93.67,102.3,1.3,0.6,0.4,0.4,0.9,0.7,0.3,0.1,0.1,0.1,0.3,0.2,1.6,1.23,1.49,1.46,1.21,1.42,0.15,0.02,0.07,0.3,0.2,0.2,0.3,0.2,0.1,0.1,0.2,0.2,0.2,5.0,3.0,2.0,1.0,2.0,2.0,1.0,1.0,5.0,3.0,3.0,2.0,2.0,1.0,1.0,1.0,2.0,1.0,2.0,8.0,3.0,2.0,1.0,1.0,20.0,15.0,12.0,7.0,7.0,9.0,6.0,7.0,18.0,7.0,12.0,8.0,9.0,10.0,5.0,4.0,8.0,11.0,8.0,25.0,10.0,9.0,5.0,12.0,1.0,11.0,4.0,22.0,9.0,24.0,13.0
2019-09-07 16:00:00,6.0,4.0,10.0,10.0,5.0,11.0,9.0,8.0,7.0,4.0,9.0,19.0,17.0,15.0,19.0,12.0,33.0,14.0,9.0,47.0,21.0,12.0,2.0,23.0,12.0,15.0,8.0,10.0,11.0,7.0,7.0,18.0,9.0,11.0,10.0,11.0,8.0,5.0,5.0,13.0,10.0,10.0,29.0,10.0,6.0,5.0,13.0,101.4,65.03,95.05,102.3,104.9,97.94,90.44,104.3,102.2,94.11,97.19,105.2,99.2,115.7,1.3,0.4,0.4,0.4,0.9,0.5,0.3,0.1,0.1,0.2,0.2,0.1,1.65,1.23,1.47,1.45,1.2,1.4,0.2,0.03,0.07,0.3,0.2,0.2,0.3,0.2,0.1,0.1,0.2,0.2,0.2,4.0,1.0,2.0,1.0,2.0,2.0,1.0,1.0,3.0,2.0,2.0,2.0,2.0,1.0,1.0,1.0,3.0,1.0,2.0,5.0,1.0,1.0,1.0,1.0,16.0,10.0,11.0,6.0,7.0,9.0,5.0,5.0,14.0,6.0,8.0,8.0,8.0,7.0,3.0,4.0,9.0,8.0,7.0,21.0,8.0,5.0,4.0,11.0,1.0,7.0,9.0,28.0,7.0,1.0,14.0
2019-09-07 17:00:00,7.0,4.0,8.0,9.0,5.0,11.0,9.0,9.0,7.0,4.0,13.0,22.0,13.0,30.0,20.0,1.0,12.0,5.0,9.0,35.0,20.0,8.0,6.0,30.0,14.0,23.0,8.0,15.0,7.0,6.0,7.0,17.0,9.0,13.0,8.0,10.0,8.0,4.0,5.0,7.0,9.0,8.0,25.0,8.0,6.0,5.0,13.0,107.1,71.97,100.8,112.7,113.0,105.9,95.35,112.5,110.0,101.2,105.2,111.6,106.4,121.9,1.5,0.5,0.3,0.3,0.9,0.4,0.4,0.1,0.1,0.2,0.2,0.1,1.72,1.23,1.48,1.46,1.19,1.38,0.26,0.03,0.1,0.3,0.2,0.2,0.3,0.2,0.1,0.1,0.2,0.2,0.2,6.0,1.0,4.0,1.0,3.0,1.0,1.0,1.0,2.0,2.0,2.0,1.0,1.0,1.0,1.0,1.0,1.0,1.0,1.0,4.0,1.0,1.0,1.0,1.0,21.0,12.0,16.0,6.0,10.0,6.0,5.0,6.0,14.0,6.0,10.0,7.0,8.0,7.0,3.0,4.0,5.0,8.0,6.0,20.0,6.0,5.0,3.0,11.0,4.0,4.0,11.0,6.0,3.0,3.0,15.0
2019-09-07 18:00:00,7.0,4.0,8.0,9.0,4.0,10.0,9.0,9.0,7.0,3.0,6.0,8.0,13.0,11.0,21.0,3.0,2.0,10.0,15.0,14.0,14.0,8.0,5.0,35.0,19.0,25.0,11.0,25.0,9.0,6.0,16.0,18.0,9.0,17.0,12.0,12.0,8.0,12.0,6.0,12.0,11.0,10.0,25.0,11.0,7.0,5.0,13.0,109.8,72.85,99.44,118.3,118.4,103.3,103.6,114.9,113.0,106.9,111.5,115.1,110.9,125.9,1.8,0.4,0.3,0.3,1.0,0.4,0.4,0.1,0.1,0.2,0.2,0.1,1.75,1.22,1.49,1.46,1.19,1.37,0.29,0.03,0.12,0.3,0.2,0.2,0.3,0.2,0.1,0.1,0.2,0.2,0.2,8.0,2.0,4.0,1.0,5.0,1.0,1.0,2.0,3.0,2.0,2.0,1.0,2.0,1.0,1.0,1.0,2.0,1.0,1.0,4.0,2.0,1.0,1.0,1.0,22.0,15.0,18.0,9.0,17.0,7.0,5.0,14.0,14.0,6.0,14.0,10.0,10.0,6.0,11.0,4.0,9.0,9.0,8.0,19.0,9.0,6.0,4.0,11.0,1.0,6.0,12.0,1.0,5.0,10.0,7.0
2019-09-07 19:00:00,7.0,4.0,8.0,9.0,5.0,10.0,9.0,9.0,7.0,3.0,15.0,11.0,14.0,15.0,24.0,11.0,8.0,10.0,11.0,1.0,14.0,9.0,4.0,26.0,20.0,33.0,11.0,27.0,17.0,6.0,16.0,23.0,13.0,16.0,10.0,14.0,9.0,11.0,7.0,17.0,11.0,13.0,39.0,17.0,9.0,6.0,13.0,113.6,74.54,101.4,116.7,122.0,104.6,107.4,116.2,112.4,109.2,106.0,116.8,112.8,125.2,1.9,0.4,0.5,0.2,1.1,0.5,0.4,0.1,0.2,0.2,0.3,0.1,1.73,1.22,1.5,1.46,1.19,1.37,0.27,0.03,0.13,0.3,0.2,0.2,0.3,0.2,0.1,0.2,0.2,0.2,0.2,4.0,2.0,5.0,1.0,5.0,2.0,1.0,1.0,2.0,2.0,2.0,1.0,2.0,1.0,1.0,1.0,2.0,1.0,2.0,6.0,3.0,1.0,1.0,1.0,19.0,17.0,25.0,9.0,18.0,14.0,5.0,14.0,19.0,11.0,13.0,9.0,12.0,7.0,10.0,5.0,13.0,10.0,11.0,30.0,13.0,7.0,5.0,11.0,6.0,7.0,15.0,3.0,4.0,4.0,7.0
2019-09-07 20:00:00,6.0,4.0,9.0,8.0,5.0,11.0,8.0,9.0,7.0,3.0,16.0,10.0,14.0,15.0,19.0,12.0,15.0,15.0,3.0,3.0,19.0,4.0,3.0,54.0,33.0,19.0,12.0,24.0,12.0,6.0,25.0,26.0,18.0,32.0,18.0,27.0,15.0,12.0,9.0,15.0,17.0,14.0,27.0,19.0,18.0,8.0,14.0,103.6,72.16,103.6,121.7,117.9,99.87,99.4,102.8,83.98,105.5,111.9,105.7,111.5,111.6,2.3,0.3,0.4,0.3,1.2,0.5,0.5,0.1,0.2,0.1,0.3,0.1,1.71,1.22,1.5,1.46,1.19,1.36,0.25,0.03,0.13,0.4,0.3,0.2,0.3,0.2,0.1,0.2,0.2,0.2,0.2,8.0,2.0,1.0,1.0,3.0,1.0,1.0,2.0,2.0,1.0,5.0,1.0,3.0,1.0,1.0,1.0,1.0,1.0,2.0,2.0,2.0,1.0,1.0,1.0,43.0,30.0,17.0,10.0,19.0,11.0,5.0,23.0,23.0,16.0,25.0,16.0,23.0,13.0,10.0,8.0,13.0,16.0,12.0,24.0,15.0,16.0,7.0,13.0,6.0,6.0,11.0,10.0,9.0,1.0,15.0
2019-09-07 21:00:00,6.0,4.0,10.0,8.0,4.0,11.0,9.0,9.0,7.0,3.0,12.0,9.0,33.0,19.0,20.0,16.0,25.0,9.0,13.0,2.0,18.0,6.0,12.0,63.0,63.0,46.0,26.0,33.0,32.0,12.0,65.0,54.0,32.0,86.0,47.0,43.0,39.0,21.0,12.0,28.0,67.0,41.0,69.0,53.0,36.0,21.0,20.0,69.89,62.07,89.87,94.27,102.9,62.85,71.75,61.89,69.18,62.52,72.33,78.71,86.23,99.13,2.2,0.5,1.1,0.2,1.8,1.0,0.6,0.1,0.3,0.1,0.4,0.2,1.73,1.24,1.54,1.47,1.2,1.39,0.26,0.04,0.15,0.4,0.4,0.2,0.4,0.2,0.2,0.2,0.3,0.3,0.3,11.0,3.0,2.0,1.0,1.0,1.0,1.0,3.0,4.0,1.0,13.0,1.0,1.0,1.0,1.0,1.0,1.0,2.0,3.0,6.0,8.0,1.0,1.0,1.0,46.0,58.0,43.0,25.0,31.0,30.0,11.0,60.0,48.0,30.0,67.0,45.0,42.0,37.0,19.0,11.0,26.0,63.0,36.0,61.0,41.0,34.0,20.0,18.0,3.0,9.0,5.0,22.0,3.0,6.0,14.0
2019-09-07 22:00:00,8.0,5.0,13.0,8.0,5.0,11.0,9.0,9.0,8.0,5.0,27.0,15.0,27.0,26.0,34.0,24.0,25.0,12.0,12.0,4.0,36.0,13.0,16.0,113.0,167.0,138.0,68.0,178.0,86.0,45.0,133.0,72.0,53.0,130.0,223.0,84.0,85.0,52.0,24.0,59.0,105.0,94.0,364.0,88.0,48.0,43.0,35.0,10.34,35.88,11.1,33.75,61.22,14.5,46.74,1.42,59.16,29.04,5.44,57.66,53.8,67.02,6.6,2.4,3.7,0.4,2.4,3.1,1.6,0.6,0.5,0.2,0.6,0.6,1.92,1.27,1.65,1.51,1.21,1.4,0.41,0.06,0.25,0.6,0.8,0.4,0.6,0.2,0.3,0.3,0.8,0.9,0.4,21.0,27.0,19.0,1.0,37.0,4.0,1.0,14.0,3.0,1.0,20.0,66.0,3.0,2.0,1.0,1.0,2.0,6.0,8.0,136.0,9.0,3.0,1.0,1.0,80.0,125.0,109.0,67.0,121.0,80.0,44.0,111.0,68.0,51.0,100.0,122.0,79.0,82.0,50.0,22.0,57.0,96.0,82.0,155.0,74.0,43.0,42.0,33.0,8.0,5.0,12.0,20.0,7.0,5.0,25.0
2019-09-07 23:00:00,8.0,5.0,14.0,9.0,5.0,12.0,9.0,9.0,8.0,5.0,33.0,21.0,16.0,18.0,21.0,9.0,23.0,14.0,13.0,15.0,51.0,21.0,6.0,82.0,122.0,47.0,47.0,173.0,111.0,43.0,37.0,77.0,47.0,91.0,130.0,60.0,78.0,37.0,35.0,39.0,69.0,55.0,268.0,36.0,16.0,26.0,27.0,27.9,28.04,12.94,18.14,51.97,58.42,30.93,34.67,49.59,41.07,19.98,69.81,57.25,63.63,10.7,2.3,25.8,1.3,3.6,4.7,2.4,0.5,1.5,0.3,0.9,0.8,1.85,1.27,1.54,1.51,1.21,1.35,0.34,0.06,0.19,0.5,0.7,0.3,0.7,0.2,0.3,0.3,0.6,0.7,0.4,10.0,25.0,3.0,2.0,43.0,15.0,1.0,4.0,8.0,3.0,15.0,42.0,2.0,4.0,1.0,1.0,1.0,5.0,10.0,99.0,3.0,1.0,1.0,2.0,67.0,84.0,43.0,44.0,107.0,87.0,42.0,30.0,66.0,43.0,68.0,66.0,57.0,71.0,35.0,34.0,38.0,61.0,39.0,116.0,31.0,14.0,25.0,24.0,13.0,8.0,10.0,15.0,8.0,5.0,32.0
2019-09-08 00:00:00,8.0,4.0,13.0,7.0,4.0,11.0,8.0,9.0,8.0,6.0,12.0,19.0,9.0,11.0,11.0,10.0,19.0,10.0,14.0,1.0,15.0,11.0,5.0,21.0,22.0,9.0,13.0,18.0,17.0,9.0,37.0,35.0,13.0,26.0,15.0,18.0,20.0,4.0,13.0,11.0,18.0,18.0,56.0,11.0,6.0,8.0,10.0,59.21,39.98,62.15,65.53,70.39,48.3,52.53,64.07,64.21,60.97,47.1,75.16,71.07,78.17,3.2,0.3,3.8,0.7,2.6,1.5,0.8,0.2,0.5,0.2,0.6,0.3,1.67,1.23,1.53,1.48,1.19,1.36,0.19,0.05,0.17,0.3,0.3,0.2,0.3,0.2,0.1,0.2,0.2,0.2,0.3,4.0,1.0,1.0,1.0,1.0,1.0,1.0,2.0,7.0,1.0,5.0,1.0,1.0,1.0,1.0,1.0,1.0,1.0,1.0,9.0,1.0,1.0,1.0,1.0,15.0,21.0,8.0,11.0,16.0,15.0,8.0,34.0,25.0,11.0,18.0,13.0,16.0,18.0,3.0,12.0,9.0,16.0,16.0,43.0,10.0,4.0,6.0,8.0,5.0,2.0,4.0,11.0,5.0,8.0,6.0
2019-09-08 01:00:00,8.0,4.0,13.0,6.0,4.0,11.0,9.0,9.0,8.0,6.0,11.0,10.0,8.0,15.0,13.0,16.0,13.0,9.0,1.0,1.0,14.0,13.0,11.0,21.0,20.0,11.0,12.0,16.0,15.0,9.0,23.0,23.0,14.0,18.0,11.0,18.0,17.0,5.0,11.0,10.0,14.0,26.0,36.0,9.0,5.0,9.0,11.0,59.43,43.89,61.73,64.05,67.01,58.43,54.44,66.13,65.71,62.89,53.65,74.92,69.14,76.5,1.9,0.2,0.9,0.3,1.7,0.9,0.5,0.1,0.2,0.2,0.4,0.2,1.62,1.23,1.5,1.46,1.19,1.34,0.16,0.04,0.16,0.3,0.3,0.2,0.3,0.2,0.1,0.2,0.2,0.2,0.2,4.0,1.0,1.0,2.0,1.0,1.0,1.0,1.0,3.0,1.0,2.0,1.0,1.0,1.0,1.0,1.0,1.0,1.0,2.0,3.0,1.0,1.0,1.0,1.0,15.0,19.0,9.0,9.0,14.0,14.0,8.0,21.0,19.0,12.0,15.0,9.0,17.0,16.0,4.0,9.0,9.0,13.0,23.0,31.0,8.0,3.0,8.0,9.0,6.0,2.0,7.0,8.0,5.0,1.0,9.0
2019-09-08 02:00:00,8.0,4.0,13.0,5.0,4.0,11.0,8.0,8.0,8.0,6.0,9.0,7.0,11.0,12.0,9.0,10.0,10.0,8.0,1.0,2.0,11.0,10.0,10.0,18.0,23.0,9.0,10.0,18.0,13.0,9.0,8.0,29.0,14.0,16.0,8.0,17.0,17.0,3.0,10.0,8.0,11.0,6.0,34.0,7.0,5.0,8.0,11.0,55.46,43.83,58.74,64.47,65.64,66.58,52.99,67.28,63.86,62.88,52.94,73.5,67.96,74.81,1.5,0.2,0.9,0.2,1.2,0.4,0.5,0.1,0.2,0.1,0.3,0.1,1.6,1.23,1.5,1.46,1.18,1.35,0.14,0.05,0.15,0.3,0.2,0.2,0.3,0.2,0.1,0.2,0.2,0.2,0.2,3.0,2.0,1.0,1.0,1.0,1.0,1.0,1.0,6.0,1.0,2.0,1.0,1.0,1.0,1.0,1.0,1.0,1.0,1.0,3.0,1.0,1.0,1.0,1.0,13.0,21.0,7.0,8.0,17.0,12.0,8.0,6.0,19.0,13.0,13.0,7.0,16.0,15.0,2.0,9.0,6.0,10.0,5.0,29.0,6.0,4.0,6.0,10.0,4.0,5.0,4.0,7.0,3.0,1.0,7.0
2019-09-08 03:00:00,8.0,4.0,13.0,5.0,4.0,11.0,8.0,9.0,8.0,6.0,7.0,7.0,9.0,11.0,9.0,10.0,12.0,7.0,3.0,7.0,12.0,11.0,11.0,15.0,16.0,7.0,6.0,11.0,9.0,8.0,6.0,15.0,12.0,19.0,7.0,10.0,10.0,3.0,6.0,6.0,8.0,4.0,24.0,6.0,5.0,5.0,11.0,59.94,45.67,62.34,66.76,66.47,64.12,58.02,67.21,66.77,63.75,59.66,73.73,67.85,73.55,1.3,0.2,0.6,0.2,1.0,0.3,0.3,0.2,0.1,0.1,0.3,0.1,1.58,1.23,1.49,1.46,1.18,1.35,0.12,0.05,0.14,0.3,0.2,0.2,0.3,0.2,0.1,0.2,0.2,0.2,0.2,2.0,1.0,1.0,1.0,1.0,1.0,1.0,1.0,2.0,1.0,2.0,1.0,1.0,1.0,1.0,1.0,1.0,1.0,1.0,2.0,1.0,1.0,1.0,1.0,11.0,14.0,6.0,5.0,10.0,8.0,6.0,5.0,12.0,10.0,15.0,5.0,9.0,8.0,1.0,4.0,5.0,6.0,3.0,20.0,4.0,3.0,4.0,9.0,2.0,4.0,3.0,8.0,4.0,1.0,8.0
2019-09-08 04:00:00,8.0,4.0,13.0,5.0,4.0,11.0,8.0,9.0,8.0,6.0,5.0,5.0,8.0,10.0,6.0,13.0,16.0,6.0,5.0,9.0,12.0,8.0,11.0,11.0,15.0,7.0,6.0,11.0,8.0,7.0,13.0,24.0,7.0,13.0,4.0,7.0,11.0,2.0,5.0,5.0,8.0,4.0,24.0,6.0,5.0,7.0,9.0,55.27,43.63,59.28,61.91,62.98,54.41,54.76,63.99,63.06,61.11,56.22,70.75,62.02,71.35,1.1,0.2,0.5,0.2,0.9,0.2,0.3,0.1,0.1,0.1,0.3,0.1,1.58,1.23,1.49,1.46,1.18,1.36,0.12,0.05,0.13,0.3,0.2,0.2,0.3,0.2,0.1,0.2,0.2,0.2,0.2,2.0,1.0,1.0,1.0,1.0,1.0,1.0,1.0,7.0,1.0,2.0,1.0,1.0,1.0,1.0,1.0,1.0,1.0,1.0,3.0,1.0,1.0,1.0,1.0,9.0,14.0,5.0,4.0,9.0,7.0,5.0,12.0,13.0,6.0,10.0,3.0,6.0,9.0,1.0,4.0,4.0,7.0,3.0,19.0,4.0,3.0,5.0,8.0,1.0,3.0,1.0,12.0,3.0,1.0,8.0
2019-09-08 05:00:00,8.0,4.0,13.0,5.0,4.0,11.0,9.0,9.0,8.0,6.0,5.0,5.0,7.0,10.0,8.0,33.0,15.0,6.0,2.0,17.0,13.0,8.0,8.0,12.0,14.0,6.0,9.0,12.0,7.0,7.0,11.0,15.0,7.0,14.0,5.0,7.0,10.0,3.0,5.0,5.0,8.0,6.0,17.0,6.0,5.0,6.0,9.0,53.25,39.52,55.02,60.28,60.08,54.18,50.72,61.87,59.78,57.15,56.47,68.88,60.9,72.3,1.1,0.2,0.4,0.3,0.8,0.3,0.3,0.1,0.1,0.2,0.3,0.1,1.57,1.23,1.48,1.45,1.18,1.36,0.12,0.05,0.12,0.3,0.2,0.2,0.3,0.2,0.1,0.2,0.2,0.1,0.2,1.0,1.0,1.0,2.0,1.0,1.0,1.0,1.0,2.0,1.0,2.0,1.0,1.0,1.0,1.0,1.0,1.0,1.0,1.0,1.0,1.0,1.0,1.0,1.0,9.0,12.0,5.0,6.0,10.0,6.0,5.0,10.0,12.0,5.0,11.0,4.0,5.0,8.0,1.0,3.0,3.0,6.0,5.0,15.0,4.0,3.0,4.0,8.0,1.0,3.0,3.0,11.0,2.0,1.0,9.0
2019-09-08 06:00:00,8.0,4.0,13.0,4.0,4.0,11.0,8.0,9.0,8.0,6.0,7.0,6.0,7.0,10.0,9.0,14.0,14.0,6.0,5.0,25.0,10.0,9.0,7.0,12.0,18.0,7.0,7.0,11.0,9.0,8.0,11.0,18.0,11.0,15.0,6.0,11.0,12.0,3.0,6.0,8.0,9.0,15.0,20.0,7.0,5.0,7.0,10.0,49.33,37.81,54.32,57.08,57.1,55.47,45.0,60.36,58.44,53.99,53.56,55.72,58.37,70.44,1.1,0.1,0.5,0.3,0.8,0.3,0.3,0.1,0.1,0.1,0.3,0.1,1.58,1.23,1.49,1.46,1.18,1.37,0.12,0.05,0.12,0.3,0.2,0.2,0.3,0.2,0.1,0.2,0.2,0.1,0.2,1.0,1.0,1.0,1.0,1.0,1.0,1.0,1.0,2.0,2.0,2.0,1.0,1.0,1.0,1.0,1.0,1.0,1.0,1.0,1.0,1.0,1.0,1.0,1.0,10.0,16.0,5.0,6.0,9.0,8.0,6.0,9.0,14.0,8.0,12.0,5.0,9.0,10.0,1.0,4.0,6.0,7.0,14.0,18.0,5.0,3.0,6.0,9.0,3.0,2.0,5.0,11.0,3.0,2.0,5.0
2019-09-08 07:00:00,8.0,4.0,13.0,4.0,4.0,11.0,9.0,8.0,8.0,6.0,9.0,7.0,8.0,14.0,9.0,9.0,16.0,4.0,7.0,16.0,9.0,11.0,6.0,14.0,16.0,9.0,12.0,15.0,10.0,9.0,12.0,22.0,13.0,14.0,8.0,16.0,14.0,4.0,7.0,9.0,11.0,18.0,26.0,7.0,5.0,13.0,10.0,50.37,34.78,48.66,56.08,55.58,53.92,44.92,58.58,55.82,49.92,48.91,68.08,53.01,70.73,1.1,0.2,0.5,0.3,0.8,0.4,0.3,0.1,0.1,0.1,0.3,0.1,1.59,1.23,1.49,1.47,1.2,1.36,0.12,0.03,0.13,0.3,0.2,0.2,0.3,0.2,0.1,0.2,0.2,0.2,0.2,2.0,1.0,1.0,1.0,1.0,1.0,1.0,1.0,4.0,1.0,2.0,1.0,1.0,1.0,1.0,1.0,1.0,1.0,1.0,2.0,1.0,1.0,1.0,1.0,11.0,15.0,7.0,10.0,13.0,9.0,8.0,11.0,17.0,11.0,12.0,6.0,14.0,12.0,2.0,6.0,8.0,10.0,16.0,23.0,6.0,3.0,12.0,8.0,4.0,2.0,4.0,12.0,2.0,2.0,5.0
2019-09-08 08:00:00,8.0,4.0,13.0,4.0,4.0,11.0,9.0,8.0,8.0,6.0,5.0,8.0,9.0,9.0,9.0,4.0,11.0,9.0,1.0,1.0,10.0,12.0,6.0,13.0,16.0,10.0,19.0,15.0,11.0,9.0,24.0,35.0,13.0,22.0,10.0,14.0,20.0,4.0,12.0,20.0,11.0,16.0,34.0,10.0,5.0,23.0,13.0,48.4,29.49,49.89,55.1,55.58,44.99,41.7,54.01,48.88,47.77,42.59,67.17,40.52,62.48,1.1,0.2,0.5,0.3,0.9,0.3,0.3,0.1,0.1,0.1,0.3,0.1,1.59,1.23,1.48,1.47,1.19,1.36,0.12,0.04,0.13,0.3,0.2,0.2,0.3,0.2,0.1,0.2,0.2,0.2,0.2,1.0,1.0,1.0,1.0,1.0,1.0,1.0,1.0,9.0,1.0,3.0,1.0,1.0,1.0,1.0,1.0,1.0,1.0,1.0,3.0,1.0,1.0,1.0,2.0,11.0,15.0,8.0,18.0,14.0,9.0,8.0,23.0,21.0,12.0,16.0,9.0,13.0,18.0,2.0,11.0,18.0,10.0,15.0,29.0,8.0,4.0,21.0,11.0,1.0,4.0,4.0,7.0,6.0,1.0,6.0
2019-09-08 09:00:00,8.0,4.0,14.0,5.0,4.0,12.0,9.0,8.0,8.0,6.0,6.0,5.0,10.0,11.0,9.0,9.0,11.0,8.0,5.0,1.0,10.0,11.0,7.0,14.0,16.0,11.0,17.0,25.0,11.0,11.0,35.0,21.0,23.0,16.0,11.0,18.0,16.0,5.0,9.0,14.0,15.0,21.0,30.0,11.0,7.0,29.0,11.0,49.41,29.12,42.16,53.53,53.99,35.99,42.79,51.31,53.29,44.69,47.07,63.18,36.13,64.71,1.1,0.2,0.4,0.3,0.9,0.4,0.3,0.1,0.1,0.1,0.4,0.1,1.58,1.23,1.49,1.46,1.18,1.36,0.12,0.05,0.13,0.3,0.2,0.2,0.3,0.2,0.1,0.2,0.2,0.2,0.2,2.0,1.0,1.0,1.0,2.0,1.0,1.0,3.0,3.0,2.0,2.0,1.0,1.0,1.0,1.0,1.0,1.0,1.0,2.0,3.0,1.0,1.0,2.0,1.0,11.0,14.0,9.0,16.0,22.0,10.0,9.0,31.0,16.0,19.0,13.0,9.0,15.0,15.0,3.0,7.0,12.0,14.0,19.0,25.0,10.0,6.0,26.0,10.0,1.0,5.0,4.0,7.0,4.0,1.0,6.0
2019-09-08 10:00:00,8.0,4.0,14.0,5.0,5.0,12.0,9.0,8.0,8.0,6.0,9.0,10.0,9.0,15.0,12.0,15.0,13.0,5.0,5.0,1.0,11.0,16.0,12.0,18.0,26.0,10.0,26.0,23.0,17.0,9.0,15.0,39.0,24.0,10.0,11.0,17.0,20.0,5.0,15.0,11.0,14.0,18.0,38.0,10.0,5.0,25.0,11.0,45.36,25.85,44.43,51.13,56.66,49.09,38.34,54.58,48.16,47.27,45.53,67.88,45.5,65.38,1.1,0.2,0.5,0.3,1.0,0.4,0.3,0.1,0.1,0.1,0.4,0.1,1.59,1.24,1.49,1.48,1.19,1.36,0.12,0.05,0.13,0.3,0.2,0.2,0.3,0.2,0.1,0.2,0.2,0.2,0.2,3.0,3.0,1.0,1.0,2.0,2.0,1.0,2.0,10.0,4.0,1.0,1.0,2.0,2.0,1.0,1.0,2.0,1.0,4.0,6.0,1.0,1.0,4.0,1.0,13.0,20.0,9.0,24.0,19.0,14.0,8.0,13.0,24.0,18.0,8.0,8.0,14.0,17.0,3.0,13.0,8.0,12.0,12.0,29.0,8.0,3.0,19.0,9.0,3.0,4.0,6.0,9.0,2.0,1.0,6.0
2019-09-08 11:00:00,8.0,4.0,13.0,6.0,5.0,12.0,9.0,9.0,8.0,6.0,8.0,13.0,10.0,12.0,2.0,22.0,16.0,9.0,4.0,1.0,11.0,15.0,16.0,34.0,28.0,23.0,14.0,19.0,24.0,15.0,9.0,33.0,15.0,24.0,10.0,19.0,17.0,15.0,14.0,14.0,14.0,12.0,37.0,10.0,6.0,12.0,11.0,50.48,32.31,52.09,53.91,58.09,56.41,41.84,59.45,52.81,49.48,54.25,71.68,56.89,70.68,1.0,0.2,0.6,0.4,0.8,0.4,0.3,0.1,0.2,0.1,0.3,0.1,1.59,1.25,1.49,1.47,1.2,1.38,0.12,0.05,0.12,0.3,0.2,0.2,0.4,0.2,0.1,0.2,0.2,0.2,0.2,7.0,5.0,3.0,1.0,3.0,5.0,3.0,1.0,6.0,3.0,6.0,2.0,3.0,2.0,2.0,1.0,3.0,1.0,3.0,8.0,2.0,1.0,2.0,1.0,23.0,21.0,18.0,12.0,15.0,17.0,11.0,7.0,23.0,10.0,15.0,7.0,14.0,14.0,11.0,13.0,10.0,13.0,7.0,25.0,7.0,4.0,8.0,9.0,2.0,5.0,1.0,12.0,5.0,1.0,6.0
2019-09-08 12:00:00,7.0,4.0,13.0,8.0,5.0,11.0,9.0,8.0,8.0,6.0,2.0,7.0,9.0,18.0,11.0,44.0,14.0,10.0,5.0,1.0,12.0,15.0,25.0,25.0,19.0,24.0,10.0,13.0,14.0,13.0,8.0,21.0,17.0,38.0,14.0,12.0,16.0,12.0,9.0,13.0,14.0,9.0,37.0,15.0,8.0,6.0,12.0,64.38,41.5,63.19,67.31,65.85,67.73,55.68,62.97,64.42,61.58,64.56,76.39,67.9,74.28,1.0,0.6,0.6,0.5,1.0,0.3,0.3,0.1,0.2,0.2,0.3,0.2,1.57,1.24,1.49,1.45,1.21,1.4,0.13,0.03,0.09,0.3,0.2,0.2,0.3,0.2,0.1,0.2,0.2,0.2,0.2,5.0,3.0,4.0,1.0,3.0,3.0,3.0,1.0,4.0,4.0,11.0,2.0,2.0,2.0,2.0,1.0,3.0,1.0,2.0,9.0,3.0,2.0,1.0,1.0,17.0,14.0,18.0,8.0,9.0,10.0,9.0,6.0,15.0,11.0,21.0,10.0,9.0,13.0,9.0,8.0,9.0,13.0,5.0,23.0,10.0,6.0,4.0,10.0,1.0,4.0,6.0,10.0,6.0,1.0,8.0
2019-09-08 13:00:00,6.0,4.0,12.0,10.0,5.0,11.0,9.0,8.0,8.0,5.0,10.0,7.0,10.0,22.0,27.0,25.0,25.0,10.0,14.0,1.0,16.0,19.0,20.0,20.0,20.0,16.0,9.0,10.0,12.0,9.0,4.0,21.0,13.0,13.0,13.0,12.0,11.0,6.0,9.0,12.0,11.0,10.0,32.0,15.0,7.0,5.0,13.0,71.61,49.08,75.95,76.84,78.78,78.08,66.7,72.82,73.18,76.68,73.55,83.21,77.85,86.49,1.1,0.2,0.4,0.4,0.9,0.4,0.3,0.1,0.1,0.2,0.3,0.1,1.57,1.23,1.48,1.44,1.21,1.41,0.13,0.02,0.07,0.3,0.2,0.2,0.3,0.2,0.1,0.1,0.2,0.2,0.2,4.0,3.0,3.0,1.0,3.0,2.0,2.0,1.0,4.0,3.0,2.0,2.0,2.0,1.0,1.0,1.0,3.0,1.0,2.0,7.0,3.0,1.0,1.0,1.0,14.0,15.0,12.0,7.0,6.0,9.0,7.0,3.0,14.0,8.0,9.0,9.0,8.0,9.0,4.0,7.0,8.0,10.0,7.0,21.0,10.0,5.0,3.0,11.0,3.0,3.0,20.0,20.0,4.0,7.0,11.0
2019-09-08 14:00:00,6.0,4.0,11.0,11.0,5.0,11.0,9.0,9.0,8.0,5.0,17.0,19.0,16.0,14.0,15.0,16.0,26.0,13.0,12.0,1.0,21.0,13.0,10.0,24.0,18.0,19.0,9.0,12.0,13.0,11.0,7.0,23.0,17.0,23.0,12.0,12.0,10.0,11.0,7.0,12.0,11.0,8.0,31.0,14.0,9.0,7.0,14.0,85.19,55.79,84.43,87.53,85.36,86.67,75.25,83.75,88.02,86.45,85.48,89.29,87.15,91.73,1.1,0.2,0.5,0.4,0.9,0.4,0.3,0.1,0.2,0.2,0.3,0.1,1.58,1.23,1.48,1.44,1.21,1.41,0.14,0.02,0.07,0.3,0.2,0.2,0.3,0.2,0.1,0.2,0.2,0.2,0.2,5.0,3.0,3.0,1.0,3.0,2.0,2.0,1.0,5.0,4.0,5.0,2.0,2.0,1.0,2.0,1.0,2.0,1.0,1.0,6.0,2.0,1.0,1.0,1.0,17.0,14.0,14.0,8.0,7.0,9.0,8.0,6.0,15.0,11.0,15.0,9.0,9.0,8.0,8.0,5.0,8.0,10.0,5.0,22.0,10.0,8.0,5.0,12.0,7.0,7.0,7.0,21.0,6.0,4.0,15.0
2019-09-08 15:00:00,6.0,4.0,10.0,11.0,5.0,11.0,9.0,9.0,8.0,4.0,13.0,29.0,11.0,22.0,20.0,10.0,28.0,13.0,14.0,1.0,19.0,13.0,9.0,18.0,23.0,20.0,10.0,11.0,14.0,9.0,11.0,22.0,19.0,20.0,14.0,13.0,11.0,12.0,7.0,14.0,11.0,7.0,27.0,14.0,12.0,7.0,15.0,97.17,69.22,92.21,99.66,101.9,99.75,85.7,100.3,102.7,93.15,98.15,100.9,100.8,110.1,1.3,0.9,0.6,0.4,0.9,0.6,0.3,0.1,0.2,0.2,0.3,0.1,1.63,1.24,1.5,1.46,1.22,1.43,0.18,0.02,0.07,0.2,0.2,0.2,0.3,0.2,0.1,0.2,0.2,0.1,0.2,3.0,4.0,3.0,1.0,2.0,2.0,1.0,1.0,3.0,4.0,4.0,2.0,2.0,1.0,2.0,1.0,3.0,1.0,1.0,5.0,2.0,1.0,1.0,1.0,13.0,17.0,16.0,9.0,7.0,11.0,7.0,9.0,17.0,13.0,14.0,11.0,10.0,9.0,10.0,6.0,10.0,9.0,5.0,20.0,11.0,10.0,5.0,14.0,4.0,4.0,10.0,22.0,5.0,5.0,12.0
2019-09-08 16:00:00,6.0,4.0,9.0,12.0,5.0,11.0,9.0,9.0,7.0,4.0,16.0,13.0,16.0,18.0,21.0,5.0,28.0,19.0,12.0,3.0,19.0,12.0,4.0,22.0,19.0,24.0,12.0,12.0,10.0,6.0,10.0,16.0,13.0,13.0,12.0,14.0,10.0,11.0,7.0,22.0,11.0,6.0,25.0,14.0,8.0,8.0,15.0,108.4,77.49,103.4,112.0,114.2,114.1,101.5,115.6,112.1,103.0,107.7,117.6,114.8,126.7,1.4,0.5,0.4,0.3,0.9,0.9,0.3,0.1,0.2,0.2,0.3,0.2,1.76,1.24,1.5,1.5,1.21,1.42,0.25,0.03,0.09,0.3,0.3,0.2,0.3,0.1,0.1,0.2,0.2,0.1,0.3,4.0,2.0,4.0,1.0,2.0,1.0,1.0,1.0,2.0,2.0,2.0,2.0,3.0,1.0,1.0,1.0,5.0,1.0,1.0,4.0,2.0,1.0,1.0,1.0,15.0,16.0,18.0,11.0,9.0,9.0,5.0,9.0,13.0,9.0,10.0,9.0,11.0,8.0,9.0,6.0,15.0,9.0,5.0,20.0,11.0,6.0,6.0,13.0,7.0,9.0,12.0,22.0,9.0,4.0,11.0
2019-09-08 17:00:00,6.0,4.0,9.0,10.0,5.0,11.0,9.0,9.0,7.0,3.0,16.0,18.0,15.0,3.0,22.0,4.0,32.0,15.0,10.0,2.0,23.0,12.0,3.0,12.0,18.0,23.0,10.0,10.0,9.0,5.0,9.0,11.0,17.0,17.0,10.0,13.0,8.0,7.0,5.0,22.0,9.0,6.0,17.0,9.0,7.0,6.0,13.0,115.1,82.38,110.1,117.5,121.4,122.0,112.1,120.7,120.7,111.6,115.1,123.5,119.2,134.1,1.7,0.6,0.4,0.2,0.8,0.8,0.4,0.2,0.1,0.1,0.2,0.2,1.82,1.23,1.5,1.5,1.2,1.39,0.32,0.03,0.11,0.2,0.2,0.2,0.3,0.1,0.1,0.2,0.2,0.1,0.3,2.0,2.0,4.0,1.0,2.0,1.0,1.0,1.0,1.0,4.0,3.0,1.0,2.0,1.0,1.0,1.0,5.0,1.0,1.0,2.0,1.0,1.0,1.0,1.0,9.0,15.0,17.0,8.0,7.0,7.0,3.0,8.0,9.0,11.0,11.0,8.0,9.0,6.0,6.0,4.0,14.0,7.0,5.0,14.0,8.0,6.0,5.0,11.0,7.0,8.0,13.0,26.0,6.0,5.0,15.0
2019-09-08 18:00:00,7.0,4.0,8.0,10.0,5.0,11.0,9.0,10.0,7.0,3.0,17.0,23.0,16.0,11.0,24.0,6.0,35.0,14.0,9.0,1.0,12.0,10.0,7.0,19.0,22.0,16.0,13.0,9.0,11.0,4.0,9.0,11.0,13.0,15.0,8.0,13.0,7.0,11.0,5.0,21.0,10.0,8.0,34.0,11.0,8.0,6.0,12.0,117.0,85.69,115.3,122.0,123.5,125.1,117.5,126.0,123.0,115.9,112.2,124.6,124.8,136.0,1.7,0.3,0.3,0.1,0.9,0.7,0.4,0.1,0.1,0.1,0.3,0.1,1.8,1.22,1.51,1.48,1.19,1.4,0.32,0.03,0.11,0.2,0.2,0.2,0.3,0.2,0.1,0.2,0.2,0.2,0.2,3.0,2.0,2.0,1.0,2.0,1.0,1.0,1.0,1.0,2.0,2.0,1.0,2.0,1.0,1.0,1.0,4.0,1.0,1.0,5.0,2.0,1.0,1.0,1.0,14.0,18.0,13.0,11.0,6.0,9.0,3.0,8.0,9.0,10.0,12.0,7.0,11.0,6.0,10.0,4.0,15.0,8.0,7.0,27.0,8.0,6.0,4.0,11.0,7.0,9.0,14.0,29.0,4.0,3.0,5.0
2019-09-08 19:00:00,6.0,4.0,9.0,10.0,5.0,11.0,9.0,9.0,7.0,3.0,18.0,10.0,17.0,11.0,19.0,16.0,32.0,19.0,7.0,2.0,16.0,14.0,12.0,18.0,24.0,28.0,13.0,13.0,11.0,6.0,11.0,14.0,13.0,23.0,13.0,16.0,8.0,12.0,6.0,23.0,12.0,10.0,41.0,12.0,9.0,7.0,13.0,114.4,87.18,110.4,119.6,120.7,127.1,117.7,120.6,117.7,118.4,105.3,118.0,126.1,136.2,1.8,0.5,0.4,0.1,1.1,0.7,0.4,0.1,0.1,0.1,0.3,0.1,1.77,1.23,1.52,1.48,1.19,1.4,0.29,0.04,0.12,0.3,0.2,0.2,0.3,0.2,0.1,0.2,0.2,0.1,0.2,2.0,2.0,3.0,1.0,2.0,1.0,1.0,1.0,1.0,2.0,6.0,1.0,2.0,1.0,1.0,1.0,4.0,1.0,1.0,6.0,1.0,1.0,1.0,1.0,15.0,20.0,23.0,11.0,10.0,10.0,5.0,10.0,12.0,11.0,14.0,11.0,14.0,7.0,10.0,4.0,17.0,10.0,9.0,33.0,11.0,8.0,6.0,12.0,6.0,9.0,8.0,24.0,11.0,1.0,7.0
2019-09-08 20:00:00,6.0,4.0,9.0,10.0,5.0,11.0,9.0,9.0,7.0,3.0,22.0,8.0,15.0,33.0,25.0,12.0,28.0,17.0,15.0,1.0,18.0,10.0,11.0,25.0,30.0,35.0,20.0,26.0,16.0,8.0,16.0,20.0,22.0,36.0,21.0,17.0,10.0,23.0,7.0,28.0,15.0,20.0,62.0,19.0,12.0,9.0,15.0,103.6,79.6,94.2,107.6,112.9,119.4,105.3,104.9,103.3,112.7,82.43,110.1,120.9,127.6,2.1,0.6,0.7,0.2,1.5,0.9,0.5,0.1,0.2,0.1,0.4,0.1,1.71,1.23,1.55,1.47,1.19,1.42,0.24,0.04,0.13,0.3,0.2,0.2,0.3,0.2,0.1,0.2,0.2,0.2,0.3,2.0,2.0,3.0,1.0,3.0,1.0,1.0,1.0,1.0,2.0,7.0,1.0,1.0,1.0,1.0,1.0,2.0,1.0,1.0,9.0,2.0,1.0,1.0,1.0,23.0,27.0,30.0,18.0,20.0,15.0,7.0,15.0,18.0,20.0,25.0,19.0,15.0,9.0,21.0,6.0,25.0,14.0,18.0,48.0,17.0,11.0,8.0,14.0,5.0,8.0,13.0,22.0,9.0,6.0,10.0
2019-09-08 21:00:00,6.0,4.0,11.0,10.0,4.0,11.0,9.0,8.0,7.0,4.0,41.0,8.0,17.0,35.0,30.0,23.0,18.0,20.0,22.0,1.0,21.0,15.0,14.0,38.0,43.0,51.0,33.0,49.0,33.0,25.0,41.0,32.0,44.0,38.0,33.0,37.0,24.0,26.0,11.0,50.0,31.0,41.0,56.0,32.0,29.0,30.0,25.0,81.19,65.57,71.62,82.59,88.81,90.27,84.95,83.42,86.14,86.66,75.75,81.91,93.1,103.2,2.9,1.1,2.0,0.3,1.7,1.4,0.6,0.2,0.3,0.1,0.4,0.3,1.69,1.24,1.59,1.46,1.2,1.45,0.23,0.04,0.15,0.3,0.3,0.3,0.4,0.2,0.1,0.2,0.3,0.2,0.3,2.0,3.0,3.0,2.0,5.0,2.0,1.0,1.0,2.0,2.0,3.0,1.0,3.0,1.0,1.0,1.0,4.0,1.0,1.0,4.0,3.0,1.0,1.0,1.0,34.0,38.0,47.0,30.0,41.0,31.0,24.0,39.0,30.0,40.0,33.0,31.0,33.0,22.0,25.0,9.0,44.0,30.0,39.0,50.0,28.0,27.0,28.0,23.0,5.0,8.0,13.0,12.0,11.0,14.0,12.0
2019-09-08 22:00:00,7.0,4.0,12.0,9.0,4.0,11.0,9.0,8.0,8.0,5.0,56.0,17.0,19.0,24.0,24.0,25.0,25.0,19.0,18.0,5.0,27.0,16.0,16.0,73.0,68.0,79.0,59.0,89.0,55.0,31.0,79.0,57.0,82.0,63.0,60.0,89.0,51.0,56.0,22.0,87.0,47.0,68.0,177.0,54.0,39.0,58.0,35.0,50.63,41.59,33.05,53.86,72.5,47.71,53.35,47.82,68.5,59.25,18.97,57.67,54.25,74.54,3.2,2.0,2.1,1.1,2.0,2.2,0.5,0.4,0.4,0.2,0.5,0.5,1.71,1.24,1.75,1.47,1.21,1.59,0.25,0.04,0.16,0.4,0.4,0.3,0.4,0.2,0.2,0.3,0.4,0.4,0.3,5.0,3.0,4.0,1.0,7.0,1.0,1.0,2.0,2.0,4.0,5.0,1.0,5.0,1.0,1.0,1.0,11.0,1.0,2.0,46.0,2.0,1.0,1.0,1.0,66.0,63.0,73.0,57.0,79.0,53.0,30.0,77.0,54.0,77.0,55.0,58.0,81.0,49.0,54.0,21.0,70.0,46.0,65.0,106.0,50.0,37.0,56.0,33.0,11.0,8.0,10.0,16.0,9.0,7.0,16.0
2019-09-08 23:00:00,7.0,4.0,13.0,9.0,4.0,11.0,9.0,9.0,8.0,5.0,36.0,11.0,15.0,29.0,21.0,22.0,30.0,24.0,18.0,8.0,38.0,11.0,5.0,58.0,96.0,76.0,77.0,101.0,39.0,16.0,91.0,45.0,102.0,68.0,76.0,97.0,76.0,61.0,32.0,95.0,63.0,91.0,225.0,73.0,27.0,70.0,30.0,25.01,20.6,20.58,58.9,76.22,29.76,50.81,21.53,50.1,37.01,10.9,55.03,35.77,64.77,5.1,1.9,3.0,0.5,2.2,3.7,1.1,0.3,0.5,0.2,0.5,0.7,1.73,1.23,1.76,1.48,1.19,1.55,0.25,0.04,0.21,0.4,0.5,0.5,0.4,0.2,0.2,0.4,0.5,0.5,0.4,2.0,10.0,3.0,1.0,9.0,1.0,1.0,2.0,3.0,6.0,5.0,2.0,8.0,1.0,1.0,1.0,14.0,1.0,6.0,73.0,2.0,1.0,1.0,1.0,54.0,81.0,71.0,75.0,86.0,37.0,14.0,88.0,42.0,93.0,60.0,73.0,85.0,74.0,59.0,31.0,73.0,61.0,82.0,113.0,70.0,25.0,68.0,29.0,12.0,5.0,9.0,22.0,12.0,7.0,25.0
2019-09-09 00:00:00,8.0,4.0,13.0,8.0,4.0,11.0,9.0,9.0,8.0,6.0,22.0,13.0,17.0,32.0,38.0,10.0,23.0,14.0,10.0,34.0,32.0,15.0,11.0,79.0,97.0,133.0,128.0,98.0,42.0,22.0,116.0,69.0,102.0,92.0,170.0,79.0,58.0,90.0,28.0,112.0,110.0,103.0,108.0,80.0,22.0,77.0,35.0,17.89,6.81,23.57,49.91,64.71,11.14,51.01,1.18,46.7,5.07,31.78,52.14,21.49,46.72,5.0,3.5,3.7,0.3,2.7,7.7,1.2,0.6,0.6,0.1,0.6,1.3,1.75,1.24,1.69,1.5,1.19,1.46,0.25,0.05,0.23,0.4,0.6,0.8,0.4,0.2,0.2,0.4,0.8,0.3,0.4,4.0,11.0,22.0,19.0,14.0,1.0,1.0,10.0,18.0,6.0,13.0,46.0,3.0,1.0,5.0,1.0,17.0,11.0,9.0,24.0,5.0,1.0,2.0,1.0,72.0,80.0,98.0,99.0,76.0,40.0,20.0,101.0,42.0,93.0,72.0,99.0,74.0,57.0,81.0,26.0,86.0,93.0,89.0,71.0,73.0,20.0,74.0,33.0,7.0,11.0,27.0,19.0,6.0,3.0,21.0
2019-09-09 01:00:00,9.0,5.0,13.0,7.0,4.0,12.0,9.0,9.0,8.0,6.0,27.0,11.0,11.0,30.0,19.0,14.0,6.0,13.0,2.0,5.0,13.0,12.0,3.0,110.0,103.0,52.0,71.0,80.0,46.0,37.0,110.0,63.0,85.0,74.0,53.0,68.0,60.0,40.0,34.0,35.0,133.0,72.0,63.0,19.0,15.0,40.0,17.0,20.59,9.86,17.54,39.26,45.12,25.43,27.47,37.15,40.43,4.34,33.8,51.54,47.29,69.86,7.5,2.8,3.3,0.6,2.8,6.0,1.5,0.5,0.4,0.2,0.6,1.0,1.77,1.26,1.61,1.51,1.19,1.43,0.27,0.07,0.17,0.5,0.5,0.4,0.4,0.2,0.2,0.4,0.3,0.2,0.3,20.0,19.0,3.0,5.0,5.0,1.0,1.0,26.0,4.0,5.0,10.0,6.0,2.0,1.0,1.0,1.0,1.0,25.0,8.0,3.0,1.0,1.0,1.0,1.0,79.0,75.0,48.0,65.0,72.0,45.0,35.0,71.0,58.0,78.0,59.0,43.0,65.0,58.0,38.0,32.0,34.0,95.0,60.0,59.0,18.0,14.0,38.0,16.0,15.0,6.0,9.0,3.0,8.0,1.0,7.0
2019-09-09 02:00:00,9.0,4.0,13.0,6.0,5.0,11.0,9.0,9.0,8.0,6.0,17.0,12.0,11.0,19.0,9.0,15.0,15.0,10.0,3.0,4.0,16.0,12.0,10.0,77.0,33.0,16.0,27.0,68.0,39.0,19.0,15.0,35.0,19.0,21.0,13.0,26.0,42.0,12.0,23.0,10.0,25.0,17.0,65.0,11.0,11.0,16.0,16.0,42.28,19.98,19.23,36.43,53.9,49.17,38.23,54.02,46.55,45.51,23.99,47.94,49.13,59.9,3.5,0.4,3.0,1.3,1.8,2.8,0.7,0.1,0.4,0.2,0.4,0.4,1.66,1.25,1.5,1.48,1.19,1.37,0.19,0.06,0.13,0.4,0.2,0.2,0.4,0.2,0.1,0.2,0.2,0.2,0.2,10.0,1.0,1.0,1.0,3.0,1.0,1.0,1.0,2.0,1.0,2.0,1.0,2.0,1.0,1.0,1.0,1.0,1.0,1.0,4.0,1.0,1.0,1.0,1.0,62.0,31.0,15.0,25.0,64.0,38.0,18.0,14.0,31.0,18.0,18.0,11.0,24.0,40.0,10.0,22.0,9.0,24.0,15.0,59.0,9.0,10.0,14.0,15.0,9.0,6.0,3.0,10.0,7.0,1.0,11.0
2019-09-09 03:00:00,8.0,4.0,13.0,6.0,4.0,11.0,9.0,9.0,8.0,6.0,8.0,11.0,11.0,11.0,14.0,11.0,8.0,7.0,1.0,2.0,18.0,8.0,11.0,39.0,16.0,9.0,11.0,49.0,24.0,11.0,39.0,22.0,16.0,35.0,12.0,17.0,21.0,5.0,11.0,9.0,11.0,26.0,46.0,12.0,12.0,9.0,17.0,46.24,27.93,24.24,42.42,52.61,28.26,38.08,47.77,41.79,48.71,30.87,42.15,50.54,53.61,2.0,0.3,2.6,0.7,1.5,1.5,0.4,0.1,0.3,0.1,0.4,0.3,1.63,1.23,1.56,1.46,1.18,1.41,0.17,0.05,0.15,0.3,0.2,0.2,0.3,0.2,0.1,0.2,0.2,0.2,0.2,2.0,1.0,1.0,1.0,2.0,1.0,1.0,3.0,1.0,1.0,8.0,1.0,1.0,1.0,1.0,1.0,1.0,1.0,1.0,5.0,1.0,1.0,1.0,1.0,35.0,15.0,7.0,9.0,46.0,22.0,9.0,35.0,20.0,14.0,22.0,10.0,16.0,19.0,3.0,9.0,8.0,9.0,24.0,39.0,10.0,10.0,7.0,15.0,4.0,5.0,8.0,6.0,5.0,1.0,14.0
2019-09-09 04:00:00,8.0,4.0,13.0,6.0,4.0,11.0,9.0,9.0,8.0,6.0,6.0,6.0,9.0,11.0,10.0,9.0,15.0,7.0,1.0,4.0,11.0,9.0,6.0,42.0,14.0,8.0,10.0,29.0,17.0,8.0,31.0,19.0,17.0,15.0,11.0,16.0,11.0,4.0,7.0,10.0,11.0,23.0,39.0,9.0,10.0,8.0,13.0,44.33,27.83,31.89,42.48,50.15,28.82,38.21,43.8,43.83,43.8,38.65,43.56,47.82,55.38,1.8,0.3,2.2,0.2,1.0,1.0,0.4,0.1,0.2,0.1,0.3,0.1,1.6,1.24,1.53,1.45,1.19,1.4,0.15,0.05,0.13,0.3,0.2,0.2,0.3,0.1,0.1,0.2,0.2,0.1,0.2,2.0,1.0,1.0,1.0,1.0,1.0,1.0,2.0,1.0,1.0,3.0,1.0,1.0,1.0,1.0,1.0,1.0,1.0,1.0,10.0,1.0,1.0,1.0,1.0,39.0,12.0,7.0,9.0,27.0,15.0,6.0,28.0,17.0,15.0,11.0,10.0,15.0,10.0,2.0,6.0,9.0,10.0,21.0,25.0,7.0,8.0,7.0,12.0,2.0,4.0,4.0,14.0,5.0,1.0,7.0
2019-09-09 05:00:00,9.0,4.0,13.0,5.0,4.0,11.0,9.0,9.0,8.0,6.0,8.0,5.0,6.0,9.0,3.0,7.0,15.0,6.0,2.0,1.0,11.0,8.0,4.0,38.0,15.0,8.0,10.0,24.0,14.0,8.0,27.0,19.0,19.0,13.0,15.0,13.0,12.0,3.0,7.0,8.0,10.0,25.0,26.0,8.0,10.0,8.0,13.0,43.12,27.2,31.78,42.35,45.8,31.68,34.26,38.79,39.45,44.81,36.2,68.88,47.48,56.68,1.6,1.4,1.4,0.2,0.9,0.8,0.4,0.1,0.1,0.1,0.3,0.1,1.6,1.25,1.56,1.45,1.2,1.42,0.15,0.05,0.14,0.3,0.2,0.2,0.3,0.1,0.1,0.2,0.2,0.1,0.2,3.0,1.0,1.0,1.0,1.0,1.0,1.0,1.0,2.0,1.0,1.0,1.0,1.0,1.0,1.0,1.0,1.0,1.0,1.0,2.0,1.0,1.0,1.0,1.0,34.0,13.0,7.0,9.0,22.0,13.0,7.0,25.0,16.0,16.0,10.0,13.0,11.0,11.0,1.0,6.0,7.0,9.0,23.0,24.0,6.0,8.0,7.0,11.0,3.0,3.0,1.0,12.0,3.0,1.0,7.0
2019-09-09 06:00:00,8.0,4.0,13.0,5.0,4.0,11.0,9.0,9.0,8.0,6.0,8.0,4.0,5.0,9.0,2.0,2.0,14.0,6.0,1.0,7.0,9.0,8.0,5.0,32.0,21.0,10.0,10.0,37.0,20.0,12.0,39.0,26.0,24.0,24.0,20.0,17.0,17.0,6.0,8.0,18.0,18.0,35.0,29.0,14.0,11.0,14.0,15.0,39.52,28.83,21.66,32.51,35.49,24.09,28.98,33.7,36.74,36.69,33.39,35.9,44.64,51.15,1.6,12.6,1.1,0.3,1.1,0.9,0.4,0.1,0.1,0.1,0.3,0.1,1.6,1.29,1.59,1.45,1.23,1.44,0.15,0.05,0.15,0.3,0.2,0.2,0.3,0.2,0.1,0.2,0.2,0.1,0.2,3.0,3.0,1.0,1.0,3.0,1.0,1.0,3.0,2.0,2.0,4.0,1.0,1.0,1.0,1.0,1.0,3.0,1.0,3.0,2.0,1.0,1.0,1.0,1.0,27.0,16.0,8.0,9.0,32.0,18.0,11.0,35.0,23.0,20.0,18.0,19.0,16.0,15.0,4.0,6.0,14.0,16.0,31.0,27.0,12.0,9.0,12.0,13.0,3.0,1.0,1.0,11.0,5.0,1.0,6.0
2019-09-09 07:00:00,9.0,4.0,14.0,5.0,4.0,11.0,9.0,9.0,8.0,6.0,7.0,4.0,7.0,14.0,5.0,7.0,11.0,7.0,1.0,1.0,9.0,7.0,4.0,61.0,42.0,22.0,24.0,107.0,25.0,11.0,76.0,35.0,33.0,40.0,34.0,34.0,33.0,14.0,10.0,31.0,52.0,76.0,127.0,26.0,20.0,33.0,21.0,28.03,24.95,5.17,31.15,34.93,10.96,26.18,21.58,36.9,17.08,15.38,27.02,25.6,43.29,2.2,8.1,1.4,0.3,1.2,1.0,0.5,0.1,0.1,0.1,0.4,0.2,1.61,1.29,1.6,1.45,1.23,1.44,0.16,0.06,0.17,0.3,0.3,0.2,0.3,0.1,0.1,0.2,0.2,0.3,0.2,11.0,7.0,2.0,2.0,32.0,2.0,1.0,12.0,4.0,5.0,7.0,2.0,2.0,1.0,1.0,1.0,2.0,6.0,14.0,46.0,1.0,2.0,1.0,1.0,44.0,31.0,20.0,21.0,58.0,23.0,10.0,58.0,28.0,25.0,29.0,30.0,30.0,32.0,13.0,9.0,28.0,42.0,54.0,57.0,24.0,17.0,32.0,19.0,3.0,2.0,1.0,9.0,5.0,1.0,4.0
2019-09-09 08:00:00,10.0,4.0,18.0,6.0,4.0,11.0,9.0,9.0,8.0,6.0,11.0,8.0,10.0,22.0,9.0,10.0,14.0,9.0,1.0,2.0,18.0,11.0,10.0,151.0,84.0,53.0,96.0,196.0,66.0,34.0,155.0,59.0,115.0,63.0,125.0,80.0,81.0,26.0,19.0,43.0,81.0,181.0,106.0,51.0,41.0,77.0,55.0,10.28,8.85,3.4,4.92,18.25,1.12,12.61,0.94,23.83,3.97,7.01,14.3,4.02,15.46,3.5,1.2,1.9,0.4,1.6,1.1,0.7,0.1,0.3,0.1,0.4,0.3,1.63,1.34,1.6,1.46,1.29,1.42,0.17,0.05,0.18,0.5,0.3,0.3,0.5,0.2,0.1,0.3,0.5,0.3,0.3,53.0,18.0,3.0,21.0,82.0,12.0,1.0,49.0,10.0,33.0,16.0,44.0,11.0,16.0,1.0,1.0,3.0,15.0,67.0,28.0,4.0,7.0,11.0,12.0,70.0,57.0,48.0,65.0,71.0,48.0,33.0,81.0,44.0,64.0,38.0,57.0,62.0,56.0,24.0,18.0,39.0,57.0,78.0,63.0,45.0,31.0,61.0,36.0,2.0,5.0,2.0,12.0,6.0,1.0,11.0
2019-09-09 09:00:00,13.0,5.0,18.0,7.0,4.0,13.0,10.0,10.0,9.0,7.0,18.0,14.0,11.0,27.0,19.0,23.0,17.0,8.0,33.0,1.0,16.0,14.0,7.0,367.0,147.0,97.0,134.0,229.0,115.0,27.0,125.0,118.0,151.0,108.0,97.0,95.0,121.0,64.0,51.0,85.0,139.0,180.0,119.0,71.0,31.0,92.0,64.0,3.9,4.27,3.89,3.02,23.23,6.04,7.04,5.71,7.45,5.2,8.74,19.07,6.15,18.68,3.4,1.4,3.5,0.4,1.7,1.8,0.9,0.3,0.5,0.1,0.6,0.6,1.7,1.33,1.66,1.49,1.27,1.46,0.21,0.07,0.2,0.7,0.5,0.5,0.5,0.2,0.2,0.4,0.4,0.3,0.3,178.0,49.0,20.0,39.0,101.0,37.0,3.0,34.0,36.0,54.0,34.0,26.0,24.0,35.0,11.0,9.0,18.0,50.0,67.0,35.0,12.0,5.0,23.0,19.0,94.0,73.0,66.0,73.0,75.0,58.0,22.0,73.0,63.0,68.0,55.0,56.0,58.0,67.0,48.0,37.0,58.0,61.0,77.0,65.0,52.0,24.0,56.0,34.0,9.0,5.0,6.0,13.0,3.0,1.0,9.0
2019-09-09 10:00:00,12.0,6.0,15.0,8.0,5.0,14.0,9.0,12.0,9.0,7.0,27.0,17.0,13.0,28.0,24.0,34.0,25.0,14.0,22.0,1.0,21.0,18.0,17.0,273.0,174.0,91.0,96.0,75.0,132.0,61.0,114.0,189.0,86.0,160.0,68.0,91.0,130.0,100.0,80.0,75.0,123.0,115.0,192.0,62.0,23.0,69.0,42.0,7.26,2.49,17.68,7.58,17.96,13.53,5.53,17.38,4.77,12.22,10.68,30.58,20.75,35.64,6.5,1.8,4.8,0.5,3.7,2.0,1.5,0.4,0.8,0.2,0.9,0.7,1.77,1.34,1.66,1.51,1.27,1.48,0.26,0.07,0.18,0.8,0.7,0.4,0.6,0.2,0.5,0.3,0.3,0.5,0.3,124.0,64.0,22.0,25.0,19.0,47.0,17.0,35.0,75.0,26.0,59.0,17.0,26.0,45.0,28.0,20.0,20.0,43.0,38.0,77.0,15.0,4.0,18.0,12.0,83.0,77.0,57.0,58.0,45.0,61.0,34.0,60.0,74.0,47.0,69.0,43.0,52.0,61.0,58.0,49.0,45.0,57.0,57.0,74.0,39.0,17.0,41.0,23.0,11.0,6.0,9.0,20.0,4.0,5.0,11.0
2019-09-09 11:00:00,10.0,6.0,15.0,9.0,6.0,14.0,10.0,12.0,9.0,7.0,28.0,24.0,21.0,53.0,29.0,39.0,32.0,23.0,9.0,2.0,28.0,14.0,15.0,178.0,155.0,109.0,68.0,80.0,130.0,110.0,81.0,147.0,136.0,157.0,74.0,96.0,108.0,124.0,97.0,71.0,86.0,64.0,155.0,34.0,45.0,35.0,38.0,13.43,1.87,21.53,15.17,18.72,31.32,9.73,23.55,7.55,22.76,19.15,35.96,38.83,43.18,6.7,2.0,4.7,2.8,4.0,1.5,1.1,0.3,0.6,0.6,0.9,0.5,1.78,1.36,1.6,1.51,1.26,1.45,0.26,0.1,0.15,0.6,0.6,0.3,0.6,0.3,0.4,0.4,0.4,0.4,0.3,67.0,52.0,32.0,12.0,22.0,45.0,37.0,22.0,52.0,46.0,55.0,19.0,27.0,33.0,40.0,25.0,20.0,24.0,18.0,57.0,7.0,10.0,8.0,11.0,75.0,75.0,61.0,49.0,46.0,61.0,54.0,48.0,68.0,66.0,72.0,44.0,54.0,58.0,62.0,59.0,40.0,49.0,37.0,68.0,23.0,30.0,22.0,21.0,11.0,8.0,13.0,24.0,10.0,1.0,15.0
2019-09-09 12:00:00,9.0,5.0,16.0,12.0,6.0,13.0,10.0,10.0,10.0,6.0,25.0,23.0,31.0,46.0,36.0,37.0,14.0,29.0,27.0,24.0,27.0,21.0,19.0,121.0,122.0,158.0,102.0,88.0,105.0,103.0,70.0,107.0,104.0,140.0,101.0,89.0,89.0,129.0,77.0,121.0,79.0,64.0,130.0,70.0,67.0,76.0,58.0,24.67,3.66,28.34,25.59,29.45,39.28,22.25,28.41,18.74,32.41,28.53,38.73,33.56,40.95,5.5,3.7,4.7,5.9,4.6,2.0,0.8,0.6,0.6,0.7,0.8,0.5,1.74,1.37,1.58,1.51,1.27,1.43,0.23,0.1,0.15,0.5,0.4,0.4,0.5,0.3,0.1,0.3,0.5,0.3,0.3,39.0,38.0,50.0,27.0,23.0,32.0,30.0,18.0,32.0,28.0,47.0,29.0,24.0,23.0,42.0,16.0,37.0,20.0,17.0,43.0,18.0,15.0,21.0,21.0,62.0,64.0,81.0,60.0,53.0,57.0,57.0,42.0,58.0,61.0,68.0,56.0,52.0,53.0,65.0,53.0,63.0,48.0,38.0,64.0,42.0,44.0,43.0,26.0,8.0,14.0,13.0,10.0,12.0,12.0,13.0
2019-09-09 13:00:00,7.0,5.0,13.0,12.0,5.0,12.0,10.0,9.0,9.0,5.0,36.0,21.0,26.0,50.0,43.0,25.0,25.0,30.0,21.0,4.0,27.0,24.0,18.0,86.0,108.0,129.0,96.0,62.0,62.0,49.0,85.0,92.0,84.0,88.0,82.0,77.0,77.0,112.0,65.0,112.0,47.0,75.0,94.0,94.0,40.0,73.0,56.0,36.33,7.49,55.02,53.71,62.61,43.96,35.14,40.69,33.07,53.14,53.3,64.39,43.42,48.6,5.0,3.0,4.1,4.5,4.3,2.9,0.6,0.4,0.5,0.5,0.7,0.5,1.9,1.28,1.68,1.66,1.22,1.52,0.24,0.06,0.16,0.4,0.4,0.3,0.4,0.2,0.1,0.2,0.3,0.2,0.2,22.0,29.0,35.0,23.0,15.0,13.0,10.0,21.0,25.0,19.0,24.0,20.0,18.0,16.0,32.0,9.0,32.0,6.0,19.0,26.0,23.0,7.0,18.0,19.0,53.0,63.0,76.0,60.0,40.0,41.0,34.0,52.0,54.0,55.0,51.0,51.0,50.0,52.0,63.0,51.0,63.0,37.0,45.0,54.0,58.0,29.0,45.0,27.0,9.0,10.0,18.0,20.0,10.0,2.0,13.0
2019-09-09 14:00:00,7.0,4.0,11.0,10.0,5.0,11.0,9.0,8.0,8.0,5.0,34.0,24.0,19.0,29.0,31.0,5.0,26.0,31.0,15.0,2.0,24.0,17.0,3.0,43.0,63.0,55.0,44.0,25.0,21.0,10.0,55.0,31.0,39.0,39.0,27.0,38.0,22.0,45.0,14.0,66.0,20.0,46.0,36.0,45.0,13.0,38.0,20.0,76.59,33.71,85.97,89.59,100.1,73.86,77.16,88.37,91.43,88.54,91.3,97.66,76.71,97.22,5.3,2.9,2.0,1.5,2.6,4.2,0.7,0.3,0.2,0.2,0.4,0.5,1.69,1.23,1.7,1.49,1.2,1.53,0.2,0.04,0.17,0.3,0.4,0.2,0.3,0.2,0.1,0.2,0.2,0.2,0.2,8.0,15.0,11.0,6.0,5.0,3.0,1.0,11.0,6.0,7.0,9.0,4.0,9.0,2.0,9.0,1.0,17.0,1.0,9.0,7.0,9.0,1.0,7.0,3.0,31.0,40.0,38.0,34.0,17.0,16.0,7.0,39.0,22.0,28.0,25.0,20.0,24.0,19.0,32.0,12.0,39.0,18.0,32.0,25.0,32.0,11.0,27.0,16.0,11.0,8.0,12.0,21.0,10.0,1.0,13.0
2019-09-09 15:00:00,6.0,4.0,11.0,10.0,5.0,11.0,9.0,8.0,8.0,4.0,16.0,29.0,20.0,33.0,12.0,1.0,28.0,23.0,14.0,1.0,14.0,10.0,1.0,27.0,49.0,34.0,25.0,21.0,16.0,4.0,17.0,19.0,21.0,31.0,19.0,28.0,12.0,29.0,9.0,74.0,10.0,16.0,38.0,14.0,6.0,11.0,13.0,84.64,57.55,87.43,94.3,102.8,101.1,91.72,94.85,98.23,93.52,91.24,103.7,101.3,106.9,3.1,0.9,1.8,0.2,1.6,2.7,0.7,0.2,0.3,0.1,0.3,0.3,1.65,1.21,1.5,1.45,1.16,1.33,0.2,0.04,0.17,0.3,0.3,0.2,0.3,0.1,0.1,0.2,0.2,0.2,0.2,4.0,10.0,7.0,3.0,5.0,2.0,1.0,2.0,3.0,4.0,9.0,3.0,7.0,1.0,5.0,1.0,23.0,1.0,3.0,9.0,2.0,1.0,2.0,2.0,20.0,33.0,24.0,21.0,14.0,12.0,2.0,14.0,14.0,15.0,18.0,14.0,17.0,10.0,22.0,7.0,39.0,8.0,11.0,25.0,11.0,4.0,9.0,10.0,2.0,12.0,2.0,6.0,11.0,5.0,3.0
2019-09-09 16:00:00,7.0,5.0,9.0,11.0,5.0,10.0,9.0,8.0,7.0,4.0,23.0,5.0,10.0,9.0,17.0,5.0,28.0,24.0,12.0,1.0,12.0,7.0,5.0,31.0,48.0,35.0,26.0,23.0,17.0,4.0,19.0,17.0,25.0,27.0,17.0,17.0,19.0,32.0,8.0,50.0,10.0,17.0,62.0,24.0,7.0,11.0,14.0,84.95,54.79,88.1,95.67,104.3,96.18,92.8,115.6,99.13,95.44,86.63,104.6,99.93,105.2,2.8,0.7,1.4,0.1,1.3,1.2,0.6,0.2,0.2,0.1,0.3,0.2,1.68,1.21,1.5,1.45,1.17,1.3,0.23,0.04,0.19,0.3,0.3,0.2,0.3,0.2,0.1,0.2,0.2,0.2,0.3,5.0,10.0,7.0,4.0,5.0,2.0,1.0,3.0,3.0,5.0,6.0,3.0,3.0,2.0,5.0,1.0,14.0,1.0,3.0,18.0,5.0,1.0,2.0,2.0,23.0,33.0,25.0,21.0,15.0,14.0,3.0,14.0,13.0,16.0,18.0,13.0,12.0,16.0,25.0,6.0,29.0,8.0,12.0,35.0,17.0,5.0,9.0,10.0,10.0,5.0,8.0,1.0,17.0,4.0,8.0
2019-09-09 17:00:00,7.0,4.0,9.0,10.0,5.0,10.0,9.0,8.0,7.0,3.0,15.0,6.0,16.0,21.0,24.0,5.0,32.0,22.0,13.0,1.0,10.0,4.0,4.0,26.0,50.0,28.0,27.0,26.0,16.0,4.0,17.0,21.0,22.0,28.0,18.0,20.0,24.0,37.0,8.0,62.0,11.0,19.0,40.0,22.0,5.0,11.0,14.0,84.44,60.43,86.43,93.62,104.9,98.64,91.5,120.7,98.97,94.62,91.7,107.2,101.6,105.8,3.2,0.8,1.4,0.1,1.3,1.2,0.7,0.2,0.2,0.1,0.3,0.3,1.7,1.21,1.5,1.45,1.16,1.3,0.25,0.05,0.2,0.3,0.3,0.2,0.3,0.2,0.1,0.2,0.2,0.1,0.2,4.0,11.0,4.0,3.0,6.0,2.0,1.0,2.0,4.0,5.0,6.0,3.0,4.0,3.0,6.0,1.0,18.0,1.0,3.0,9.0,3.0,1.0,2.0,3.0,20.0,34.0,21.0,22.0,17.0,13.0,2.0,14.0,15.0,15.0,19.0,14.0,14.0,20.0,27.0,7.0,35.0,9.0,14.0,26.0,17.0,3.0,9.0,10.0,3.0,9.0,13.0,12.0,14.0,6.0,6.0
2019-09-09 18:00:00,7.0,4.0,9.0,11.0,4.0,11.0,8.0,10.0,7.0,2.0,15.0,2.0,16.0,25.0,17.0,10.0,35.0,14.0,10.0,4.0,20.0,7.0,8.0,28.0,62.0,25.0,28.0,26.0,21.0,4.0,19.0,19.0,25.0,31.0,22.0,22.0,22.0,36.0,11.0,65.0,11.0,22.0,47.0,23.0,5.0,15.0,14.0,73.66,55.94,81.82,88.23,100.0,94.1,87.86,71.43,91.76,91.75,83.06,103.9,95.62,102.3,2.5,0.7,1.2,0.1,0.5,1.2,0.6,0.2,0.2,0.1,0.2,0.2,1.68,1.21,1.5,1.45,1.16,1.31,0.23,0.05,0.19,0.3,0.3,0.2,0.3,0.2,0.1,0.2,0.2,0.2,0.2,4.0,13.0,3.0,3.0,6.0,4.0,1.0,2.0,3.0,5.0,8.0,3.0,4.0,2.0,6.0,1.0,18.0,1.0,4.0,11.0,4.0,1.0,2.0,2.0,22.0,41.0,20.0,24.0,18.0,15.0,2.0,15.0,14.0,18.0,20.0,17.0,16.0,18.0,28.0,9.0,37.0,10.0,17.0,30.0,18.0,3.0,12.0,11.0,2.0,6.0,7.0,18.0,5.0,1.0,12.0
2019-09-09 19:00:00,7.0,5.0,9.0,11.0,4.0,10.0,9.0,9.0,7.0,2.0,20.0,7.0,16.0,23.0,19.0,14.0,32.0,19.0,20.0,2.0,23.0,7.0,13.0,25.0,75.0,24.0,29.0,32.0,20.0,5.0,23.0,23.0,41.0,30.0,30.0,24.0,20.0,44.0,13.0,72.0,15.0,31.0,62.0,35.0,7.0,18.0,15.0,61.83,51.62,76.91,84.55,98.09,84.98,82.65,68.35,87.84,85.91,75.8,99.58,89.24,95.67,3.2,0.7,1.0,0.1,1.4,1.7,0.7,0.2,0.2,0.1,0.2,0.3,1.66,1.21,1.51,1.45,1.15,1.31,0.21,0.06,0.2,0.3,0.4,0.2,0.3,0.2,0.1,0.2,0.2,0.2,0.3,2.0,15.0,3.0,2.0,5.0,2.0,1.0,2.0,3.0,5.0,5.0,4.0,3.0,1.0,5.0,1.0,20.0,1.0,5.0,15.0,4.0,1.0,2.0,2.0,21.0,52.0,20.0,27.0,24.0,17.0,3.0,20.0,18.0,34.0,22.0,24.0,19.0,18.0,36.0,11.0,41.0,13.0,23.0,40.0,29.0,5.0,15.0,13.0,6.0,6.0,8.0,3.0,8.0,8.0,15.0
2019-09-09 20:00:00,6.0,4.0,11.0,11.0,4.0,11.0,8.0,9.0,7.0,4.0,26.0,26.0,16.0,19.0,25.0,13.0,28.0,20.0,17.0,1.0,13.0,11.0,27.0,22.0,71.0,32.0,27.0,31.0,24.0,6.0,25.0,26.0,37.0,35.0,31.0,31.0,20.0,37.0,11.0,64.0,16.0,28.0,110.0,35.0,10.0,20.0,21.0,62.63,53.33,77.55,80.02,96.65,81.84,77.84,69.97,88.75,85.19,67.04,104.1,87.63,96.7,3.2,0.8,1.7,0.1,1.0,1.7,0.8,0.2,0.3,0.1,0.2,0.3,1.62,1.21,1.51,1.44,1.15,1.31,0.17,0.06,0.2,0.3,0.4,0.2,0.3,0.2,0.1,0.2,0.3,0.2,0.3,2.0,13.0,3.0,1.0,4.0,1.0,1.0,1.0,4.0,3.0,6.0,3.0,4.0,1.0,3.0,1.0,17.0,1.0,3.0,33.0,3.0,1.0,1.0,1.0,19.0,50.0,27.0,25.0,24.0,21.0,4.0,23.0,20.0,32.0,26.0,26.0,25.0,18.0,32.0,10.0,39.0,15.0,23.0,58.0,30.0,9.0,19.0,19.0,9.0,5.0,13.0,11.0,10.0,5.0,6.0
2019-09-09 21:00:00,6.0,4.0,12.0,11.0,4.0,11.0,9.0,8.0,7.0,3.0,21.0,19.0,13.0,21.0,18.0,22.0,18.0,15.0,9.0,1.0,26.0,17.0,16.0,23.0,73.0,54.0,31.0,29.0,21.0,6.0,19.0,30.0,39.0,39.0,34.0,39.0,19.0,35.0,11.0,73.0,23.0,22.0,53.0,24.0,11.0,19.0,17.0,50.63,50.08,78.39,81.44,96.4,90.14,71.66,72.44,87.84,78.5,73.57,95.96,91.58,97.8,2.6,1.1,1.2,0.1,1.4,1.3,0.7,0.3,0.3,0.1,0.3,0.2,1.61,1.21,1.51,1.45,1.15,1.32,0.17,0.06,0.19,0.3,0.4,0.3,0.3,0.2,0.1,0.2,0.3,0.2,0.3,2.0,8.0,8.0,1.0,4.0,1.0,1.0,2.0,3.0,5.0,5.0,4.0,6.0,1.0,2.0,1.0,18.0,1.0,2.0,11.0,3.0,1.0,1.0,1.0,20.0,61.0,43.0,29.0,23.0,19.0,5.0,16.0,26.0,31.0,31.0,29.0,29.0,17.0,31.0,10.0,46.0,21.0,18.0,37.0,21.0,10.0,18.0,15.0,4.0,5.0,7.0,8.0,7.0,1.0,8.0
2019-09-09 22:00:00,7.0,4.0,12.0,9.0,4.0,11.0,9.0,8.0,8.0,3.0,34.0,11.0,19.0,18.0,20.0,22.0,26.0,14.0,12.0,3.0,20.0,9.0,9.0,45.0,78.0,57.0,29.0,32.0,29.0,31.0,20.0,51.0,40.0,55.0,28.0,41.0,23.0,39.0,20.0,61.0,27.0,16.0,53.0,25.0,11.0,17.0,19.0,37.19,47.02,73.32,68.31,72.5,82.13,53.85,69.34,73.47,71.36,62.13,89.39,88.39,86.92,3.8,2.6,1.4,1.1,1.5,0.9,1.1,0.6,0.3,0.2,0.4,0.2,1.66,1.24,1.51,1.46,1.21,1.33,0.2,0.04,0.19,0.4,0.5,0.3,0.4,0.2,0.2,0.3,0.3,0.2,0.3,2.0,6.0,9.0,1.0,4.0,1.0,1.0,1.0,4.0,4.0,8.0,3.0,4.0,1.0,2.0,1.0,15.0,1.0,1.0,6.0,1.0,1.0,1.0,1.0,42.0,70.0,43.0,27.0,26.0,28.0,30.0,18.0,46.0,34.0,42.0,25.0,35.0,22.0,36.0,18.0,39.0,26.0,14.0,44.0,23.0,10.0,15.0,17.0,16.0,8.0,11.0,12.0,7.0,3.0,7.0
2019-09-09 23:00:00,8.0,4.0,12.0,8.0,4.0,11.0,9.0,9.0,8.0,4.0,30.0,9.0,13.0,16.0,16.0,25.0,19.0,12.0,13.0,2.0,13.0,10.0,12.0,52.0,61.0,40.0,21.0,54.0,32.0,11.0,17.0,47.0,40.0,37.0,17.0,48.0,34.0,27.0,23.0,44.0,40.0,14.0,44.0,21.0,9.0,14.0,17.0,45.42,48.56,51.38,62.89,82.52,82.03,48.59,76.85,63.65,55.27,61.41,89.13,88.78,87.39,3.8,1.2,1.5,0.3,2.4,1.0,1.0,0.3,0.4,0.2,0.5,0.2,1.66,1.23,1.51,1.48,1.17,1.33,0.19,0.06,0.19,0.4,0.4,0.3,0.4,0.2,0.2,0.3,0.3,0.2,0.3,3.0,4.0,7.0,1.0,5.0,1.0,1.0,1.0,2.0,4.0,5.0,1.0,3.0,1.0,1.0,1.0,10.0,1.0,1.0,2.0,1.0,1.0,1.0,1.0,48.0,55.0,30.0,20.0,46.0,30.0,10.0,15.0,43.0,34.0,30.0,15.0,43.0,33.0,26.0,22.0,28.0,39.0,13.0,41.0,19.0,8.0,13.0,15.0,15.0,5.0,7.0,12.0,5.0,3.0,7.0
2019-09-10 00:00:00,8.0,4.0,13.0,7.0,5.0,11.0,9.0,9.0,8.0,4.0,21.0,13.0,11.0,14.0,13.0,20.0,18.0,11.0,12.0,3.0,16.0,12.0,14.0,32.0,43.0,22.0,17.0,34.0,22.0,8.0,15.0,58.0,23.0,18.0,15.0,31.0,23.0,18.0,16.0,32.0,27.0,10.0,26.0,19.0,8.0,11.0,15.0,59.73,51.05,63.64,70.93,87.66,81.8,58.53,77.45,75.14,68.41,74.74,87.89,91.03,87.31,3.0,0.9,1.3,0.3,1.3,0.8,0.7,0.2,0.3,0.2,0.3,0.1,1.63,1.23,1.51,1.47,1.17,1.34,0.16,0.06,0.18,0.3,0.3,0.2,0.3,0.2,0.2,0.2,0.2,0.2,0.2,2.0,2.0,3.0,1.0,3.0,1.0,1.0,1.0,15.0,3.0,2.0,1.0,2.0,1.0,1.0,1.0,7.0,1.0,1.0,1.0,1.0,1.0,1.0,1.0,28.0,40.0,18.0,16.0,29.0,21.0,6.0,14.0,35.0,19.0,14.0,13.0,29.0,21.0,16.0,14.0,22.0,25.0,9.0,25.0,17.0,7.0,10.0,14.0,11.0,4.0,5.0,11.0,6.0,4.0,10.0
2019-09-10 01:00:00,8.0,4.0,13.0,7.0,5.0,11.0,9.0,8.0,8.0,4.0,12.0,9.0,11.0,14.0,13.0,17.0,22.0,11.0,3.0,41.0,16.0,10.0,10.0,13.0,19.0,12.0,10.0,24.0,12.0,5.0,12.0,17.0,9.0,8.0,9.0,15.0,12.0,7.0,6.0,16.0,13.0,11.0,12.0,12.0,5.0,9.0,11.0,68.49,51.75,69.29,75.35,79.47,76.83,69.63,72.95,77.51,76.02,81.77,79.39,86.1,83.92,4.1,0.8,1.1,0.2,1.4,1.2,0.5,0.1,0.2,0.1,0.2,0.1,1.6,1.22,1.51,1.46,1.17,1.34,0.14,0.06,0.17,0.3,0.2,0.2,0.3,0.2,0.1,0.2,0.2,0.1,0.2,1.0,1.0,1.0,1.0,4.0,1.0,1.0,1.0,1.0,1.0,1.0,1.0,2.0,1.0,1.0,1.0,4.0,1.0,1.0,1.0,1.0,1.0,1.0,1.0,11.0,18.0,10.0,9.0,18.0,10.0,4.0,11.0,15.0,7.0,7.0,7.0,12.0,10.0,5.0,5.0,10.0,12.0,9.0,10.0,11.0,3.0,7.0,9.0,5.0,5.0,5.0,14.0,5.0,1.0,11.0
2019-09-10 02:00:00,7.0,4.0,13.0,6.0,4.0,11.0,8.0,8.0,8.0,4.0,9.0,8.0,11.0,12.0,13.0,18.0,25.0,10.0,8.0,4.0,8.0,16.0,13.0,9.0,17.0,9.0,7.0,8.0,7.0,4.0,7.0,15.0,7.0,6.0,6.0,10.0,8.0,4.0,5.0,10.0,9.0,4.0,6.0,8.0,4.0,6.0,10.0,56.04,44.34,65.15,62.3,65.0,67.86,56.28,62.28,63.96,63.45,69.17,67.48,72.71,73.26,6.1,3.9,0.5,0.1,0.6,2.4,0.3,0.2,0.1,0.1,0.2,0.1,1.58,1.21,1.49,1.44,1.16,1.33,0.13,0.05,0.16,0.2,0.2,0.2,0.3,0.1,0.1,0.1,0.2,0.1,0.2,1.0,1.0,1.0,1.0,2.0,1.0,1.0,1.0,1.0,1.0,1.0,1.0,2.0,1.0,1.0,1.0,2.0,1.0,1.0,1.0,1.0,1.0,1.0,1.0,8.0,15.0,7.0,6.0,5.0,5.0,2.0,5.0,13.0,5.0,4.0,4.0,7.0,6.0,2.0,3.0,6.0,7.0,3.0,5.0,6.0,3.0,5.0,9.0,2.0,4.0,7.0,17.0,5.0,4.0,3.0
2019-09-10 03:00:00,8.0,4.0,13.0,5.0,4.0,11.0,9.0,9.0,8.0,4.0,11.0,10.0,9.0,9.0,7.0,17.0,18.0,9.0,10.0,1.0,12.0,13.0,14.0,11.0,14.0,10.0,6.0,6.0,6.0,3.0,4.0,11.0,6.0,5.0,4.0,7.0,7.0,3.0,5.0,5.0,8.0,3.0,7.0,6.0,3.0,5.0,9.0,55.53,38.01,59.13,59.13,62.96,63.8,55.11,62.15,59.87,59.01,63.81,68.45,67.25,72.52,7.0,1.5,0.4,0.1,0.4,1.0,0.2,0.4,0.1,0.1,0.1,0.1,1.57,1.22,1.48,1.44,1.17,1.35,0.13,0.05,0.14,0.2,0.2,0.1,0.3,0.1,0.1,0.1,0.2,0.1,0.2,2.0,1.0,2.0,1.0,1.0,1.0,1.0,1.0,1.0,1.0,1.0,1.0,1.0,1.0,1.0,1.0,1.0,1.0,1.0,1.0,1.0,1.0,1.0,1.0,9.0,12.0,7.0,5.0,4.0,4.0,2.0,3.0,10.0,4.0,3.0,3.0,5.0,5.0,2.0,3.0,3.0,7.0,1.0,5.0,5.0,2.0,3.0,7.0,5.0,3.0,1.0,10.0,4.0,4.0,7.0
2019-09-10 04:00:00,8.0,4.0,13.0,5.0,4.0,11.0,9.0,10.0,8.0,5.0,13.0,6.0,9.0,7.0,12.0,12.0,23.0,8.0,15.0,2.0,8.0,5.0,7.0,12.0,19.0,6.0,6.0,6.0,6.0,3.0,6.0,17.0,6.0,3.0,3.0,7.0,7.0,4.0,6.0,7.0,9.0,3.0,6.0,6.0,4.0,4.0,8.0,51.05,37.84,59.76,59.36,62.36,61.27,44.77,63.84,48.94,57.55,65.22,64.78,65.78,71.31,6.5,0.4,0.4,0.1,0.5,0.6,0.2,0.1,0.1,0.1,0.2,0.1,1.57,1.22,1.48,1.44,1.17,1.34,0.13,0.05,0.14,0.2,0.2,0.1,0.3,0.1,0.1,0.1,0.2,0.1,0.2,1.0,3.0,1.0,1.0,2.0,1.0,1.0,1.0,2.0,1.0,1.0,1.0,1.0,1.0,1.0,1.0,2.0,1.0,1.0,1.0,1.0,1.0,1.0,1.0,11.0,15.0,5.0,4.0,4.0,4.0,2.0,4.0,13.0,4.0,2.0,2.0,5.0,6.0,2.0,4.0,4.0,7.0,2.0,5.0,5.0,2.0,2.0,7.0,8.0,2.0,6.0,12.0,4.0,8.0,3.0
2019-09-10 05:00:00,9.0,4.0,13.0,5.0,4.0,11.0,9.0,9.0,8.0,4.0,12.0,4.0,9.0,10.0,8.0,14.0,14.0,10.0,5.0,33.0,12.0,11.0,11.0,11.0,12.0,7.0,6.0,7.0,7.0,4.0,20.0,14.0,7.0,5.0,5.0,7.0,6.0,3.0,5.0,5.0,9.0,6.0,6.0,8.0,4.0,5.0,10.0,56.09,35.0,57.77,58.85,61.54,52.19,49.71,59.41,55.01,56.66,65.34,63.95,62.95,67.5,2.1,1.3,0.4,0.1,0.5,0.5,0.2,0.1,0.1,0.1,0.2,0.1,1.57,1.22,1.49,1.45,1.17,1.35,0.12,0.05,0.14,0.2,0.2,0.1,0.3,0.1,0.1,0.1,0.2,0.1,0.2,1.0,1.0,1.0,1.0,1.0,1.0,1.0,1.0,2.0,1.0,1.0,1.0,1.0,1.0,1.0,1.0,1.0,1.0,1.0,1.0,1.0,1.0,1.0,1.0,9.0,10.0,5.0,5.0,5.0,5.0,2.0,18.0,11.0,5.0,3.0,3.0,6.0,5.0,1.0,3.0,3.0,7.0,4.0,4.0,6.0,2.0,4.0,8.0,6.0,2.0,3.0,9.0,4.0,1.0,8.0
2019-09-10 06:00:00,9.0,4.0,14.0,5.0,4.0,11.0,9.0,9.0,8.0,4.0,12.0,5.0,11.0,11.0,8.0,13.0,16.0,10.0,1.0,46.0,11.0,14.0,10.0,15.0,14.0,9.0,8.0,10.0,8.0,4.0,14.0,28.0,7.0,6.0,5.0,8.0,9.0,6.0,4.0,14.0,13.0,10.0,9.0,17.0,5.0,9.0,10.0,54.2,36.37,54.76,56.66,59.96,55.02,43.78,56.97,58.5,53.19,61.28,60.37,56.82,65.29,2.1,0.6,0.4,0.1,0.7,0.4,0.2,0.1,0.1,0.1,0.2,0.1,1.57,1.22,1.49,1.46,1.18,1.36,0.11,0.04,0.12,0.2,0.2,0.1,0.3,0.1,0.1,0.1,0.2,0.1,0.2,1.0,1.0,1.0,1.0,2.0,1.0,1.0,1.0,9.0,1.0,1.0,1.0,1.0,1.0,1.0,1.0,4.0,1.0,1.0,1.0,6.0,1.0,1.0,1.0,13.0,11.0,7.0,6.0,8.0,5.0,3.0,12.0,14.0,5.0,5.0,4.0,7.0,8.0,5.0,3.0,8.0,11.0,8.0,7.0,9.0,3.0,8.0,8.0,8.0,5.0,2.0,11.0,6.0,1.0,7.0
2019-09-10 07:00:00,9.0,4.0,14.0,5.0,4.0,11.0,9.0,9.0,8.0,5.0,8.0,6.0,10.0,11.0,8.0,16.0,15.0,11.0,6.0,4.0,13.0,14.0,17.0,23.0,21.0,17.0,13.0,20.0,10.0,6.0,24.0,18.0,18.0,21.0,12.0,18.0,14.0,13.0,6.0,55.0,17.0,19.0,28.0,10.0,13.0,9.0,13.0,46.82,35.33,46.72,52.17,55.96,47.02,43.7,48.97,53.85,49.51,50.29,49.95,57.42,60.62,1.8,0.4,0.4,0.1,0.7,0.4,0.2,0.1,0.1,0.1,0.2,0.1,1.57,1.22,1.49,1.46,1.18,1.37,0.11,0.04,0.12,0.2,0.2,0.2,0.3,0.1,0.1,0.1,0.2,0.1,0.2,3.0,2.0,2.0,1.0,3.0,1.0,1.0,3.0,2.0,3.0,4.0,1.0,2.0,1.0,1.0,1.0,15.0,1.0,2.0,5.0,1.0,1.0,1.0,1.0,19.0,18.0,15.0,11.0,15.0,8.0,5.0,20.0,15.0,14.0,15.0,11.0,15.0,13.0,11.0,5.0,32.0,16.0,16.0,20.0,9.0,12.0,7.0,12.0,3.0,4.0,3.0,12.0,6.0,1.0,9.0
2019-09-10 08:00:00,9.0,4.0,14.0,5.0,4.0,11.0,9.0,10.0,8.0,5.0,16.0,6.0,12.0,13.0,14.0,12.0,14.0,8.0,8.0,3.0,13.0,21.0,8.0,42.0,44.0,43.0,18.0,35.0,20.0,14.0,45.0,34.0,19.0,61.0,16.0,22.0,35.0,24.0,13.0,90.0,21.0,33.0,39.0,20.0,23.0,11.0,18.0,34.0,33.34,37.68,42.03,47.26,41.55,32.33,46.77,45.39,48.34,39.23,42.77,56.96,57.1,1.9,0.5,0.7,0.1,0.8,0.2,0.4,0.1,0.2,0.1,0.3,0.1,1.58,1.23,1.49,1.46,1.21,1.36,0.12,0.03,0.13,0.3,0.3,0.2,0.3,0.1,0.1,0.2,0.2,0.2,0.2,6.0,7.0,8.0,1.0,7.0,2.0,1.0,7.0,5.0,4.0,17.0,1.0,2.0,3.0,3.0,1.0,30.0,1.0,5.0,6.0,2.0,2.0,1.0,2.0,33.0,34.0,30.0,16.0,25.0,18.0,12.0,35.0,27.0,14.0,35.0,15.0,19.0,31.0,20.0,11.0,45.0,19.0,25.0,30.0,18.0,20.0,9.0,15.0,10.0,7.0,8.0,10.0,5.0,2.0,10.0
2019-09-10 09:00:00,9.0,4.0,14.0,5.0,4.0,11.0,9.0,10.0,8.0,5.0,12.0,10.0,9.0,11.0,16.0,4.0,23.0,4.0,11.0,45.0,13.0,13.0,4.0,48.0,54.0,79.0,27.0,38.0,28.0,13.0,36.0,50.0,27.0,77.0,20.0,35.0,40.0,26.0,19.0,72.0,31.0,35.0,64.0,26.0,12.0,12.0,25.0,33.89,30.36,38.1,40.41,51.65,46.82,32.62,49.58,47.06,44.16,34.69,59.48,57.8,54.82,1.8,1.1,0.8,0.1,1.2,0.4,0.5,0.2,0.2,0.1,0.4,0.2,1.58,1.23,1.5,1.46,1.2,1.36,0.12,0.04,0.15,0.3,0.3,0.2,0.4,0.2,0.1,0.2,0.2,0.2,0.3,8.0,9.0,22.0,3.0,7.0,3.0,1.0,6.0,10.0,5.0,22.0,2.0,7.0,4.0,2.0,1.0,22.0,2.0,6.0,14.0,4.0,1.0,1.0,6.0,35.0,41.0,45.0,22.0,28.0,25.0,12.0,27.0,34.0,19.0,43.0,18.0,25.0,34.0,23.0,18.0,38.0,28.0,25.0,43.0,19.0,10.0,10.0,16.0,4.0,5.0,10.0,19.0,2.0,4.0,9.0
2019-09-10 10:00:00,9.0,4.0,14.0,6.0,4.0,11.0,9.0,10.0,8.0,5.0,16.0,13.0,6.0,27.0,19.0,12.0,24.0,9.0,17.0,16.0,14.0,15.0,5.0,36.0,54.0,36.0,18.0,22.0,26.0,10.0,39.0,55.0,21.0,81.0,18.0,20.0,37.0,17.0,15.0,38.0,21.0,32.0,93.0,20.0,8.0,9.0,16.0,38.17,35.26,49.8,49.72,61.33,45.7,31.41,50.27,51.05,51.11,36.95,65.51,59.05,58.08,2.2,1.6,4.5,0.3,2.2,0.5,0.6,0.3,0.5,0.2,0.5,0.1,1.57,1.23,1.49,1.45,1.19,1.34,0.12,0.04,0.15,0.3,0.3,0.2,0.3,0.2,0.1,0.2,0.2,0.3,0.2,8.0,12.0,8.0,2.0,3.0,4.0,1.0,9.0,13.0,5.0,26.0,2.0,4.0,6.0,2.0,1.0,10.0,1.0,7.0,27.0,4.0,1.0,2.0,4.0,24.0,36.0,24.0,15.0,18.0,19.0,7.0,25.0,34.0,14.0,42.0,15.0,15.0,27.0,13.0,13.0,22.0,19.0,20.0,51.0,15.0,6.0,6.0,11.0,5.0,1.0,10.0,17.0,3.0,3.0,7.0
2019-09-10 11:00:00,9.0,4.0,13.0,5.0,4.0,11.0,9.0,10.0,8.0,7.0,15.0,9.0,4.0,21.0,20.0,10.0,26.0,11.0,10.0,2.0,18.0,13.0,9.0,48.0,51.0,17.0,16.0,16.0,17.0,11.0,21.0,58.0,16.0,50.0,14.0,16.0,26.0,8.0,12.0,18.0,14.0,19.0,62.0,11.0,6.0,6.0,12.0,42.09,38.23,54.62,54.24,57.87,54.11,35.3,53.14,53.73,51.13,46.15,61.98,62.3,63.45,2.9,0.6,0.9,0.4,2.4,0.3,0.6,0.1,0.2,0.1,0.5,0.1,1.56,1.23,1.49,1.45,1.18,1.34,0.11,0.04,0.15,0.3,0.3,0.2,0.3,0.2,0.2,0.2,0.2,0.2,0.2,14.0,13.0,3.0,3.0,3.0,4.0,2.0,5.0,17.0,5.0,16.0,3.0,4.0,5.0,2.0,1.0,5.0,1.0,5.0,19.0,2.0,1.0,1.0,2.0,26.0,31.0,12.0,12.0,11.0,12.0,7.0,14.0,31.0,9.0,25.0,10.0,10.0,18.0,6.0,9.0,10.0,13.0,12.0,34.0,7.0,5.0,4.0,8.0,5.0,1.0,8.0,16.0,4.0,1.0,8.0
2019-09-10 12:00:00,9.0,4.0,13.0,8.0,4.0,11.0,9.0,10.0,8.0,5.0,10.0,8.0,9.0,19.0,12.0,4.0,14.0,29.0,9.0,1.0,13.0,8.0,3.0,36.0,41.0,33.0,102.0,12.0,13.0,7.0,27.0,51.0,14.0,49.0,12.0,13.0,19.0,129.0,7.0,27.0,15.0,17.0,85.0,12.0,6.0,4.0,10.0,48.47,3.66,59.49,58.69,61.05,52.77,38.97,56.88,59.71,53.71,45.24,64.71,63.83,66.67,3.0,0.5,5.7,0.4,1.8,1.3,0.5,0.2,0.7,0.1,0.4,0.1,1.56,1.23,1.5,1.45,1.19,1.34,0.11,0.04,0.15,0.3,0.3,0.4,0.4,0.2,0.1,0.2,0.2,0.2,0.2,11.0,10.0,10.0,27.0,3.0,3.0,2.0,7.0,15.0,4.0,16.0,2.0,3.0,4.0,42.0,1.0,9.0,1.0,5.0,28.0,3.0,1.0,1.0,2.0,20.0,25.0,18.0,60.0,8.0,8.0,5.0,16.0,28.0,7.0,24.0,8.0,8.0,13.0,65.0,5.0,14.0,13.0,9.0,42.0,8.0,4.0,2.0,7.0,2.0,1.0,4.0,9.0,12.0,2.0,7.0
2019-09-10 13:00:00,9.0,5.0,12.0,9.0,4.0,11.0,10.0,10.0,8.0,4.0,36.0,14.0,7.0,50.0,12.0,1.0,11.0,30.0,8.0,1.0,8.0,9.0,7.0,55.0,108.0,129.0,19.0,19.0,14.0,5.0,38.0,45.0,84.0,48.0,10.0,13.0,17.0,18.0,6.0,52.0,13.0,24.0,49.0,14.0,7.0,4.0,9.0,36.33,33.24,57.76,59.86,64.94,50.38,43.05,60.88,62.09,56.89,56.01,64.8,43.42,70.04,5.0,0.7,3.2,0.2,1.9,0.5,0.6,0.2,0.4,0.1,0.4,0.1,1.9,1.23,1.51,1.66,1.19,1.34,0.24,0.04,0.17,0.4,0.3,0.2,0.4,0.2,0.1,0.2,0.2,0.2,0.2,18.0,29.0,35.0,5.0,5.0,3.0,1.0,11.0,13.0,19.0,16.0,2.0,3.0,4.0,5.0,1.0,18.0,1.0,7.0,15.0,4.0,1.0,1.0,2.0,28.0,63.0,76.0,12.0,11.0,9.0,3.0,21.0,26.0,55.0,23.0,6.0,8.0,12.0,10.0,5.0,24.0,11.0,14.0,25.0,8.0,4.0,3.0,7.0,9.0,1.0,6.0,8.0,10.0,2.0,3.0
2019-09-10 14:00:00,7.0,4.0,12.0,10.0,4.0,11.0,3.0,9.0,8.0,3.0,13.0,17.0,9.0,29.0,8.0,5.0,16.0,11.0,5.0,1.0,7.0,6.0,5.0,43.0,38.0,47.0,12.0,18.0,10.0,2.0,24.0,52.0,12.0,48.0,11.0,14.0,17.0,14.0,7.0,39.0,12.0,17.0,54.0,17.0,4.0,4.0,10.0,52.94,39.39,60.35,62.64,66.92,55.25,43.56,60.33,62.33,58.41,54.86,66.6,63.32,68.67,3.4,0.6,0.8,0.2,1.6,0.4,0.5,0.1,0.2,0.1,0.3,0.1,1.59,1.22,1.5,1.46,1.18,1.33,0.13,0.04,0.17,0.3,0.3,0.4,0.3,0.1,0.1,0.2,0.2,0.2,0.2,8.0,10.0,14.0,2.0,5.0,2.0,1.0,6.0,16.0,4.0,16.0,2.0,4.0,3.0,4.0,1.0,14.0,1.0,5.0,17.0,5.0,1.0,1.0,2.0,31.0,23.0,25.0,9.0,10.0,6.0,1.0,15.0,27.0,6.0,24.0,7.0,8.0,12.0,8.0,5.0,17.0,11.0,10.0,28.0,10.0,3.0,3.0,7.0,4.0,3.0,3.0,12.0,6.0,1.0,4.0
2019-09-10 15:00:00,7.0,4.0,11.0,10.0,4.0,11.0,3.0,9.0,7.0,2.0,4.0,4.0,2.0,2.0,8.0,1.0,17.0,6.0,13.0,1.0,12.0,7.0,4.0,42.0,26.0,54.0,15.0,17.0,9.0,3.0,22.0,31.0,20.0,47.0,11.0,15.0,11.0,20.0,4.0,59.0,12.0,13.0,47.0,20.0,5.0,3.0,10.0,58.13,39.99,63.05,64.32,68.68,58.59,50.72,62.92,66.98,63.2,57.53,69.12,67.54,71.27,2.8,1.6,0.6,0.1,1.7,0.4,0.5,0.4,0.1,0.1,0.4,0.1,1.58,1.22,1.51,1.46,1.18,1.33,0.12,0.04,0.18,0.4,0.3,0.2,0.3,0.2,0.1,0.2,0.2,0.2,0.2,12.0,5.0,16.0,2.0,5.0,2.0,1.0,5.0,8.0,6.0,16.0,3.0,4.0,1.0,5.0,1.0,22.0,1.0,3.0,14.0,6.0,1.0,1.0,2.0,25.0,18.0,30.0,11.0,9.0,7.0,1.0,14.0,19.0,11.0,22.0,7.0,10.0,8.0,12.0,2.0,25.0,10.0,8.0,25.0,11.0,4.0,2.0,7.0,1.0,1.0,4.0,11.0,2.0,7.0,8.0
2019-09-10 16:00:00,7.0,4.0,10.0,9.0,4.0,11.0,3.0,8.0,7.0,3.0,8.0,14.0,4.0,6.0,8.0,9.0,16.0,7.0,8.0,1.0,9.0,3.0,10.0,40.0,35.0,51.0,12.0,17.0,12.0,3.0,31.0,34.0,11.0,43.0,12.0,12.0,17.0,10.0,7.0,61.0,12.0,18.0,33.0,17.0,5.0,3.0,12.0,52.79,45.06,64.02,63.16,69.91,55.79,50.64,62.19,65.95,63.76,60.28,70.35,68.68,70.16,2.5,1.0,0.6,0.1,1.6,0.3,0.5,0.2,0.2,0.1,0.3,0.1,1.6,1.23,1.5,1.46,1.17,1.33,0.14,0.06,0.17,0.3,0.3,0.2,0.3,0.2,0.1,0.2,0.2,0.2,0.2,9.0,6.0,14.0,2.0,6.0,2.0,1.0,7.0,7.0,3.0,12.0,2.0,2.0,2.0,1.0,1.0,20.0,1.0,4.0,8.0,3.0,1.0,1.0,2.0,26.0,25.0,28.0,9.0,9.0,9.0,2.0,21.0,22.0,7.0,24.0,9.0,9.0,14.0,7.0,5.0,30.0,10.0,12.0,21.0,12.0,4.0,2.0,9.0,3.0,2.0,3.0,13.0,2.0,3.0,3.0
2019-09-10 17:00:00,8.0,4.0,10.0,7.0,4.0,11.0,3.0,9.0,8.0,3.0,20.0,12.0,8.0,8.0,17.0,16.0,13.0,16.0,13.0,1.0,10.0,8.0,15.0,28.0,40.0,48.0,14.0,14.0,13.0,4.0,24.0,36.0,16.0,45.0,9.0,13.0,22.0,16.0,9.0,64.0,15.0,20.0,58.0,20.0,4.0,4.0,11.0,46.5,43.17,60.29,61.12,67.65,57.23,44.51,62.01,61.07,58.39,47.06,68.05,67.46,68.59,3.9,1.1,0.8,0.1,1.6,0.3,0.5,0.3,0.2,0.1,0.3,0.1,1.59,1.23,1.5,1.46,1.17,1.34,0.13,0.06,0.16,0.3,0.3,0.2,0.3,0.2,0.1,0.2,0.2,0.2,0.2,6.0,7.0,11.0,1.0,2.0,2.0,1.0,5.0,7.0,4.0,13.0,1.0,2.0,3.0,2.0,1.0,22.0,1.0,5.0,14.0,5.0,1.0,1.0,2.0,19.0,30.0,30.0,12.0,11.0,10.0,2.0,16.0,26.0,10.0,26.0,7.0,10.0,18.0,12.0,8.0,31.0,14.0,12.0,36.0,13.0,3.0,2.0,8.0,7.0,2.0,6.0,5.0,9.0,1.0,3.0
2019-09-10 18:00:00,9.0,4.0,12.0,6.0,4.0,11.0,3.0,9.0,8.0,3.0,15.0,10.0,9.0,15.0,15.0,21.0,13.0,15.0,16.0,4.0,21.0,13.0,17.0,36.0,36.0,65.0,13.0,31.0,18.0,5.0,22.0,39.0,16.0,43.0,13.0,18.0,25.0,17.0,10.0,59.0,19.0,18.0,82.0,22.0,4.0,4.0,13.0,47.12,43.42,51.89,56.18,63.34,57.39,42.93,55.95,58.8,55.17,38.85,67.43,66.18,65.2,5.0,1.0,0.9,0.1,1.6,0.2,0.5,0.2,0.2,0.1,0.3,0.1,1.59,1.23,1.49,1.46,1.18,1.34,0.13,0.05,0.16,0.3,0.3,0.2,0.3,0.2,0.1,0.2,0.2,0.2,0.3,8.0,6.0,19.0,2.0,8.0,4.0,1.0,5.0,9.0,4.0,13.0,2.0,3.0,3.0,3.0,1.0,18.0,1.0,5.0,24.0,4.0,1.0,1.0,3.0,23.0,26.0,36.0,10.0,19.0,12.0,4.0,14.0,25.0,10.0,24.0,10.0,14.0,20.0,13.0,8.0,31.0,17.0,10.0,46.0,16.0,3.0,3.0,9.0,1.0,2.0,4.0,6.0,6.0,1.0,16.0
2019-09-10 19:00:00,8.0,4.0,12.0,5.0,4.0,11.0,3.0,9.0,8.0,3.0,14.0,10.0,14.0,16.0,17.0,25.0,16.0,13.0,20.0,1.0,25.0,9.0,14.0,24.0,32.0,59.0,11.0,16.0,11.0,6.0,24.0,33.0,16.0,40.0,10.0,16.0,20.0,12.0,9.0,61.0,15.0,19.0,63.0,23.0,5.0,5.0,13.0,51.11,46.0,59.28,62.98,65.61,57.8,46.31,61.62,61.77,60.34,47.49,68.45,68.68,69.03,4.3,1.1,0.8,0.1,1.7,0.3,0.5,0.2,0.1,0.1,0.3,0.1,1.57,1.23,1.49,1.46,1.19,1.35,0.11,0.04,0.14,0.3,0.3,0.2,0.3,0.2,0.1,0.2,0.2,0.2,0.3,5.0,5.0,16.0,1.0,3.0,2.0,1.0,5.0,6.0,4.0,12.0,1.0,3.0,2.0,1.0,1.0,19.0,1.0,4.0,17.0,5.0,1.0,1.0,2.0,16.0,25.0,34.0,10.0,11.0,8.0,5.0,17.0,23.0,10.0,22.0,8.0,12.0,16.0,10.0,8.0,33.0,13.0,13.0,37.0,16.0,3.0,3.0,10.0,1.0,2.0,5.0,8.0,4.0,1.0,17.0
2019-09-10 20:00:00,9.0,4.0,13.0,4.0,4.0,11.0,3.0,9.0,8.0,5.0,8.0,4.0,8.0,16.0,10.0,13.0,13.0,6.0,8.0,1.0,11.0,10.0,11.0,31.0,28.0,58.0,13.0,21.0,12.0,6.0,25.0,33.0,15.0,38.0,12.0,22.0,22.0,20.0,10.0,56.0,16.0,16.0,66.0,24.0,5.0,6.0,14.0,50.23,44.34,54.8,59.06,62.83,54.03,45.33,57.78,58.9,57.36,44.12,66.39,65.7,65.44,2.8,1.3,0.5,0.1,1.9,0.2,0.5,0.3,0.1,0.1,0.3,0.1,1.57,1.23,1.5,1.46,1.18,1.35,0.11,0.05,0.14,0.3,0.3,0.2,0.3,0.2,0.1,0.2,0.2,0.2,0.3,7.0,4.0,16.0,1.0,4.0,1.0,1.0,4.0,6.0,3.0,10.0,1.0,3.0,2.0,2.0,1.0,18.0,1.0,3.0,18.0,5.0,1.0,1.0,2.0,21.0,22.0,33.0,11.0,15.0,10.0,5.0,19.0,24.0,11.0,23.0,10.0,17.0,18.0,16.0,9.0,28.0,14.0,12.0,39.0,16.0,4.0,5.0,10.0,1.0,2.0,2.0,7.0,1.0,1.0,4.0
2019-09-10 21:00:00,9.0,4.0,13.0,4.0,4.0,11.0,3.0,9.0,8.0,4.0,1.0,6.0,2.0,8.0,5.0,10.0,14.0,1.0,2.0,1.0,12.0,11.0,7.0,41.0,29.0,43.0,14.0,28.0,15.0,5.0,24.0,26.0,29.0,37.0,13.0,23.0,19.0,27.0,11.0,59.0,19.0,11.0,49.0,27.0,5.0,8.0,12.0,47.74,43.03,49.74,54.4,62.73,56.58,45.53,58.0,57.29,54.61,49.25,66.89,64.58,68.68,2.9,0.8,0.8,0.1,1.6,0.4,0.6,0.2,0.2,0.1,0.4,0.2,1.57,1.22,1.49,1.46,1.19,1.36,0.11,0.03,0.13,0.3,0.3,0.2,0.3,0.1,0.1,0.2,0.2,0.2,0.3,7.0,2.0,10.0,1.0,6.0,1.0,1.0,3.0,4.0,5.0,9.0,1.0,3.0,2.0,3.0,1.0,20.0,1.0,1.0,12.0,6.0,1.0,1.0,1.0,31.0,25.0,28.0,13.0,19.0,13.0,3.0,20.0,20.0,21.0,24.0,11.0,19.0,17.0,22.0,9.0,29.0,17.0,9.0,30.0,18.0,3.0,7.0,10.0,1.0,1.0,1.0,10.0,1.0,1.0,9.0
2019-09-10 22:00:00,8.0,4.0,14.0,4.0,4.0,11.0,3.0,9.0,8.0,5.0,2.0,5.0,3.0,6.0,6.0,13.0,12.0,3.0,5.0,1.0,9.0,12.0,10.0,27.0,22.0,36.0,13.0,18.0,14.0,5.0,36.0,27.0,15.0,33.0,10.0,17.0,16.0,12.0,9.0,39.0,16.0,22.0,38.0,15.0,4.0,6.0,11.0,57.04,47.15,57.07,59.87,66.37,48.29,49.41,65.34,64.56,59.73,56.31,73.12,69.31,74.76,2.5,1.3,1.1,0.1,1.5,0.3,0.5,0.3,0.2,0.1,0.4,0.1,1.56,1.22,1.51,1.46,1.19,1.38,0.1,0.03,0.13,0.3,0.3,0.2,0.3,0.1,0.1,0.1,0.2,0.2,0.2,4.0,2.0,8.0,2.0,2.0,1.0,1.0,3.0,4.0,3.0,7.0,1.0,1.0,1.0,1.0,1.0,9.0,1.0,2.0,8.0,2.0,1.0,1.0,1.0,21.0,20.0,24.0,10.0,15.0,12.0,4.0,31.0,21.0,10.0,22.0,8.0,15.0,15.0,10.0,7.0,24.0,15.0,19.0,26.0,13.0,3.0,4.0,10.0,1.0,1.0,3.0,9.0,1.0,2.0,6.0
2019-09-10 23:00:00,9.0,4.0,14.0,4.0,4.0,11.0,3.0,9.0,8.0,5.0,5.0,7.0,4.0,16.0,5.0,6.0,11.0,4.0,3.0,1.0,12.0,10.0,6.0,21.0,16.0,25.0,8.0,14.0,9.0,5.0,40.0,22.0,10.0,20.0,7.0,12.0,13.0,7.0,7.0,30.0,12.0,22.0,26.0,11.0,4.0,5.0,10.0,60.68,52.76,62.04,66.41,68.21,48.09,50.37,66.55,66.39,63.55,59.77,72.51,70.77,75.99,1.5,4.2,0.7,0.1,1.2,0.2,0.4,0.1,0.1,0.1,0.3,0.1,1.55,1.23,1.54,1.46,1.2,1.41,0.09,0.03,0.13,0.3,0.2,0.2,0.3,0.1,0.1,0.2,0.2,0.2,0.2,3.0,1.0,4.0,1.0,2.0,1.0,1.0,4.0,3.0,2.0,3.0,1.0,1.0,1.0,1.0,1.0,7.0,1.0,1.0,4.0,1.0,1.0,1.0,1.0,15.0,15.0,18.0,6.0,11.0,7.0,4.0,34.0,17.0,7.0,15.0,6.0,10.0,12.0,6.0,5.0,19.0,10.0,20.0,21.0,9.0,3.0,3.0,9.0,1.0,3.0,1.0,8.0,1.0,2.0,9.0
2019-09-11 00:00:00,9.0,4.0,14.0,4.0,4.0,11.0,3.0,9.0,8.0,5.0,6.0,6.0,5.0,14.0,6.0,3.0,11.0,3.0,10.0,1.0,10.0,11.0,4.0,15.0,13.0,17.0,7.0,10.0,6.0,4.0,31.0,23.0,6.0,13.0,5.0,9.0,11.0,5.0,5.0,21.0,9.0,23.0,20.0,8.0,4.0,4.0,9.0,65.85,54.27,67.38,71.2,71.03,51.67,52.28,72.14,70.9,65.84,65.28,75.7,72.64,80.28,1.9,0.9,1.1,0.1,1.5,0.1,0.3,0.2,0.1,0.1,0.3,0.1,1.54,1.23,1.53,1.46,1.18,1.4,0.08,0.05,0.13,0.3,0.2,0.1,0.3,0.1,0.1,0.1,0.2,0.1,0.2,3.0,1.0,3.0,1.0,2.0,1.0,1.0,2.0,5.0,1.0,3.0,1.0,1.0,1.0,1.0,1.0,5.0,1.0,1.0,2.0,1.0,1.0,1.0,1.0,11.0,12.0,13.0,5.0,7.0,5.0,3.0,28.0,15.0,4.0,9.0,3.0,7.0,9.0,4.0,3.0,13.0,7.0,21.0,17.0,7.0,2.0,3.0,7.0,4.0,2.0,3.0,9.0,1.0,7.0,6.0
2019-09-11 01:00:00,9.0,4.0,14.0,4.0,4.0,11.0,3.0,9.0,8.0,5.0,6.0,3.0,1.0,14.0,6.0,2.0,11.0,3.0,8.0,5.0,5.0,8.0,4.0,10.0,12.0,12.0,7.0,6.0,5.0,4.0,43.0,15.0,6.0,8.0,4.0,7.0,10.0,3.0,4.0,12.0,8.0,34.0,15.0,8.0,4.0,5.0,9.0,69.05,53.02,71.21,73.83,74.02,46.35,57.21,74.75,74.02,67.67,71.68,77.89,73.45,82.84,3.3,100.1,2.0,0.1,1.4,0.2,0.2,0.1,0.1,0.1,0.2,0.1,1.53,1.24,1.54,1.45,1.19,1.4,0.08,0.05,0.14,0.2,0.2,0.1,0.3,0.1,0.1,0.1,0.2,0.1,0.2,2.0,1.0,2.0,1.0,1.0,1.0,1.0,4.0,2.0,1.0,1.0,1.0,1.0,1.0,1.0,1.0,2.0,1.0,2.0,2.0,1.0,1.0,1.0,1.0,7.0,11.0,9.0,6.0,5.0,3.0,3.0,37.0,13.0,4.0,6.0,3.0,6.0,8.0,1.0,2.0,8.0,7.0,32.0,12.0,7.0,2.0,4.0,7.0,4.0,1.0,3.0,9.0,2.0,4.0,4.0
2019-09-11 02:00:00,9.0,4.0,15.0,4.0,4.0,11.0,3.0,8.0,8.0,5.0,4.0,2.0,3.0,12.0,6.0,4.0,8.0,6.0,8.0,1.0,5.0,8.0,3.0,8.0,11.0,10.0,6.0,6.0,4.0,4.0,29.0,22.0,4.0,7.0,4.0,6.0,9.0,2.0,4.0,6.0,13.0,21.0,11.0,6.0,4.0,6.0,8.0,69.46,53.6,71.51,75.23,73.13,51.88,52.61,75.0,73.56,63.28,73.64,76.23,70.3,83.33,2.1,13.5,3.2,0.1,0.7,0.1,0.2,0.1,0.1,0.1,0.2,0.1,1.54,1.24,1.51,1.46,1.19,1.38,0.08,0.05,0.13,0.2,0.2,0.1,0.3,0.1,0.1,0.1,0.2,0.1,0.2,1.0,1.0,2.0,1.0,1.0,1.0,1.0,2.0,3.0,1.0,1.0,1.0,1.0,1.0,1.0,1.0,1.0,1.0,1.0,1.0,1.0,1.0,1.0,1.0,6.0,10.0,7.0,4.0,5.0,2.0,2.0,26.0,18.0,3.0,6.0,2.0,5.0,7.0,1.0,3.0,5.0,12.0,20.0,9.0,5.0,2.0,4.0,7.0,3.0,2.0,3.0,7.0,5.0,5.0,3.0
2019-09-11 03:00:00,9.0,4.0,14.0,5.0,4.0,11.0,4.0,8.0,8.0,5.0,7.0,2.0,5.0,9.0,5.0,2.0,8.0,2.0,3.0,4.0,5.0,8.0,3.0,8.0,10.0,6.0,5.0,5.0,4.0,3.0,6.0,11.0,4.0,5.0,4.0,5.0,7.0,3.0,3.0,6.0,7.0,5.0,8.0,5.0,4.0,3.0,8.0,71.88,55.75,72.79,76.46,74.34,70.55,60.84,77.25,75.87,70.59,77.33,74.23,74.95,85.03,1.8,7.2,1.7,0.1,0.5,0.1,0.2,0.1,0.1,0.1,0.1,0.1,1.54,1.23,1.5,1.46,1.19,1.37,0.08,0.04,0.13,0.2,0.2,0.1,0.3,0.1,0.1,0.1,0.2,0.1,0.2,1.0,1.0,1.0,1.0,1.0,1.0,1.0,1.0,1.0,1.0,1.0,1.0,1.0,1.0,1.0,1.0,1.0,1.0,1.0,1.0,1.0,1.0,1.0,1.0,7.0,9.0,5.0,3.0,4.0,2.0,2.0,5.0,9.0,2.0,3.0,2.0,4.0,6.0,1.0,2.0,4.0,5.0,3.0,6.0,4.0,2.0,2.0,7.0,5.0,3.0,3.0,6.0,2.0,2.0,3.0
2019-09-11 04:00:00,9.0,4.0,14.0,5.0,4.0,11.0,4.0,9.0,8.0,5.0,5.0,2.0,6.0,7.0,9.0,4.0,11.0,2.0,5.0,23.0,5.0,5.0,3.0,7.0,10.0,7.0,4.0,7.0,5.0,4.0,9.0,16.0,3.0,4.0,4.0,5.0,8.0,3.0,3.0,8.0,5.0,7.0,8.0,5.0,5.0,3.0,8.0,72.58,59.29,70.89,70.74,70.03,69.38,58.25,75.82,76.92,73.39,74.63,65.04,77.62,84.06,1.4,4.4,0.9,0.1,0.5,0.1,0.2,0.1,0.1,0.1,0.1,0.1,1.54,1.24,1.52,1.45,1.2,1.38,0.08,0.04,0.14,0.2,0.2,0.1,0.3,0.1,0.1,0.1,0.2,0.1,0.2,1.0,1.0,1.0,1.0,1.0,1.0,1.0,1.0,3.0,1.0,1.0,1.0,1.0,1.0,1.0,1.0,2.0,1.0,1.0,1.0,1.0,1.0,1.0,1.0,6.0,9.0,5.0,2.0,5.0,3.0,3.0,8.0,11.0,2.0,3.0,2.0,4.0,7.0,1.0,2.0,5.0,4.0,6.0,6.0,4.0,3.0,1.0,7.0,3.0,5.0,7.0,9.0,2.0,3.0,3.0
2019-09-11 05:00:00,9.0,4.0,14.0,5.0,4.0,11.0,4.0,9.0,8.0,5.0,6.0,1.0,5.0,10.0,5.0,2.0,12.0,6.0,5.0,52.0,7.0,5.0,2.0,10.0,9.0,6.0,5.0,7.0,4.0,3.0,18.0,15.0,4.0,5.0,3.0,5.0,6.0,6.0,3.0,7.0,8.0,11.0,7.0,6.0,6.0,4.0,8.0,73.66,58.57,69.42,74.27,73.06,62.08,57.35,76.32,76.85,71.14,75.86,57.48,76.02,84.42,1.4,2.8,0.9,0.1,0.5,0.1,0.2,0.1,0.1,0.1,0.2,0.1,1.53,1.23,1.52,1.45,1.19,1.38,0.08,0.05,0.14,0.2,0.2,0.1,0.3,0.1,0.1,0.1,0.2,0.1,0.2,2.0,1.0,1.0,1.0,1.0,1.0,1.0,1.0,2.0,1.0,1.0,1.0,1.0,1.0,2.0,1.0,1.0,1.0,1.0,1.0,1.0,1.0,1.0,1.0,7.0,8.0,5.0,3.0,6.0,3.0,2.0,17.0,12.0,3.0,3.0,2.0,3.0,5.0,3.0,1.0,6.0,6.0,10.0,6.0,4.0,5.0,2.0,6.0,4.0,2.0,3.0,10.0,5.0,3.0,4.0
2019-09-11 06:00:00,9.0,4.0,14.0,5.0,4.0,11.0,3.0,9.0,8.0,5.0,7.0,1.0,4.0,11.0,7.0,9.0,8.0,6.0,3.0,4.0,10.0,7.0,9.0,8.0,10.0,6.0,6.0,8.0,5.0,4.0,16.0,14.0,5.0,7.0,5.0,6.0,7.0,5.0,3.0,13.0,11.0,11.0,13.0,6.0,4.0,4.0,9.0,74.11,59.13,70.73,75.14,75.39,65.32,61.02,77.08,77.47,68.23,73.55,69.72,76.98,85.83,1.6,1.6,0.8,0.1,0.5,0.1,0.2,0.2,0.1,0.1,0.2,0.1,1.53,1.23,1.51,1.46,1.19,1.38,0.07,0.04,0.13,0.2,0.2,0.1,0.3,0.1,0.1,0.2,0.2,0.1,0.2,1.0,1.0,1.0,1.0,1.0,1.0,1.0,1.0,2.0,1.0,1.0,1.0,1.0,1.0,2.0,1.0,3.0,1.0,1.0,1.0,1.0,1.0,1.0,1.0,7.0,8.0,4.0,4.0,7.0,4.0,2.0,14.0,10.0,3.0,5.0,3.0,5.0,5.0,2.0,2.0,9.0,10.0,9.0,11.0,4.0,3.0,3.0,7.0,5.0,2.0,4.0,6.0,3.0,1.0,7.0
2019-09-11 07:00:00,9.0,4.0,14.0,4.0,4.0,11.0,4.0,9.0,8.0,5.0,5.0,1.0,5.0,11.0,6.0,14.0,11.0,6.0,4.0,10.0,10.0,10.0,11.0,11.0,13.0,10.0,8.0,11.0,7.0,5.0,35.0,15.0,8.0,12.0,8.0,9.0,12.0,3.0,5.0,18.0,15.0,21.0,32.0,12.0,10.0,7.0,10.0,72.41,60.24,71.67,77.27,78.38,57.36,59.93,74.99,77.25,68.06,65.46,66.81,77.03,85.29,1.0,0.7,0.4,0.1,0.5,0.1,0.2,0.1,0.2,0.1,0.2,0.1,1.54,1.23,1.5,1.46,1.18,1.37,0.07,0.05,0.13,0.2,0.2,0.2,0.3,0.1,0.1,0.1,0.2,0.2,0.2,1.0,1.0,1.0,1.0,1.0,1.0,1.0,3.0,1.0,2.0,2.0,1.0,1.0,1.0,1.0,1.0,3.0,1.0,2.0,5.0,1.0,1.0,1.0,1.0,9.0,12.0,9.0,7.0,9.0,5.0,3.0,30.0,13.0,6.0,9.0,7.0,8.0,10.0,2.0,4.0,14.0,13.0,18.0,25.0,11.0,8.0,6.0,8.0,2.0,3.0,2.0,8.0,4.0,1.0,8.0
2019-09-11 08:00:00,9.0,4.0,14.0,4.0,4.0,11.0,4.0,9.0,8.0,5.0,13.0,6.0,7.0,13.0,7.0,12.0,15.0,5.0,1.0,1.0,9.0,12.0,8.0,24.0,32.0,38.0,17.0,19.0,20.0,12.0,43.0,43.0,19.0,39.0,17.0,19.0,26.0,17.0,12.0,46.0,22.0,39.0,60.0,21.0,13.0,12.0,14.0,57.75,54.1,63.91,62.56,68.37,54.01,46.78,64.56,68.83,60.96,51.74,71.03,72.62,75.3,1.0,0.7,0.4,0.1,0.6,0.1,0.3,0.1,0.1,0.1,0.2,0.1,1.55,1.23,1.51,1.47,1.2,1.38,0.08,0.03,0.13,0.3,0.2,0.2,0.3,0.2,0.1,0.2,0.2,0.2,0.2,3.0,3.0,6.0,2.0,1.0,1.0,1.0,5.0,7.0,3.0,9.0,1.0,2.0,2.0,1.0,1.0,9.0,1.0,5.0,12.0,1.0,1.0,1.0,1.0,20.0,27.0,28.0,15.0,17.0,18.0,10.0,35.0,32.0,14.0,25.0,16.0,16.0,23.0,15.0,11.0,32.0,21.0,31.0,41.0,19.0,11.0,11.0,12.0,10.0,5.0,1.0,12.0,2.0,1.0,5.0
2019-09-11 09:00:00,9.0,4.0,14.0,5.0,4.0,11.0,3.0,9.0,8.0,5.0,5.0,8.0,4.0,11.0,8.0,15.0,16.0,6.0,6.0,10.0,13.0,12.0,11.0,37.0,52.0,63.0,23.0,32.0,34.0,20.0,32.0,53.0,26.0,67.0,23.0,30.0,38.0,24.0,19.0,61.0,26.0,33.0,74.0,28.0,20.0,16.0,16.0,47.02,46.93,56.63,51.47,59.93,59.87,41.12,62.84,61.79,58.99,43.51,63.24,70.29,76.4,1.4,1.3,0.9,0.1,2.1,0.3,0.4,0.2,0.2,0.1,0.4,0.1,1.57,1.24,1.5,1.47,1.2,1.38,0.1,0.04,0.13,0.3,0.3,0.2,0.4,0.2,0.1,0.2,0.2,0.3,0.3,5.0,6.0,14.0,1.0,4.0,2.0,1.0,5.0,8.0,4.0,18.0,1.0,4.0,3.0,1.0,1.0,13.0,1.0,5.0,15.0,3.0,2.0,1.0,2.0,29.0,42.0,42.0,22.0,26.0,30.0,18.0,25.0,40.0,20.0,40.0,21.0,24.0,34.0,21.0,18.0,41.0,24.0,25.0,51.0,24.0,17.0,13.0,12.0,1.0,1.0,2.0,13.0,2.0,1.0,8.0
2019-09-11 10:00:00,9.0,4.0,14.0,5.0,4.0,11.0,4.0,9.0,8.0,5.0,15.0,13.0,8.0,27.0,17.0,16.0,16.0,12.0,15.0,20.0,15.0,13.0,11.0,29.0,54.0,35.0,20.0,24.0,21.0,13.0,30.0,62.0,22.0,64.0,22.0,22.0,31.0,19.0,16.0,42.0,23.0,27.0,85.0,22.0,14.0,11.0,15.0,50.41,46.38,64.43,67.54,74.75,64.09,38.73,65.67,66.56,62.84,49.92,72.75,73.95,80.34,2.8,2.1,2.0,0.3,2.4,0.3,0.7,0.4,0.3,0.2,0.5,0.1,1.58,1.24,1.5,1.47,1.2,1.38,0.1,0.04,0.12,0.3,0.3,0.2,0.5,0.2,0.1,0.2,0.2,0.2,0.3,5.0,9.0,6.0,2.0,3.0,3.0,1.0,5.0,12.0,4.0,19.0,3.0,3.0,3.0,2.0,1.0,9.0,1.0,5.0,23.0,3.0,2.0,2.0,4.0,22.0,39.0,26.0,17.0,19.0,16.0,11.0,21.0,43.0,15.0,36.0,18.0,17.0,26.0,16.0,14.0,28.0,21.0,18.0,49.0,18.0,11.0,8.0,10.0,3.0,3.0,8.0,11.0,4.0,3.0,8.0
2019-09-11 11:00:00,9.0,4.0,14.0,6.0,4.0,11.0,3.0,9.0,8.0,5.0,15.0,9.0,14.0,16.0,19.0,17.0,19.0,14.0,15.0,4.0,16.0,13.0,9.0,27.0,44.0,21.0,14.0,17.0,13.0,7.0,26.0,55.0,13.0,51.0,14.0,12.0,25.0,11.0,12.0,31.0,15.0,17.0,67.0,15.0,5.0,8.0,11.0,59.26,52.79,71.45,75.06,80.09,69.05,46.17,73.94,71.9,70.66,58.21,85.27,77.4,85.11,3.1,0.9,7.2,0.2,1.9,0.1,0.5,0.1,0.8,0.1,0.4,0.1,1.52,1.23,1.5,1.47,1.19,1.38,0.06,0.04,0.12,0.3,0.3,0.2,0.3,0.2,0.2,0.2,0.2,0.2,0.2,6.0,8.0,3.0,1.0,3.0,2.0,1.0,6.0,12.0,3.0,15.0,2.0,2.0,3.0,2.0,1.0,8.0,1.0,4.0,18.0,2.0,1.0,2.0,1.0,18.0,31.0,16.0,11.0,12.0,10.0,5.0,17.0,37.0,8.0,28.0,11.0,9.0,20.0,8.0,10.0,19.0,13.0,11.0,39.0,11.0,3.0,6.0,9.0,5.0,6.0,7.0,13.0,4.0,1.0,8.0
2019-09-11 12:00:00,8.0,4.0,14.0,8.0,4.0,11.0,3.0,9.0,8.0,5.0,10.0,8.0,12.0,14.0,20.0,14.0,15.0,12.0,7.0,1.0,12.0,13.0,11.0,35.0,45.0,14.0,13.0,15.0,14.0,6.0,25.0,51.0,15.0,53.0,16.0,15.0,21.0,6.0,9.0,21.0,21.0,16.0,66.0,13.0,5.0,8.0,10.0,62.11,56.6,75.33,77.11,82.43,71.09,51.29,74.96,76.81,70.15,62.96,86.56,79.9,66.67,2.2,0.6,4.8,0.2,1.8,0.1,0.4,0.1,0.6,0.1,0.3,0.1,1.54,1.22,1.51,1.46,1.2,1.38,0.08,0.03,0.13,0.3,0.3,0.2,0.4,0.2,0.1,0.2,0.2,0.2,0.2,8.0,9.0,2.0,2.0,3.0,3.0,1.0,5.0,11.0,4.0,15.0,3.0,3.0,3.0,1.0,1.0,5.0,1.0,4.0,18.0,3.0,1.0,2.0,1.0,23.0,31.0,11.0,10.0,11.0,10.0,4.0,16.0,34.0,9.0,30.0,12.0,11.0,17.0,4.0,7.0,13.0,19.0,10.0,39.0,9.0,4.0,6.0,9.0,2.0,5.0,8.0,7.0,4.0,1.0,5.0
2019-09-11 13:00:00,8.0,4.0,12.0,9.0,4.0,11.0,3.0,9.0,8.0,4.0,36.0,14.0,11.0,15.0,22.0,14.0,20.0,15.0,26.0,33.0,21.0,11.0,8.0,34.0,46.0,21.0,14.0,16.0,12.0,6.0,17.0,50.0,14.0,52.0,15.0,15.0,19.0,7.0,9.0,33.0,16.0,15.0,71.0,13.0,6.0,10.0,10.0,65.06,58.22,77.0,79.94,84.26,79.16,55.3,77.73,79.75,76.23,64.48,87.27,81.2,90.66,2.1,2.1,1.5,0.3,1.7,2.1,0.4,0.1,0.2,0.1,0.3,0.1,1.56,1.22,1.52,1.46,1.2,1.36,0.1,0.02,0.15,0.3,0.3,0.2,0.3,0.2,0.1,0.2,0.2,0.2,0.2,8.0,9.0,4.0,2.0,3.0,2.0,1.0,3.0,11.0,3.0,15.0,3.0,3.0,3.0,2.0,1.0,9.0,1.0,3.0,19.0,3.0,1.0,2.0,1.0,21.0,32.0,15.0,11.0,11.0,9.0,4.0,13.0,32.0,9.0,29.0,11.0,10.0,15.0,5.0,8.0,19.0,14.0,10.0,42.0,9.0,4.0,7.0,9.0,9.0,2.0,9.0,10.0,6.0,4.0,13.0
2019-09-11 14:00:00,8.0,4.0,12.0,10.0,4.0,11.0,3.0,9.0,8.0,3.0,15.0,17.0,12.0,20.0,18.0,13.0,26.0,11.0,20.0,21.0,18.0,8.0,7.0,37.0,38.0,30.0,11.0,14.0,16.0,5.0,19.0,44.0,12.0,48.0,13.0,17.0,19.0,12.0,9.0,35.0,15.0,15.0,66.0,13.0,6.0,8.0,10.0,70.88,61.83,81.44,82.25,87.41,79.51,59.95,80.07,82.53,79.82,67.72,89.51,84.82,93.5,2.7,1.3,0.7,0.2,1.8,2.2,0.5,0.1,0.2,0.1,0.3,0.1,1.58,1.22,1.51,1.46,1.19,1.36,0.12,0.03,0.14,0.3,0.3,0.2,0.3,0.2,0.1,0.2,0.2,0.2,0.2,10.0,7.0,6.0,1.0,2.0,4.0,1.0,4.0,9.0,3.0,14.0,2.0,4.0,3.0,2.0,1.0,10.0,1.0,4.0,17.0,2.0,1.0,2.0,1.0,22.0,28.0,20.0,9.0,10.0,10.0,4.0,13.0,30.0,8.0,27.0,10.0,11.0,15.0,8.0,7.0,20.0,13.0,10.0,39.0,9.0,4.0,6.0,9.0,1.0,4.0,7.0,15.0,2.0,6.0,9.0
2019-09-11 15:00:00,11.0,4.0,11.0,10.0,4.0,11.0,3.0,8.0,8.0,3.0,18.0,4.0,12.0,20.0,18.0,9.0,18.0,10.0,16.0,1.0,20.0,4.0,4.0,36.0,31.0,27.0,15.0,11.0,13.0,6.0,13.0,41.0,12.0,43.0,13.0,16.0,20.0,10.0,8.0,30.0,23.0,17.0,75.0,11.0,5.0,5.0,11.0,76.04,59.22,84.95,85.33,88.96,86.13,63.21,83.3,85.01,77.43,66.71,91.2,88.9,93.58,2.8,1.0,0.8,0.2,1.8,1.4,0.5,0.1,0.2,0.1,0.3,0.1,1.6,1.22,1.49,1.46,1.19,1.36,0.14,0.03,0.14,0.3,0.3,0.2,0.3,0.2,0.1,0.2,0.2,0.2,0.2,8.0,6.0,6.0,2.0,2.0,2.0,1.0,2.0,9.0,3.0,12.0,2.0,3.0,3.0,2.0,1.0,8.0,1.0,4.0,21.0,2.0,1.0,1.0,1.0,23.0,22.0,18.0,11.0,8.0,9.0,4.0,10.0,27.0,8.0,25.0,9.0,11.0,16.0,7.0,6.0,18.0,21.0,11.0,43.0,8.0,4.0,4.0,9.0,7.0,6.0,8.0,10.0,2.0,4.0,13.0
2019-09-11 16:00:00,8.0,4.0,11.0,9.0,4.0,11.0,3.0,8.0,7.0,3.0,12.0,14.0,10.0,11.0,17.0,20.0,25.0,10.0,17.0,3.0,29.0,7.0,8.0,23.0,40.0,15.0,17.0,10.0,13.0,6.0,11.0,40.0,10.0,39.0,16.0,17.0,20.0,8.0,9.0,18.0,21.0,18.0,61.0,10.0,5.0,6.0,11.0,74.25,62.28,89.34,88.46,91.4,91.18,65.65,84.32,88.05,81.15,74.11,93.81,92.82,96.28,2.2,0.7,0.5,0.2,1.5,0.8,0.5,0.1,0.2,0.1,0.3,0.1,1.61,1.22,1.5,1.46,1.19,1.36,0.15,0.03,0.14,0.3,0.3,0.2,0.3,0.2,0.1,0.2,0.2,0.2,0.2,5.0,7.0,2.0,2.0,2.0,2.0,1.0,1.0,8.0,2.0,10.0,2.0,4.0,3.0,2.0,1.0,4.0,1.0,4.0,15.0,2.0,1.0,1.0,1.0,15.0,30.0,12.0,13.0,7.0,10.0,5.0,9.0,28.0,7.0,23.0,12.0,12.0,16.0,5.0,7.0,12.0,20.0,12.0,38.0,7.0,3.0,5.0,10.0,2.0,2.0,7.0,8.0,3.0,8.0,21.0
2019-09-11 17:00:00,8.0,4.0,10.0,8.0,4.0,11.0,3.0,8.0,7.0,2.0,18.0,12.0,19.0,13.0,15.0,22.0,36.0,19.0,16.0,5.0,24.0,10.0,11.0,20.0,42.0,14.0,11.0,10.0,14.0,6.0,9.0,38.0,10.0,29.0,15.0,15.0,20.0,6.0,8.0,15.0,22.0,14.0,61.0,13.0,4.0,6.0,12.0,75.52,66.33,90.83,90.56,94.41,92.9,70.73,87.58,91.09,83.14,76.8,98.1,94.47,99.69,2.8,0.4,0.6,0.3,1.6,0.8,0.5,0.1,0.1,0.1,0.3,0.1,1.61,1.22,1.49,1.46,1.19,1.36,0.15,0.03,0.13,0.3,0.3,0.2,0.3,0.2,0.1,0.2,0.2,0.2,0.2,4.0,7.0,2.0,1.0,2.0,2.0,1.0,1.0,8.0,2.0,7.0,2.0,2.0,2.0,1.0,1.0,3.0,1.0,3.0,15.0,3.0,1.0,1.0,1.0,14.0,31.0,11.0,9.0,7.0,10.0,5.0,7.0,26.0,7.0,17.0,12.0,11.0,16.0,4.0,6.0,11.0,20.0,10.0,38.0,9.0,3.0,4.0,10.0,1.0,7.0,2.0,15.0,9.0,1.0,13.0
2019-09-11 18:00:00,8.0,4.0,10.0,8.0,4.0,11.0,3.0,8.0,7.0,2.0,18.0,12.0,15.0,19.0,17.0,14.0,33.0,10.0,12.0,4.0,25.0,9.0,11.0,21.0,47.0,15.0,18.0,10.0,14.0,6.0,10.0,48.0,14.0,30.0,17.0,17.0,21.0,6.0,8.0,14.0,24.0,17.0,63.0,14.0,5.0,7.0,12.0,72.32,64.05,91.47,90.94,95.3,92.79,65.03,86.55,90.67,81.61,76.05,99.2,93.82,98.83,3.2,0.4,0.6,0.3,1.4,0.7,0.5,0.1,0.1,0.1,0.3,0.1,1.61,1.22,1.49,1.46,1.18,1.36,0.15,0.04,0.13,0.3,0.3,0.2,0.3,0.2,0.1,0.2,0.2,0.2,0.2,4.0,8.0,2.0,4.0,2.0,2.0,1.0,1.0,10.0,3.0,6.0,2.0,3.0,3.0,1.0,1.0,2.0,1.0,3.0,15.0,3.0,1.0,1.0,1.0,15.0,35.0,12.0,12.0,8.0,11.0,5.0,9.0,33.0,9.0,20.0,14.0,12.0,17.0,4.0,7.0,11.0,23.0,12.0,40.0,10.0,3.0,6.0,11.0,5.0,4.0,6.0,13.0,3.0,1.0,10.0
2019-09-11 19:00:00,8.0,4.0,10.0,7.0,4.0,11.0,3.0,9.0,7.0,3.0,14.0,15.0,14.0,16.0,16.0,12.0,22.0,10.0,15.0,1.0,19.0,9.0,9.0,23.0,50.0,18.0,17.0,13.0,16.0,8.0,12.0,35.0,13.0,48.0,18.0,21.0,23.0,8.0,10.0,22.0,29.0,21.0,87.0,11.0,5.0,8.0,14.0,69.8,62.05,90.02,89.3,93.84,93.16,71.98,85.88,89.62,78.8,63.51,99.02,94.15,97.93,2.9,0.4,0.5,0.3,2.0,1.1,0.6,0.1,0.1,0.1,0.3,0.1,1.62,1.22,1.49,1.46,1.18,1.36,0.16,0.04,0.13,0.3,0.3,0.2,0.3,0.2,0.1,0.2,0.2,0.2,0.2,4.0,7.0,2.0,2.0,2.0,2.0,1.0,1.0,5.0,2.0,11.0,2.0,3.0,2.0,1.0,1.0,4.0,1.0,4.0,20.0,2.0,1.0,1.0,1.0,18.0,39.0,16.0,14.0,11.0,13.0,6.0,10.0,26.0,10.0,31.0,15.0,17.0,20.0,7.0,9.0,16.0,27.0,15.0,56.0,9.0,3.0,7.0,12.0,4.0,7.0,5.0,11.0,4.0,4.0,10.0
2019-09-11 20:00:00,8.0,4.0,11.0,7.0,4.0,12.0,3.0,9.0,7.0,3.0,14.0,11.0,11.0,14.0,17.0,14.0,18.0,10.0,25.0,1.0,18.0,9.0,12.0,25.0,50.0,17.0,21.0,16.0,22.0,10.0,14.0,51.0,20.0,54.0,24.0,26.0,25.0,8.0,15.0,21.0,34.0,21.0,85.0,16.0,5.0,8.0,14.0,62.86,58.2,85.49,81.24,90.67,89.84,64.86,77.78,81.86,73.25,61.69,98.35,93.99,96.66,2.7,0.5,0.6,0.3,2.3,0.8,0.7,0.1,0.2,0.1,0.4,0.1,1.61,1.22,1.49,1.47,1.18,1.36,0.15,0.04,0.13,0.3,0.3,0.2,0.3,0.2,0.1,0.2,0.2,0.2,0.2,4.0,4.0,1.0,1.0,1.0,2.0,1.0,1.0,9.0,2.0,12.0,2.0,2.0,2.0,1.0,1.0,2.0,2.0,2.0,18.0,3.0,1.0,1.0,1.0,19.0,44.0,15.0,18.0,14.0,20.0,9.0,12.0,37.0,17.0,36.0,22.0,22.0,23.0,7.0,14.0,18.0,31.0,17.0,58.0,12.0,4.0,7.0,13.0,6.0,5.0,7.0,12.0,5.0,18.0,9.0
2019-09-11 21:00:00,9.0,4.0,12.0,7.0,4.0,11.0,3.0,8.0,7.0,3.0,12.0,9.0,7.0,15.0,14.0,14.0,17.0,8.0,21.0,1.0,16.0,12.0,11.0,27.0,54.0,24.0,19.0,17.0,25.0,13.0,13.0,44.0,21.0,50.0,25.0,27.0,29.0,12.0,15.0,19.0,28.0,29.0,65.0,17.0,6.0,9.0,15.0,59.17,58.97,81.75,77.54,86.79,88.45,59.14,74.11,82.41,74.58,63.51,94.52,92.38,93.95,2.7,0.5,0.9,0.4,2.0,0.9,0.7,0.1,0.2,0.2,0.4,0.1,1.61,1.23,1.5,1.47,1.19,1.37,0.14,0.04,0.14,0.3,0.3,0.2,0.3,0.2,0.1,0.2,0.2,0.2,0.3,3.0,5.0,1.0,1.0,1.0,2.0,1.0,1.0,5.0,2.0,10.0,1.0,1.0,1.0,1.0,1.0,1.0,1.0,2.0,10.0,2.0,1.0,1.0,1.0,23.0,47.0,23.0,17.0,15.0,23.0,11.0,11.0,37.0,18.0,35.0,23.0,25.0,28.0,11.0,13.0,18.0,26.0,26.0,50.0,14.0,5.0,8.0,13.0,4.0,1.0,4.0,12.0,4.0,14.0,9.0
2019-09-11 22:00:00,8.0,4.0,12.0,7.0,4.0,11.0,3.0,9.0,7.0,3.0,11.0,8.0,5.0,12.0,12.0,16.0,20.0,10.0,18.0,5.0,16.0,12.0,13.0,33.0,52.0,21.0,19.0,18.0,24.0,16.0,19.0,38.0,17.0,41.0,20.0,30.0,28.0,18.0,18.0,18.0,27.0,26.0,58.0,11.0,8.0,14.0,15.0,57.22,56.12,76.43,74.66,81.58,83.33,58.71,77.27,72.77,70.75,61.21,88.99,86.51,91.0,2.8,0.5,0.8,0.6,1.9,0.9,0.8,0.1,0.2,0.2,0.4,0.1,1.62,1.23,1.5,1.48,1.2,1.37,0.15,0.03,0.13,0.3,0.4,0.2,0.3,0.2,0.2,0.2,0.2,0.2,0.2,3.0,4.0,1.0,1.0,1.0,1.0,1.0,1.0,2.0,1.0,6.0,1.0,2.0,1.0,1.0,1.0,1.0,1.0,2.0,8.0,1.0,1.0,1.0,1.0,28.0,45.0,19.0,17.0,17.0,23.0,14.0,17.0,35.0,15.0,32.0,18.0,27.0,26.0,17.0,16.0,16.0,25.0,23.0,46.0,9.0,7.0,13.0,14.0,3.0,1.0,4.0,15.0,5.0,12.0,9.0
2019-09-11 23:00:00,9.0,4.0,12.0,7.0,4.0,11.0,3.0,9.0,8.0,4.0,14.0,8.0,9.0,13.0,16.0,14.0,20.0,8.0,15.0,23.0,17.0,8.0,11.0,38.0,47.0,22.0,28.0,23.0,27.0,15.0,20.0,42.0,19.0,33.0,14.0,23.0,30.0,21.0,20.0,23.0,27.0,34.0,56.0,9.0,11.0,15.0,14.0,53.29,46.97,70.06,67.93,78.98,75.93,53.37,79.67,62.32,65.3,56.95,82.08,79.97,90.79,2.5,0.3,1.2,0.5,1.9,0.9,0.7,0.1,0.3,0.2,0.4,0.1,1.63,1.24,1.51,1.48,1.19,1.37,0.14,0.04,0.14,0.4,0.4,0.2,0.4,0.2,0.1,0.2,0.2,0.2,0.2,5.0,2.0,1.0,1.0,1.0,1.0,1.0,1.0,3.0,1.0,3.0,1.0,1.0,1.0,1.0,1.0,1.0,1.0,2.0,6.0,1.0,1.0,1.0,1.0,31.0,44.0,20.0,27.0,22.0,26.0,14.0,18.0,37.0,17.0,29.0,13.0,21.0,28.0,19.0,19.0,21.0,26.0,31.0,47.0,8.0,9.0,14.0,13.0,5.0,5.0,9.0,14.0,5.0,9.0,11.0
2019-09-12 00:00:00,9.0,4.0,13.0,5.0,4.0,12.0,3.0,9.0,8.0,4.0,15.0,8.0,7.0,14.0,10.0,21.0,16.0,11.0,11.0,9.0,16.0,11.0,16.0,23.0,28.0,13.0,15.0,20.0,18.0,11.0,11.0,54.0,13.0,27.0,13.0,20.0,20.0,10.0,14.0,12.0,28.0,13.0,42.0,7.0,7.0,17.0,13.0,66.47,51.93,71.78,74.78,80.86,80.19,53.32,77.66,73.53,62.6,62.55,80.46,76.6,88.86,2.2,0.3,1.0,0.5,1.9,0.9,0.6,0.1,0.2,0.2,0.4,0.1,1.6,1.24,1.5,1.48,1.2,1.37,0.12,0.04,0.13,0.3,0.3,0.2,0.3,0.2,0.1,0.2,0.2,0.2,0.2,3.0,1.0,1.0,1.0,1.0,1.0,1.0,1.0,12.0,1.0,5.0,1.0,2.0,1.0,1.0,1.0,1.0,1.0,1.0,3.0,1.0,1.0,1.0,1.0,18.0,27.0,12.0,14.0,18.0,16.0,9.0,10.0,35.0,11.0,19.0,11.0,17.0,18.0,8.0,12.0,10.0,27.0,11.0,37.0,6.0,6.0,16.0,11.0,8.0,2.0,4.0,10.0,9.0,4.0,10.0
2019-09-12 01:00:00,9.0,4.0,13.0,5.0,4.0,11.0,3.0,9.0,8.0,4.0,9.0,9.0,8.0,13.0,17.0,12.0,15.0,10.0,3.0,1.0,12.0,7.0,9.0,17.0,27.0,11.0,10.0,9.0,15.0,8.0,9.0,25.0,8.0,17.0,11.0,15.0,12.0,7.0,10.0,10.0,18.0,10.0,23.0,7.0,6.0,24.0,12.0,66.35,57.81,80.01,77.49,82.57,82.59,62.98,78.96,77.94,71.62,75.7,80.25,72.05,88.98,1.5,0.2,0.8,0.9,1.6,1.6,0.4,0.1,0.1,0.1,0.4,0.1,1.57,1.23,1.5,1.47,1.19,1.38,0.1,0.04,0.12,0.3,0.2,0.2,0.3,0.2,0.1,0.2,0.2,0.2,0.2,2.0,1.0,1.0,1.0,1.0,1.0,1.0,1.0,2.0,1.0,3.0,1.0,3.0,1.0,1.0,1.0,1.0,1.0,1.0,1.0,1.0,1.0,1.0,1.0,15.0,25.0,10.0,9.0,8.0,13.0,6.0,8.0,22.0,6.0,13.0,9.0,11.0,11.0,5.0,9.0,9.0,16.0,8.0,21.0,5.0,4.0,23.0,10.0,3.0,3.0,10.0,10.0,8.0,1.0,7.0
2019-09-12 02:00:00,9.0,4.0,13.0,5.0,4.0,11.0,3.0,9.0,8.0,4.0,7.0,6.0,7.0,11.0,8.0,10.0,15.0,8.0,6.0,1.0,13.0,8.0,7.0,15.0,20.0,10.0,10.0,7.0,14.0,8.0,6.0,23.0,5.0,10.0,10.0,9.0,9.0,7.0,11.0,10.0,14.0,6.0,20.0,6.0,6.0,6.0,11.0,70.8,55.5,81.06,76.45,78.11,81.01,58.9,77.07,75.09,71.83,77.19,76.53,81.37,88.35,1.2,1.0,3.0,0.6,1.3,1.8,0.3,0.1,0.1,0.1,0.3,0.1,1.56,1.23,1.49,1.47,1.19,1.38,0.09,0.04,0.11,0.3,0.2,0.2,0.3,0.2,0.1,0.1,0.2,0.1,0.2,1.0,1.0,1.0,1.0,1.0,1.0,1.0,1.0,2.0,1.0,1.0,1.0,1.0,1.0,1.0,1.0,1.0,1.0,1.0,2.0,1.0,1.0,1.0,1.0,13.0,18.0,9.0,8.0,5.0,13.0,7.0,4.0,21.0,4.0,8.0,8.0,7.0,8.0,5.0,10.0,8.0,13.0,4.0,17.0,5.0,5.0,5.0,10.0,3.0,2.0,4.0,11.0,5.0,2.0,9.0
2019-09-12 03:00:00,9.0,4.0,13.0,5.0,4.0,11.0,3.0,9.0,7.0,4.0,7.0,7.0,9.0,10.0,8.0,7.0,12.0,7.0,11.0,1.0,12.0,9.0,7.0,11.0,12.0,6.0,8.0,6.0,7.0,5.0,6.0,12.0,6.0,9.0,8.0,7.0,8.0,3.0,6.0,8.0,20.0,3.0,21.0,6.0,5.0,7.0,11.0,76.51,55.83,80.43,80.6,79.07,78.24,69.3,75.44,78.38,65.7,75.49,78.47,78.93,86.71,1.0,0.2,0.6,1.3,1.3,1.2,0.2,0.1,0.1,0.1,0.2,0.1,1.56,1.23,1.5,1.47,1.19,1.38,0.08,0.04,0.12,0.3,0.2,0.1,0.3,0.2,0.1,0.1,0.2,0.1,0.2,1.0,1.0,1.0,1.0,1.0,1.0,1.0,1.0,1.0,1.0,2.0,1.0,1.0,1.0,1.0,1.0,1.0,1.0,1.0,3.0,1.0,1.0,1.0,1.0,9.0,10.0,5.0,6.0,5.0,6.0,4.0,4.0,11.0,4.0,6.0,7.0,6.0,7.0,1.0,4.0,7.0,18.0,2.0,16.0,5.0,3.0,5.0,9.0,4.0,5.0,4.0,8.0,4.0,7.0,8.0
2019-09-12 04:00:00,9.0,4.0,15.0,4.0,4.0,11.0,3.0,9.0,7.0,5.0,5.0,5.0,9.0,8.0,6.0,8.0,13.0,8.0,3.0,3.0,11.0,9.0,7.0,8.0,13.0,6.0,6.0,10.0,8.0,5.0,7.0,15.0,5.0,7.0,7.0,7.0,9.0,3.0,4.0,5.0,23.0,4.0,10.0,6.0,4.0,5.0,10.0,73.46,57.42,76.22,77.15,80.03,76.07,69.23,76.16,77.9,62.04,79.39,77.37,78.94,86.15,0.8,0.2,0.4,0.8,1.1,2.4,0.2,0.1,0.1,0.1,0.2,0.1,1.57,1.23,1.5,1.48,1.19,1.38,0.09,0.04,0.12,0.2,0.2,0.1,0.3,0.2,0.1,0.1,0.2,0.1,0.2,1.0,1.0,1.0,1.0,1.0,1.0,1.0,1.0,2.0,1.0,1.0,1.0,1.0,1.0,1.0,1.0,1.0,1.0,1.0,1.0,1.0,1.0,1.0,1.0,7.0,11.0,5.0,5.0,8.0,7.0,3.0,5.0,11.0,3.0,5.0,5.0,5.0,7.0,1.0,3.0,4.0,21.0,3.0,9.0,4.0,3.0,4.0,9.0,2.0,5.0,2.0,10.0,4.0,1.0,7.0
2019-09-12 05:00:00,9.0,4.0,14.0,4.0,4.0,11.0,3.0,9.0,7.0,5.0,8.0,5.0,8.0,9.0,6.0,5.0,14.0,10.0,1.0,1.0,10.0,9.0,6.0,8.0,11.0,5.0,6.0,6.0,6.0,5.0,16.0,20.0,5.0,5.0,6.0,7.0,7.0,3.0,4.0,6.0,11.0,10.0,11.0,6.0,5.0,6.0,10.0,75.58,56.84,77.0,78.79,80.77,67.24,59.59,77.49,78.2,70.36,78.46,78.58,81.12,85.75,0.9,0.2,0.7,0.8,1.1,1.0,0.2,0.1,0.1,0.1,0.2,0.1,1.55,1.23,1.51,1.47,1.19,1.39,0.08,0.04,0.12,0.2,0.2,0.2,0.3,0.2,0.1,0.1,0.2,0.1,0.2,1.0,1.0,1.0,1.0,1.0,1.0,1.0,1.0,3.0,1.0,1.0,1.0,1.0,1.0,1.0,1.0,1.0,1.0,1.0,1.0,1.0,1.0,1.0,1.0,6.0,9.0,4.0,5.0,5.0,5.0,3.0,14.0,16.0,4.0,4.0,5.0,6.0,6.0,1.0,3.0,5.0,10.0,9.0,10.0,5.0,3.0,5.0,9.0,4.0,4.0,1.0,11.0,6.0,1.0,7.0
2019-09-12 06:00:00,9.0,4.0,14.0,4.0,4.0,11.0,3.0,9.0,7.0,5.0,15.0,5.0,10.0,11.0,9.0,4.0,9.0,6.0,11.0,1.0,9.0,8.0,5.0,8.0,14.0,6.0,9.0,11.0,7.0,5.0,25.0,15.0,7.0,9.0,8.0,10.0,9.0,3.0,5.0,8.0,9.0,22.0,16.0,7.0,5.0,13.0,12.0,71.61,55.09,71.7,77.6,79.85,60.17,64.86,74.15,77.07,71.5,76.16,78.54,72.94,84.29,0.9,0.4,0.4,0.4,0.8,0.6,0.2,0.1,0.1,0.1,0.1,0.1,1.55,1.24,1.54,1.47,1.19,1.41,0.08,0.04,0.13,0.2,0.2,0.2,0.3,0.2,0.1,0.2,0.2,0.1,0.2,1.0,1.0,1.0,1.0,1.0,1.0,1.0,1.0,2.0,1.0,2.0,1.0,1.0,1.0,1.0,1.0,1.0,1.0,1.0,2.0,1.0,1.0,1.0,1.0,6.0,13.0,4.0,8.0,10.0,5.0,3.0,23.0,12.0,6.0,6.0,7.0,9.0,7.0,1.0,4.0,6.0,8.0,21.0,13.0,5.0,3.0,12.0,10.0,10.0,5.0,4.0,6.0,4.0,7.0,5.0
2019-09-12 07:00:00,9.0,4.0,14.0,5.0,4.0,11.0,4.0,9.0,8.0,4.0,15.0,4.0,10.0,13.0,6.0,7.0,4.0,5.0,10.0,1.0,10.0,11.0,7.0,14.0,22.0,12.0,19.0,17.0,13.0,8.0,35.0,18.0,14.0,14.0,13.0,17.0,21.0,6.0,11.0,14.0,16.0,28.0,46.0,10.0,10.0,18.0,13.0,66.15,50.37,66.73,73.8,78.42,54.02,62.99,71.86,71.21,66.9,59.24,75.49,69.6,82.94,1.0,0.2,0.5,0.3,0.7,0.7,0.2,0.1,0.1,0.1,0.2,0.1,1.55,1.24,1.51,1.47,1.2,1.39,0.08,0.04,0.12,0.2,0.2,0.2,0.3,0.2,0.1,0.2,0.2,0.2,0.2,1.0,1.0,1.0,1.0,1.0,1.0,1.0,2.0,2.0,1.0,2.0,1.0,1.0,1.0,1.0,1.0,1.0,1.0,2.0,7.0,1.0,1.0,1.0,1.0,12.0,20.0,11.0,17.0,15.0,12.0,7.0,33.0,15.0,12.0,11.0,12.0,16.0,20.0,5.0,10.0,13.0,15.0,25.0,35.0,8.0,8.0,16.0,12.0,11.0,6.0,2.0,2.0,2.0,6.0,6.0
2019-09-12 08:00:00,9.0,4.0,13.0,5.0,4.0,12.0,4.0,9.0,8.0,5.0,1.0,5.0,5.0,8.0,16.0,9.0,10.0,3.0,15.0,1.0,10.0,10.0,10.0,34.0,66.0,29.0,26.0,25.0,31.0,19.0,54.0,49.0,26.0,44.0,33.0,31.0,39.0,20.0,26.0,27.0,36.0,61.0,81.0,29.0,22.0,29.0,21.0,39.19,45.55,62.47,60.08,70.33,45.78,49.13,53.49,56.92,51.47,44.14,66.59,59.22,69.54,1.0,0.2,0.6,0.3,0.8,0.9,0.3,0.1,0.1,0.1,0.2,0.1,1.58,1.24,1.51,1.49,1.21,1.39,0.09,0.03,0.13,0.3,0.3,0.2,0.4,0.2,0.1,0.2,0.2,0.2,0.2,3.0,8.0,1.0,1.0,1.0,1.0,1.0,5.0,7.0,2.0,8.0,1.0,2.0,2.0,1.0,1.0,1.0,1.0,7.0,15.0,1.0,2.0,1.0,1.0,29.0,54.0,27.0,25.0,23.0,29.0,17.0,47.0,39.0,23.0,33.0,32.0,28.0,36.0,19.0,25.0,25.0,34.0,50.0,58.0,27.0,19.0,27.0,19.0,1.0,2.0,5.0,6.0,1.0,10.0,7.0
2019-09-12 09:00:00,9.0,4.0,14.0,5.0,5.0,12.0,4.0,10.0,8.0,6.0,13.0,8.0,10.0,11.0,53.0,12.0,24.0,8.0,20.0,1.0,15.0,12.0,16.0,45.0,95.0,40.0,49.0,29.0,39.0,28.0,76.0,54.0,27.0,116.0,55.0,36.0,65.0,30.0,36.0,56.0,43.0,66.0,113.0,44.0,23.0,41.0,33.0,28.98,34.13,61.52,54.25,64.12,37.05,44.0,38.51,49.26,49.13,31.63,57.48,51.35,56.38,2.1,0.9,1.0,0.5,1.8,1.0,0.7,0.1,0.3,0.2,0.4,0.2,1.61,1.25,1.52,1.49,1.21,1.39,0.12,0.04,0.13,0.3,0.4,0.3,0.4,0.2,0.1,0.2,0.3,0.3,0.3,6.0,16.0,2.0,2.0,2.0,2.0,1.0,10.0,7.0,3.0,31.0,4.0,3.0,6.0,1.0,1.0,6.0,2.0,10.0,24.0,4.0,2.0,3.0,5.0,36.0,70.0,37.0,46.0,26.0,35.0,26.0,61.0,43.0,23.0,68.0,50.0,31.0,56.0,28.0,34.0,47.0,40.0,50.0,77.0,38.0,20.0,37.0,26.0,5.0,6.0,11.0,20.0,2.0,10.0,9.0
2019-09-12 10:00:00,9.0,4.0,14.0,5.0,5.0,12.0,4.0,10.0,8.0,6.0,26.0,9.0,12.0,15.0,20.0,21.0,25.0,12.0,18.0,1.0,17.0,21.0,18.0,40.0,85.0,35.0,38.0,31.0,32.0,25.0,59.0,55.0,27.0,113.0,35.0,31.0,52.0,25.0,25.0,41.0,32.0,51.0,98.0,31.0,9.0,33.0,23.0,41.12,36.72,63.72,64.97,71.45,51.95,48.91,62.79,63.16,61.59,45.43,86.46,63.66,72.67,3.1,0.9,1.2,1.0,3.6,0.9,0.9,0.1,0.2,0.2,0.7,0.2,1.61,1.24,1.52,1.47,1.21,1.4,0.13,0.03,0.12,0.3,0.4,0.2,0.4,0.2,0.1,0.2,0.3,0.3,0.3,6.0,17.0,3.0,3.0,3.0,4.0,3.0,10.0,10.0,3.0,32.0,3.0,4.0,6.0,2.0,1.0,6.0,2.0,9.0,22.0,3.0,1.0,4.0,3.0,31.0,60.0,30.0,34.0,26.0,27.0,21.0,45.0,40.0,22.0,64.0,30.0,25.0,42.0,22.0,24.0,32.0,29.0,37.0,64.0,26.0,7.0,27.0,18.0,10.0,4.0,8.0,19.0,3.0,3.0,10.0
2019-09-12 11:00:00,9.0,4.0,14.0,5.0,4.0,12.0,4.0,10.0,8.0,6.0,22.0,14.0,16.0,15.0,26.0,26.0,27.0,15.0,15.0,3.0,23.0,20.0,17.0,30.0,57.0,20.0,17.0,21.0,21.0,13.0,23.0,53.0,16.0,65.0,22.0,21.0,30.0,11.0,17.0,21.0,20.0,20.0,74.0,15.0,5.0,11.0,15.0,60.14,54.54,73.93,77.11,83.3,78.15,55.37,76.05,75.11,75.07,61.12,92.08,82.95,89.4,3.7,0.8,1.1,0.9,2.9,1.0,0.7,0.1,0.2,0.2,0.6,0.1,1.59,1.23,1.51,1.47,1.21,1.4,0.12,0.02,0.11,0.3,0.3,0.2,0.3,0.2,0.3,0.2,0.2,0.2,0.2,5.0,10.0,2.0,1.0,3.0,3.0,2.0,3.0,11.0,3.0,17.0,3.0,3.0,4.0,1.0,1.0,4.0,1.0,4.0,18.0,2.0,1.0,2.0,2.0,22.0,42.0,16.0,15.0,16.0,16.0,11.0,18.0,36.0,11.0,39.0,18.0,16.0,24.0,9.0,15.0,15.0,18.0,14.0,47.0,11.0,4.0,9.0,13.0,5.0,6.0,9.0,18.0,5.0,2.0,14.0
2019-09-12 12:00:00,9.0,4.0,14.0,8.0,4.0,11.0,4.0,9.0,8.0,6.0,18.0,14.0,15.0,20.0,26.0,20.0,30.0,13.0,17.0,1.0,22.0,15.0,12.0,31.0,53.0,16.0,20.0,14.0,18.0,9.0,12.0,45.0,14.0,41.0,17.0,16.0,24.0,8.0,13.0,16.0,19.0,14.0,69.0,10.0,5.0,9.0,12.0,65.25,58.71,84.41,82.14,88.0,85.22,62.48,82.06,81.58,78.99,68.02,92.95,88.04,95.64,2.5,0.6,0.8,0.5,2.2,0.7,0.5,0.1,0.1,0.1,0.4,0.1,1.59,1.23,1.5,1.47,1.21,1.39,0.12,0.02,0.11,0.3,0.3,0.2,0.3,0.2,0.1,0.2,0.2,0.2,0.2,7.0,9.0,2.0,2.0,2.0,3.0,1.0,1.0,9.0,3.0,10.0,2.0,3.0,3.0,1.0,1.0,3.0,1.0,3.0,17.0,1.0,1.0,1.0,1.0,19.0,39.0,13.0,16.0,10.0,14.0,7.0,10.0,31.0,10.0,25.0,14.0,12.0,19.0,6.0,11.0,11.0,17.0,10.0,43.0,7.0,4.0,6.0,11.0,3.0,6.0,11.0,20.0,5.0,4.0,13.0
2019-09-12 13:00:00,9.0,4.0,7.0,10.0,4.0,11.0,4.0,9.0,8.0,5.0,18.0,11.0,11.0,18.0,20.0,14.0,34.0,15.0,20.0,1.0,21.0,13.0,12.0,43.0,72.0,18.0,12.0,15.0,16.0,6.0,12.0,50.0,12.0,32.0,16.0,22.0,23.0,10.0,12.0,15.0,22.0,17.0,68.0,12.0,5.0,8.0,13.0,60.11,61.02,85.77,86.86,84.26,88.55,64.81,84.1,84.97,82.18,72.98,95.04,91.18,95.77,2.4,0.5,0.7,0.5,2.7,0.6,0.6,0.1,0.1,0.1,0.3,0.1,1.59,1.22,1.49,1.47,1.2,1.39,0.12,0.02,0.1,0.3,0.3,0.2,0.3,0.2,0.1,0.1,0.2,0.2,0.2,12.0,15.0,2.0,1.0,2.0,2.0,1.0,1.0,12.0,2.0,8.0,2.0,4.0,3.0,2.0,1.0,3.0,1.0,3.0,17.0,2.0,1.0,1.0,1.0,25.0,49.0,14.0,11.0,11.0,12.0,4.0,10.0,32.0,9.0,20.0,13.0,16.0,18.0,8.0,10.0,11.0,20.0,12.0,42.0,8.0,4.0,6.0,11.0,4.0,2.0,7.0,19.0,7.0,7.0,12.0
2019-09-12 14:00:00,7.0,4.0,6.0,10.0,5.0,11.0,4.0,9.0,8.0,4.0,24.0,10.0,12.0,13.0,18.0,18.0,28.0,14.0,17.0,2.0,20.0,10.0,10.0,46.0,53.0,16.0,11.0,12.0,13.0,8.0,7.0,57.0,16.0,35.0,15.0,27.0,17.0,9.0,8.0,14.0,19.0,17.0,60.0,13.0,6.0,4.0,12.0,73.66,64.99,89.36,92.88,96.28,94.63,62.4,90.59,91.85,84.54,78.21,99.05,97.15,102.8,3.8,0.5,0.6,0.6,2.4,1.9,0.7,0.1,0.1,0.1,0.3,0.1,1.66,1.22,1.49,1.46,1.2,1.39,0.2,0.02,0.1,0.3,0.4,0.2,0.3,0.2,0.1,0.2,0.2,0.2,0.2,10.0,9.0,2.0,1.0,2.0,2.0,1.0,1.0,12.0,4.0,9.0,2.0,7.0,2.0,2.0,1.0,2.0,1.0,3.0,14.0,2.0,1.0,1.0,1.0,31.0,39.0,13.0,10.0,9.0,10.0,6.0,6.0,38.0,10.0,21.0,12.0,17.0,14.0,7.0,7.0,10.0,17.0,12.0,39.0,9.0,5.0,3.0,11.0,9.0,4.0,7.0,16.0,7.0,9.0,10.0
2019-09-12 15:00:00,7.0,4.0,5.0,11.0,4.0,11.0,4.0,9.0,8.0,4.0,13.0,16.0,14.0,17.0,18.0,15.0,31.0,9.0,25.0,1.0,17.0,9.0,8.0,47.0,38.0,21.0,12.0,12.0,13.0,9.0,8.0,43.0,12.0,38.0,15.0,26.0,18.0,18.0,7.0,12.0,18.0,21.0,83.0,13.0,6.0,5.0,13.0,80.15,64.84,87.45,91.74,96.81,93.22,70.11,91.93,92.96,83.82,69.15,102.9,95.91,106.4,9.3,0.4,0.6,0.5,1.7,1.8,1.3,0.1,0.1,0.1,0.3,0.1,1.63,1.23,1.5,1.46,1.21,1.4,0.17,0.02,0.1,0.4,0.3,0.2,0.3,0.2,0.1,0.1,0.2,0.2,0.2,9.0,6.0,3.0,1.0,2.0,2.0,1.0,1.0,8.0,3.0,9.0,2.0,6.0,2.0,4.0,1.0,2.0,1.0,4.0,21.0,3.0,1.0,1.0,1.0,33.0,29.0,16.0,11.0,9.0,11.0,7.0,7.0,32.0,8.0,24.0,12.0,17.0,15.0,13.0,5.0,10.0,16.0,16.0,51.0,9.0,4.0,3.0,11.0,4.0,8.0,10.0,24.0,3.0,19.0,11.0
2019-09-12 16:00:00,7.0,4.0,5.0,10.0,4.0,11.0,4.0,8.0,7.0,4.0,13.0,13.0,12.0,13.0,20.0,13.0,34.0,12.0,25.0,1.0,23.0,9.0,9.0,35.0,38.0,27.0,23.0,10.0,14.0,8.0,11.0,40.0,10.0,24.0,13.0,16.0,19.0,9.0,7.0,15.0,16.0,19.0,63.0,19.0,6.0,5.0,13.0,76.2,56.28,88.29,89.37,94.0,92.66,70.18,93.06,90.62,85.65,72.81,102.6,95.84,106.0,4.0,0.6,0.6,0.4,1.4,1.2,0.8,0.2,0.2,0.1,0.3,0.1,1.66,1.22,1.48,1.46,1.2,1.39,0.2,0.02,0.09,0.3,0.3,0.2,0.3,0.2,0.1,0.1,0.2,0.2,0.2,6.0,5.0,5.0,4.0,2.0,2.0,1.0,1.0,7.0,2.0,5.0,2.0,2.0,2.0,1.0,1.0,3.0,1.0,3.0,14.0,5.0,1.0,1.0,1.0,26.0,30.0,20.0,17.0,7.0,11.0,6.0,9.0,30.0,6.0,16.0,10.0,13.0,16.0,8.0,5.0,11.0,15.0,14.0,42.0,11.0,4.0,3.0,12.0,4.0,5.0,11.0,29.0,6.0,19.0,17.0
2019-09-12 17:00:00,7.0,4.0,5.0,10.0,4.0,11.0,3.0,8.0,7.0,4.0,13.0,15.0,11.0,14.0,15.0,17.0,30.0,18.0,20.0,5.0,23.0,9.0,9.0,44.0,40.0,29.0,14.0,14.0,19.0,9.0,9.0,40.0,24.0,26.0,18.0,23.0,21.0,24.0,10.0,10.0,24.0,22.0,76.0,20.0,6.0,6.0,15.0,73.77,60.94,83.61,83.56,91.6,90.25,67.18,86.83,86.41,78.68,63.44,101.4,92.48,101.9,6.4,0.6,1.0,0.4,1.3,0.8,1.0,0.1,0.1,0.1,0.3,0.2,1.64,1.22,1.5,1.46,1.2,1.39,0.18,0.02,0.11,0.3,0.3,0.2,0.3,0.2,0.1,0.2,0.2,0.2,0.2,7.0,6.0,5.0,1.0,2.0,2.0,1.0,1.0,6.0,5.0,4.0,2.0,3.0,1.0,3.0,1.0,1.0,1.0,3.0,17.0,3.0,1.0,1.0,1.0,34.0,31.0,22.0,13.0,11.0,16.0,8.0,8.0,31.0,17.0,20.0,15.0,18.0,19.0,20.0,8.0,9.0,23.0,17.0,51.0,15.0,4.0,5.0,13.0,4.0,5.0,7.0,22.0,11.0,14.0,16.0
2019-09-12 18:00:00,7.0,4.0,6.0,10.0,5.0,11.0,3.0,8.0,7.0,4.0,12.0,12.0,10.0,17.0,18.0,17.0,27.0,14.0,16.0,4.0,19.0,11.0,12.0,53.0,42.0,39.0,15.0,16.0,23.0,12.0,18.0,44.0,32.0,27.0,21.0,28.0,21.0,33.0,13.0,14.0,23.0,22.0,96.0,18.0,13.0,8.0,18.0,73.54,59.56,82.98,81.17,87.28,83.23,65.03,79.73,82.37,81.11,60.23,90.3,89.99,93.92,4.6,1.0,1.0,0.7,2.1,1.4,0.7,0.2,0.2,0.1,0.3,0.2,1.61,1.25,1.5,1.45,1.22,1.4,0.16,0.03,0.1,0.3,0.3,0.2,0.3,0.2,0.1,0.2,0.2,0.2,0.2,9.0,7.0,7.0,1.0,2.0,3.0,1.0,1.0,7.0,6.0,5.0,2.0,4.0,1.0,4.0,1.0,1.0,1.0,3.0,27.0,1.0,1.0,1.0,1.0,40.0,32.0,29.0,14.0,13.0,19.0,10.0,16.0,33.0,24.0,20.0,18.0,22.0,19.0,27.0,11.0,12.0,22.0,18.0,55.0,16.0,11.0,6.0,16.0,2.0,5.0,9.0,19.0,6.0,10.0,11.0
2019-09-12 19:00:00,7.0,4.0,5.0,10.0,5.0,15.0,4.0,8.0,7.0,5.0,15.0,10.0,15.0,21.0,13.0,11.0,24.0,76.0,16.0,80.0,46.0,8.0,9.0,47.0,48.0,26.0,16.0,15.0,20.0,12.0,16.0,37.0,23.0,31.0,22.0,26.0,24.0,41.0,13.0,15.0,28.0,29.0,84.0,21.0,13.0,10.0,18.0,71.43,61.22,86.57,87.06,89.92,87.36,71.53,79.2,84.7,81.42,68.8,90.24,89.85,92.77,3.5,0.7,0.7,0.7,1.7,1.2,0.7,0.1,0.2,0.1,0.3,0.1,1.61,1.23,1.5,1.45,1.2,1.39,0.16,0.03,0.11,0.3,0.3,0.2,0.3,0.2,0.1,0.2,0.2,0.2,0.2,7.0,7.0,3.0,1.0,2.0,2.0,1.0,1.0,5.0,3.0,4.0,2.0,3.0,1.0,5.0,1.0,1.0,1.0,4.0,22.0,2.0,1.0,1.0,1.0,37.0,37.0,21.0,14.0,12.0,17.0,11.0,15.0,29.0,18.0,24.0,20.0,22.0,23.0,33.0,11.0,13.0,26.0,24.0,50.0,18.0,11.0,9.0,16.0,4.0,8.0,5.0,17.0,9.0,8.0,18.0
2019-09-12 20:00:00,7.0,4.0,5.0,9.0,4.0,11.0,4.0,8.0,7.0,5.0,18.0,9.0,14.0,20.0,13.0,11.0,25.0,65.0,17.0,65.0,16.0,8.0,8.0,60.0,62.0,32.0,19.0,26.0,26.0,15.0,22.0,37.0,32.0,44.0,23.0,40.0,25.0,40.0,17.0,22.0,32.0,35.0,114.0,27.0,11.0,11.0,20.0,60.04,60.54,78.53,81.03,87.75,84.5,70.31,80.69,76.1,78.47,51.25,93.73,91.62,93.34,4.0,0.6,0.8,0.8,1.8,1.0,0.8,0.1,0.2,0.2,0.3,0.1,1.62,1.24,1.52,1.46,1.21,1.39,0.16,0.03,0.13,0.4,0.4,0.2,0.3,0.2,0.1,0.2,0.2,0.2,0.2,7.0,7.0,4.0,1.0,2.0,2.0,1.0,1.0,4.0,3.0,6.0,1.0,5.0,1.0,3.0,1.0,1.0,1.0,3.0,27.0,2.0,1.0,1.0,1.0,49.0,51.0,27.0,17.0,23.0,23.0,14.0,20.0,31.0,27.0,34.0,21.0,32.0,24.0,35.0,16.0,20.0,30.0,30.0,72.0,24.0,10.0,10.0,18.0,3.0,6.0,4.0,19.0,9.0,11.0,9.0
2019-09-12 21:00:00,8.0,4.0,6.0,9.0,4.0,11.0,4.0,9.0,7.0,5.0,28.0,12.0,12.0,15.0,18.0,15.0,15.0,15.0,12.0,76.0,14.0,10.0,12.0,102.0,104.0,80.0,36.0,43.0,44.0,22.0,40.0,68.0,52.0,72.0,61.0,59.0,50.0,38.0,21.0,49.0,77.0,71.0,206.0,58.0,27.0,19.0,25.0,32.46,48.2,59.94,62.85,79.7,67.8,48.7,42.37,56.76,45.01,23.97,69.27,78.5,80.87,4.7,1.0,1.4,0.8,1.9,1.1,1.0,0.2,0.3,0.2,0.4,0.2,1.66,1.27,1.55,1.47,1.23,1.42,0.19,0.03,0.13,0.5,0.6,0.2,0.4,0.2,0.2,0.2,0.4,0.4,0.3,18.0,16.0,6.0,1.0,2.0,2.0,1.0,1.0,7.0,7.0,12.0,2.0,4.0,1.0,1.0,1.0,1.0,7.0,5.0,63.0,7.0,1.0,1.0,1.0,75.0,80.0,71.0,35.0,41.0,41.0,20.0,39.0,58.0,41.0,55.0,59.0,53.0,48.0,37.0,19.0,47.0,65.0,64.0,110.0,48.0,25.0,18.0,23.0,6.0,5.0,8.0,10.0,6.0,3.0,7.0
2019-09-12 22:00:00,8.0,4.0,7.0,9.0,5.0,11.0,4.0,10.0,7.0,6.0,44.0,15.0,12.0,23.0,70.0,34.0,15.0,14.0,16.0,77.0,31.0,17.0,19.0,96.0,139.0,159.0,77.0,94.0,97.0,44.0,52.0,97.0,171.0,143.0,196.0,88.0,89.0,76.0,36.0,111.0,163.0,102.0,435.0,94.0,37.0,51.0,41.0,10.35,20.73,21.13,22.11,55.5,56.0,28.04,3.6,36.67,7.13,5.72,45.7,44.13,42.95,6.4,2.2,3.5,1.8,3.9,2.3,1.2,0.5,0.4,0.3,0.8,0.3,1.81,1.27,1.57,1.49,1.21,1.42,0.32,0.06,0.15,0.5,0.8,0.3,0.5,0.2,0.2,0.5,1.0,1.1,0.4,11.0,23.0,32.0,3.0,7.0,7.0,1.0,1.0,11.0,42.0,26.0,55.0,5.0,1.0,2.0,1.0,8.0,36.0,9.0,183.0,7.0,1.0,1.0,2.0,79.0,104.0,110.0,73.0,83.0,87.0,42.0,50.0,81.0,107.0,103.0,111.0,81.0,87.0,74.0,34.0,99.0,108.0,88.0,154.0,83.0,35.0,49.0,38.0,9.0,4.0,14.0,5.0,7.0,6.0,18.0
2019-09-12 23:00:00,9.0,5.0,8.0,9.0,5.0,7.0,4.0,10.0,8.0,6.0,39.0,17.0,18.0,25.0,76.0,35.0,34.0,19.0,10.0,29.0,50.0,20.0,17.0,110.0,189.0,168.0,102.0,120.0,128.0,87.0,49.0,101.0,116.0,129.0,226.0,133.0,110.0,99.0,67.0,133.0,162.0,103.0,263.0,62.0,29.0,65.0,32.0,2.81,5.75,8.79,2.82,14.96,50.87,17.71,8.55,11.86,5.95,5.28,45.03,26.9,53.76,13.5,5.5,7.0,3.8,4.7,3.6,1.9,1.1,0.7,0.6,0.9,0.6,1.83,1.37,1.58,1.52,1.28,1.42,0.31,0.09,0.16,0.5,0.8,0.5,0.6,0.3,0.2,0.5,1.0,0.7,0.4,16.0,47.0,35.0,8.0,17.0,16.0,2.0,1.0,9.0,15.0,18.0,78.0,19.0,6.0,4.0,1.0,18.0,37.0,15.0,89.0,6.0,1.0,1.0,2.0,86.0,116.0,115.0,90.0,93.0,104.0,85.0,48.0,87.0,92.0,101.0,106.0,104.0,101.0,92.0,65.0,105.0,105.0,79.0,127.0,53.0,28.0,63.0,30.0,14.0,9.0,15.0,23.0,11.0,4.0,31.0
2019-09-13 00:00:00,9.0,5.0,8.0,10.0,5.0,9.0,4.0,10.0,8.0,6.0,29.0,22.0,22.0,26.0,22.0,20.0,17.0,17.0,10.0,20.0,34.0,14.0,9.0,107.0,125.0,36.0,64.0,101.0,151.0,84.0,65.0,84.0,82.0,55.0,27.0,78.0,104.0,47.0,70.0,30.0,58.0,62.0,155.0,18.0,20.0,27.0,17.0,16.73,12.93,7.15,1.13,11.54,31.86,21.81,60.03,3.48,42.46,6.11,55.36,54.66,83.88,8.8,2.1,1.0,4.3,4.0,2.8,1.4,0.4,1.0,0.7,0.8,0.4,1.81,1.34,1.57,1.54,1.27,1.45,0.27,0.07,0.13,0.5,0.6,0.3,0.8,0.3,0.1,0.3,0.3,0.4,0.3,27.0,25.0,1.0,2.0,7.0,33.0,1.0,2.0,8.0,5.0,5.0,1.0,3.0,10.0,2.0,1.0,1.0,3.0,3.0,31.0,1.0,1.0,1.0,1.0,66.0,86.0,34.0,62.0,90.0,101.0,82.0,61.0,71.0,74.0,48.0,26.0,73.0,90.0,45.0,68.0,28.0,52.0,58.0,107.0,16.0,19.0,26.0,15.0,11.0,10.0,10.0,6.0,8.0,4.0,23.0
2019-09-13 01:00:00,9.0,4.0,8.0,8.0,5.0,6.0,4.0,9.0,8.0,6.0,22.0,21.0,19.0,27.0,17.0,16.0,13.0,12.0,10.0,5.0,30.0,14.0,10.0,39.0,52.0,18.0,24.0,109.0,83.0,38.0,55.0,44.0,40.0,37.0,17.0,55.0,54.0,14.0,37.0,23.0,51.0,60.0,217.0,16.0,7.0,17.0,15.0,39.99,32.96,5.21,12.91,46.01,41.29,41.94,72.85,30.97,33.74,4.92,84.3,66.96,89.16,6.5,0.6,0.8,3.0,2.7,2.0,1.1,0.1,0.9,0.5,0.6,0.4,1.71,1.28,1.58,1.5,1.23,1.45,0.21,0.05,0.12,0.3,0.4,0.2,0.5,0.2,0.1,0.2,0.2,0.7,0.2,5.0,3.0,1.0,1.0,12.0,5.0,1.0,2.0,3.0,2.0,4.0,1.0,2.0,1.0,1.0,1.0,1.0,1.0,2.0,73.0,1.0,1.0,1.0,1.0,32.0,47.0,16.0,23.0,91.0,74.0,37.0,51.0,40.0,37.0,30.0,15.0,52.0,52.0,13.0,35.0,22.0,50.0,57.0,106.0,15.0,5.0,16.0,13.0,13.0,9.0,8.0,4.0,6.0,1.0,19.0
2019-09-13 02:00:00,9.0,4.0,9.0,7.0,5.0,7.0,4.0,9.0,8.0,6.0,18.0,13.0,15.0,21.0,17.0,13.0,6.0,13.0,9.0,22.0,28.0,9.0,7.0,41.0,45.0,17.0,25.0,128.0,49.0,23.0,58.0,54.0,42.0,22.0,13.0,50.0,37.0,16.0,21.0,23.0,59.0,61.0,134.0,11.0,8.0,24.0,14.0,42.47,36.34,3.51,33.61,59.21,36.27,37.39,75.1,44.94,18.16,11.35,77.7,55.51,88.82,4.7,0.5,3.0,1.5,2.0,1.6,0.8,0.1,0.5,0.3,0.5,0.3,1.68,1.26,1.58,1.5,1.21,1.45,0.18,0.05,0.12,0.4,0.3,0.2,0.4,0.2,0.1,0.2,0.2,0.5,0.2,5.0,1.0,1.0,1.0,27.0,1.0,1.0,3.0,4.0,2.0,1.0,1.0,1.0,1.0,1.0,1.0,1.0,1.0,3.0,31.0,1.0,1.0,1.0,1.0,34.0,43.0,15.0,23.0,87.0,47.0,21.0,54.0,48.0,39.0,20.0,12.0,48.0,35.0,14.0,19.0,21.0,58.0,56.0,87.0,10.0,6.0,23.0,13.0,9.0,7.0,8.0,1.0,6.0,1.0,16.0
2019-09-13 03:00:00,9.0,4.0,10.0,6.0,5.0,6.0,4.0,9.0,8.0,6.0,17.0,12.0,15.0,12.0,14.0,8.0,15.0,11.0,14.0,1.0,25.0,10.0,8.0,36.0,39.0,15.0,21.0,153.0,42.0,24.0,23.0,49.0,35.0,28.0,19.0,32.0,38.0,12.0,20.0,23.0,43.0,43.0,62.0,8.0,8.0,18.0,14.0,47.53,39.13,4.1,36.89,58.81,55.11,39.61,66.41,44.31,34.55,25.64,69.59,62.13,88.92,3.9,0.6,0.6,1.8,1.6,1.8,0.6,0.1,0.4,0.2,0.4,0.3,1.68,1.27,1.56,1.5,1.22,1.42,0.18,0.04,0.14,0.3,0.3,0.2,0.4,0.2,0.1,0.2,0.2,0.3,0.2,3.0,1.0,1.0,1.0,44.0,1.0,1.0,1.0,4.0,2.0,1.0,1.0,1.0,1.0,1.0,1.0,1.0,1.0,1.0,2.0,1.0,1.0,1.0,1.0,31.0,37.0,14.0,19.0,86.0,40.0,22.0,22.0,42.0,32.0,26.0,17.0,31.0,37.0,11.0,19.0,22.0,41.0,40.0,59.0,6.0,6.0,16.0,12.0,8.0,8.0,6.0,8.0,5.0,6.0,17.0
2019-09-13 04:00:00,9.0,4.0,9.0,6.0,4.0,5.0,4.0,9.0,8.0,6.0,13.0,8.0,12.0,13.0,12.0,4.0,18.0,12.0,10.0,1.0,16.0,8.0,3.0,29.0,21.0,10.0,17.0,115.0,20.0,11.0,11.0,29.0,18.0,15.0,14.0,15.0,20.0,6.0,11.0,11.0,20.0,15.0,40.0,11.0,8.0,10.0,14.0,66.28,41.9,5.84,58.36,70.42,71.17,53.42,69.21,71.36,62.46,41.74,64.62,71.28,84.77,3.7,0.5,0.4,1.6,1.5,1.6,0.5,0.1,0.2,0.2,0.4,0.2,1.64,1.24,1.52,1.49,1.2,1.41,0.15,0.04,0.12,0.3,0.2,0.2,0.3,0.2,0.1,0.2,0.2,0.2,0.2,3.0,1.0,1.0,1.0,25.0,1.0,1.0,1.0,3.0,1.0,1.0,1.0,1.0,1.0,1.0,1.0,1.0,1.0,1.0,1.0,1.0,1.0,1.0,1.0,25.0,19.0,9.0,15.0,76.0,18.0,9.0,10.0,25.0,16.0,13.0,13.0,14.0,18.0,5.0,9.0,9.0,19.0,14.0,38.0,10.0,7.0,8.0,13.0,6.0,7.0,4.0,12.0,6.0,4.0,9.0
2019-09-13 05:00:00,9.0,4.0,8.0,6.0,5.0,5.0,4.0,9.0,8.0,6.0,9.0,8.0,12.0,15.0,12.0,6.0,14.0,10.0,1.0,15.0,12.0,10.0,3.0,12.0,14.0,7.0,10.0,45.0,12.0,8.0,29.0,22.0,9.0,13.0,12.0,11.0,11.0,2.0,6.0,9.0,10.0,18.0,23.0,7.0,9.0,6.0,11.0,74.7,49.95,29.51,67.26,72.21,62.4,64.55,74.67,79.07,76.61,58.77,54.93,78.72,90.86,2.7,0.3,4.2,1.0,1.2,0.9,0.4,0.1,0.2,0.1,0.3,0.1,1.61,1.23,1.56,1.47,1.19,1.44,0.14,0.04,0.12,0.3,0.2,0.1,0.3,0.1,0.1,0.1,0.2,0.1,0.2,1.0,1.0,1.0,1.0,2.0,1.0,1.0,1.0,2.0,1.0,1.0,1.0,1.0,1.0,1.0,1.0,1.0,1.0,1.0,1.0,1.0,1.0,1.0,1.0,10.0,12.0,6.0,8.0,41.0,10.0,6.0,28.0,19.0,8.0,11.0,11.0,9.0,9.0,1.0,5.0,8.0,9.0,17.0,21.0,6.0,7.0,4.0,10.0,2.0,6.0,5.0,8.0,6.0,1.0,7.0
2019-09-13 06:00:00,9.0,4.0,8.0,6.0,5.0,6.0,4.0,9.0,8.0,6.0,9.0,10.0,16.0,17.0,12.0,5.0,21.0,9.0,3.0,1.0,16.0,8.0,7.0,13.0,16.0,9.0,13.0,44.0,15.0,8.0,35.0,23.0,10.0,18.0,10.0,12.0,14.0,4.0,7.0,7.0,22.0,32.0,43.0,8.0,6.0,9.0,12.0,74.84,51.76,33.0,67.62,72.85,65.16,65.63,80.62,80.49,65.25,53.88,83.16,83.56,93.31,3.3,0.3,2.8,1.5,1.1,0.6,0.3,0.1,0.1,0.1,0.3,0.1,1.6,1.23,1.54,1.47,1.19,1.41,0.13,0.04,0.13,0.3,0.2,0.2,0.3,0.1,0.1,0.1,0.2,0.2,0.2,2.0,1.0,1.0,1.0,3.0,1.0,1.0,2.0,2.0,1.0,3.0,1.0,1.0,1.0,1.0,1.0,1.0,1.0,1.0,6.0,1.0,1.0,1.0,1.0,10.0,15.0,7.0,11.0,41.0,13.0,6.0,32.0,20.0,8.0,13.0,9.0,11.0,12.0,2.0,6.0,6.0,20.0,29.0,34.0,6.0,5.0,8.0,11.0,3.0,9.0,6.0,16.0,4.0,1.0,10.0
2019-09-13 07:00:00,9.0,4.0,9.0,6.0,5.0,6.0,4.0,9.0,8.0,6.0,12.0,8.0,13.0,17.0,16.0,7.0,21.0,12.0,1.0,1.0,13.0,10.0,5.0,18.0,29.0,17.0,21.0,26.0,16.0,11.0,51.0,24.0,18.0,32.0,16.0,27.0,27.0,8.0,14.0,18.0,24.0,39.0,45.0,15.0,9.0,14.0,13.0,69.37,50.89,62.08,75.15,79.2,53.32,67.55,76.73,78.81,63.12,59.17,88.95,82.23,93.62,3.0,0.3,2.6,0.6,1.0,0.6,0.3,0.1,0.2,0.1,0.3,0.1,1.6,1.24,1.55,1.48,1.2,1.42,0.13,0.04,0.13,0.2,0.2,0.2,0.3,0.2,0.1,0.2,0.2,0.2,0.2,2.0,1.0,1.0,1.0,2.0,1.0,1.0,3.0,2.0,1.0,4.0,1.0,1.0,1.0,1.0,1.0,1.0,1.0,2.0,3.0,1.0,1.0,1.0,1.0,15.0,27.0,15.0,19.0,24.0,15.0,10.0,47.0,20.0,17.0,26.0,15.0,25.0,25.0,7.0,13.0,16.0,22.0,36.0,40.0,14.0,8.0,12.0,12.0,6.0,7.0,9.0,16.0,6.0,1.0,8.0
2019-09-13 08:00:00,11.0,5.0,9.0,6.0,5.0,6.0,4.0,10.0,9.0,7.0,11.0,8.0,11.0,16.0,15.0,11.0,20.0,13.0,10.0,4.0,13.0,14.0,10.0,29.0,55.0,23.0,31.0,27.0,25.0,20.0,93.0,35.0,26.0,73.0,30.0,31.0,46.0,16.0,23.0,36.0,40.0,56.0,87.0,24.0,14.0,20.0,20.0,51.33,47.51,68.1,73.0,76.71,32.0,60.98,67.02,70.17,55.05,46.51,89.75,74.79,85.27,2.3,0.3,1.0,0.4,1.4,0.5,0.4,0.1,0.1,0.1,0.4,0.1,1.61,1.24,1.56,1.48,1.21,1.43,0.13,0.03,0.13,0.3,0.3,0.2,0.3,0.2,0.1,0.2,0.2,0.2,0.2,3.0,4.0,1.0,3.0,1.0,1.0,1.0,9.0,3.0,2.0,13.0,1.0,1.0,3.0,1.0,1.0,2.0,1.0,5.0,15.0,1.0,1.0,1.0,2.0,25.0,48.0,21.0,26.0,25.0,23.0,19.0,79.0,31.0,23.0,53.0,28.0,29.0,41.0,14.0,21.0,33.0,38.0,49.0,64.0,23.0,13.0,18.0,16.0,5.0,7.0,6.0,14.0,6.0,2.0,7.0
2019-09-13 09:00:00,9.0,6.0,10.0,7.0,6.0,8.0,5.0,11.0,9.0,7.0,16.0,11.0,12.0,16.0,20.0,18.0,23.0,14.0,17.0,1.0,19.0,15.0,11.0,43.0,81.0,37.0,26.0,44.0,33.0,24.0,60.0,56.0,38.0,114.0,35.0,41.0,60.0,31.0,28.0,52.0,38.0,49.0,102.0,34.0,10.0,23.0,26.0,40.3,48.52,55.69,67.63,76.14,50.98,50.75,62.57,64.07,57.27,41.72,94.16,71.65,76.23,2.7,0.5,0.9,0.5,1.8,0.7,0.6,0.1,0.2,0.2,0.5,0.2,1.63,1.24,1.51,1.48,1.21,1.39,0.15,0.03,0.13,0.4,0.4,0.2,0.4,0.2,0.1,0.2,0.2,0.3,0.3,4.0,11.0,2.0,1.0,2.0,2.0,1.0,6.0,6.0,2.0,27.0,1.0,2.0,4.0,1.0,1.0,5.0,1.0,6.0,19.0,2.0,1.0,1.0,5.0,36.0,64.0,34.0,25.0,41.0,30.0,23.0,51.0,46.0,34.0,73.0,33.0,37.0,54.0,30.0,26.0,45.0,37.0,40.0,72.0,31.0,8.0,21.0,18.0,4.0,4.0,6.0,16.0,5.0,7.0,11.0
2019-09-13 10:00:00,9.0,5.0,10.0,7.0,6.0,7.0,5.0,11.0,8.0,8.0,22.0,13.0,17.0,22.0,21.0,25.0,27.0,17.0,18.0,11.0,25.0,14.0,13.0,43.0,75.0,29.0,33.0,38.0,34.0,28.0,43.0,78.0,35.0,116.0,35.0,31.0,55.0,23.0,28.0,42.0,39.0,39.0,100.0,28.0,10.0,31.0,20.0,46.96,46.15,63.47,68.66,73.88,65.85,48.77,64.97,64.77,62.84,47.07,95.26,69.35,83.61,3.9,0.7,1.2,0.9,3.1,1.2,0.8,0.1,0.2,0.2,0.7,0.2,1.63,1.25,1.52,1.48,1.21,1.4,0.15,0.04,0.12,0.4,0.4,0.4,0.4,0.2,0.1,0.2,0.3,0.3,0.3,5.0,11.0,2.0,2.0,3.0,3.0,2.0,4.0,18.0,3.0,29.0,2.0,4.0,5.0,1.0,1.0,4.0,2.0,5.0,21.0,3.0,2.0,3.0,1.0,34.0,58.0,26.0,29.0,33.0,30.0,26.0,37.0,50.0,30.0,71.0,31.0,25.0,48.0,21.0,27.0,35.0,36.0,31.0,68.0,24.0,7.0,27.0,18.0,5.0,7.0,6.0,17.0,7.0,3.0,15.0
2019-09-13 11:00:00,9.0,5.0,10.0,7.0,6.0,8.0,5.0,10.0,9.0,8.0,22.0,14.0,18.0,21.0,25.0,18.0,28.0,20.0,24.0,15.0,25.0,19.0,13.0,33.0,64.0,21.0,21.0,24.0,25.0,16.0,40.0,61.0,19.0,70.0,28.0,26.0,35.0,17.0,20.0,20.0,28.0,22.0,81.0,12.0,6.0,16.0,16.0,57.94,52.31,77.53,80.57,86.96,78.88,56.49,76.02,78.61,75.03,57.48,99.67,87.15,93.68,3.2,0.6,1.3,1.0,2.8,0.9,0.6,0.1,0.2,0.2,0.6,0.1,1.62,1.24,1.52,1.48,1.21,1.4,0.14,0.03,0.12,0.3,0.3,0.2,0.3,0.2,0.4,0.2,0.2,0.3,0.2,5.0,8.0,1.0,1.0,2.0,2.0,1.0,7.0,10.0,2.0,15.0,3.0,2.0,2.0,2.0,1.0,2.0,1.0,3.0,15.0,1.0,1.0,1.0,1.0,26.0,51.0,19.0,20.0,21.0,22.0,14.0,30.0,45.0,16.0,47.0,24.0,22.0,32.0,15.0,18.0,17.0,26.0,18.0,58.0,11.0,5.0,14.0,14.0,5.0,7.0,9.0,16.0,8.0,10.0,14.0
2019-09-13 12:00:00,9.0,5.0,9.0,6.0,5.0,6.0,5.0,10.0,9.0,6.0,21.0,15.0,16.0,15.0,29.0,29.0,28.0,18.0,22.0,7.0,22.0,11.0,12.0,37.0,74.0,20.0,23.0,26.0,29.0,15.0,20.0,67.0,21.0,71.0,23.0,28.0,40.0,14.0,20.0,19.0,34.0,24.0,83.0,15.0,7.0,18.0,16.0,51.61,54.22,75.31,76.01,86.34,84.63,55.46,81.17,77.84,69.54,58.5,97.63,85.2,95.19,3.0,0.5,1.2,0.9,2.9,0.8,0.6,0.1,0.2,0.2,0.4,0.1,1.63,1.24,1.52,1.49,1.21,1.4,0.14,0.03,0.12,0.3,0.4,0.2,0.3,0.2,0.1,0.2,0.2,0.2,0.2,6.0,10.0,1.0,1.0,2.0,2.0,1.0,2.0,11.0,3.0,17.0,2.0,3.0,3.0,1.0,1.0,2.0,1.0,3.0,15.0,2.0,1.0,1.0,1.0,28.0,58.0,18.0,21.0,23.0,26.0,13.0,18.0,49.0,17.0,44.0,21.0,24.0,36.0,12.0,18.0,17.0,32.0,20.0,60.0,12.0,6.0,17.0,14.0,3.0,6.0,11.0,17.0,7.0,8.0,14.0
2019-09-13 13:00:00,9.0,5.0,8.0,6.0,5.0,6.0,4.0,9.0,8.0,6.0,24.0,14.0,11.0,15.0,20.0,18.0,25.0,13.0,13.0,12.0,21.0,11.0,7.0,55.0,87.0,33.0,31.0,42.0,38.0,18.0,24.0,98.0,33.0,89.0,30.0,39.0,49.0,24.0,23.0,33.0,58.0,33.0,124.0,16.0,7.0,20.0,16.0,41.0,44.42,58.76,67.02,81.0,78.7,43.81,71.33,69.49,52.62,72.98,95.53,80.5,91.52,3.9,1.0,1.2,1.2,2.8,0.7,0.7,0.1,0.2,0.2,0.4,0.1,1.65,1.24,1.52,1.49,1.21,1.39,0.17,0.03,0.13,0.3,0.4,0.2,0.4,0.2,0.1,0.2,0.3,0.3,0.2,11.0,13.0,2.0,1.0,4.0,3.0,1.0,1.0,23.0,4.0,20.0,3.0,3.0,4.0,2.0,1.0,4.0,7.0,4.0,28.0,2.0,1.0,2.0,1.0,38.0,68.0,29.0,30.0,37.0,33.0,16.0,22.0,63.0,27.0,58.0,26.0,34.0,44.0,21.0,22.0,27.0,47.0,27.0,81.0,13.0,6.0,18.0,14.0,4.0,2.0,4.0,18.0,4.0,1.0,12.0
2019-09-13 14:00:00,9.0,4.0,8.0,10.0,5.0,6.0,4.0,9.0,8.0,6.0,26.0,10.0,13.0,16.0,19.0,49.0,23.0,18.0,13.0,6.0,20.0,19.0,27.0,60.0,69.0,33.0,25.0,56.0,13.0,21.0,22.0,87.0,18.0,49.0,27.0,45.0,33.0,34.0,19.0,22.0,32.0,31.0,84.0,19.0,11.0,12.0,16.0,47.8,47.96,42.63,92.88,75.92,78.78,38.52,71.1,69.91,67.04,56.36,87.99,85.73,90.41,4.1,0.8,1.5,1.8,3.2,0.6,0.7,0.2,0.2,0.2,0.4,0.1,1.62,1.24,1.53,1.47,1.21,1.4,0.15,0.03,0.13,0.4,0.4,0.2,0.3,0.2,0.1,0.2,0.3,0.2,0.2,8.0,9.0,3.0,1.0,5.0,2.0,1.0,1.0,18.0,2.0,9.0,2.0,7.0,1.0,4.0,1.0,1.0,1.0,3.0,17.0,2.0,1.0,1.0,1.0,47.0,54.0,29.0,24.0,48.0,10.0,19.0,20.0,59.0,15.0,36.0,24.0,34.0,30.0,28.0,17.0,20.0,30.0,26.0,57.0,15.0,10.0,11.0,14.0,10.0,4.0,6.0,15.0,8.0,3.0,10.0
2019-09-13 15:00:00,11.0,4.0,8.0,5.0,4.0,5.0,4.0,9.0,8.0,6.0,15.0,16.0,10.0,17.0,25.0,28.0,24.0,22.0,22.0,2.0,16.0,14.0,39.0,53.0,70.0,47.0,24.0,34.0,36.0,22.0,31.0,81.0,34.0,46.0,38.0,43.0,39.0,29.0,21.0,38.0,49.0,49.0,82.0,30.0,24.0,20.0,24.0,41.41,42.24,54.89,59.16,63.86,63.68,39.79,51.8,57.3,53.45,50.86,64.57,75.09,73.41,4.2,1.1,1.1,1.3,2.6,0.9,0.6,0.2,0.2,0.2,0.3,0.2,1.62,1.24,1.54,1.48,1.22,1.44,0.14,0.02,0.1,0.3,0.4,0.2,0.4,0.2,0.1,0.2,0.3,0.2,0.3,9.0,10.0,4.0,1.0,3.0,3.0,2.0,2.0,16.0,4.0,7.0,3.0,6.0,3.0,2.0,1.0,4.0,6.0,6.0,16.0,3.0,1.0,1.0,4.0,39.0,56.0,41.0,23.0,29.0,30.0,19.0,28.0,58.0,28.0,34.0,34.0,34.0,34.0,26.0,19.0,32.0,40.0,39.0,57.0,25.0,22.0,17.0,18.0,5.0,3.0,15.0,17.0,14.0,14.0,8.0
2019-09-13 16:00:00,11.0,4.0,8.0,6.0,4.0,5.0,4.0,9.0,8.0,6.0,7.0,11.0,9.0,13.0,19.0,14.0,3.0,11.0,7.0,44.0,18.0,12.0,15.0,57.0,80.0,71.0,34.0,42.0,43.0,35.0,58.0,66.0,47.0,87.0,38.0,47.0,56.0,37.0,26.0,87.0,44.0,62.0,116.0,45.0,12.0,22.0,24.0,36.23,28.79,46.06,49.72,51.98,43.45,38.73,49.47,55.96,50.89,38.23,67.47,67.95,60.12,4.8,1.9,1.1,1.6,2.6,1.6,0.7,0.4,0.3,0.3,0.4,0.4,1.63,1.25,1.53,1.48,1.23,1.46,0.15,0.02,0.06,0.4,0.4,0.2,0.4,0.2,0.2,0.2,0.3,0.3,0.3,9.0,12.0,13.0,2.0,4.0,5.0,3.0,8.0,10.0,7.0,19.0,3.0,6.0,6.0,2.0,1.0,20.0,4.0,10.0,28.0,7.0,1.0,2.0,3.0,44.0,61.0,51.0,31.0,35.0,36.0,31.0,46.0,51.0,36.0,58.0,33.0,39.0,46.0,33.0,24.0,56.0,38.0,47.0,74.0,34.0,11.0,19.0,20.0,3.0,5.0,15.0,2.0,9.0,4.0,13.0
2019-09-13 17:00:00,9.0,4.0,8.0,6.0,4.0,5.0,4.0,9.0,8.0,6.0,15.0,11.0,12.0,14.0,18.0,7.0,13.0,6.0,6.0,38.0,25.0,16.0,6.0,45.0,55.0,41.0,23.0,36.0,35.0,22.0,55.0,60.0,34.0,70.0,25.0,31.0,42.0,30.0,21.0,50.0,39.0,46.0,111.0,31.0,9.0,16.0,17.0,50.78,33.27,54.69,55.8,60.04,50.06,40.39,60.33,60.46,57.62,46.31,71.21,71.1,72.33,4.6,1.2,2.1,1.4,2.7,1.4,0.6,0.2,0.3,0.3,0.5,0.3,1.6,1.23,1.51,1.47,1.21,1.46,0.13,0.02,0.06,0.3,0.3,0.2,0.4,0.2,0.1,0.2,0.2,0.3,0.3,7.0,9.0,6.0,1.0,5.0,4.0,3.0,9.0,11.0,6.0,18.0,3.0,5.0,5.0,3.0,1.0,11.0,3.0,9.0,28.0,5.0,1.0,2.0,2.0,33.0,42.0,32.0,21.0,29.0,28.0,17.0,41.0,44.0,24.0,43.0,20.0,24.0,34.0,25.0,19.0,33.0,34.0,32.0,68.0,23.0,7.0,13.0,14.0,9.0,9.0,12.0,12.0,4.0,2.0,20.0
2019-09-13 18:00:00,9.0,4.0,8.0,6.0,4.0,13.0,4.0,9.0,8.0,6.0,9.0,9.0,13.0,17.0,13.0,12.0,27.0,2.0,15.0,83.0,21.0,15.0,5.0,32.0,50.0,22.0,18.0,20.0,26.0,16.0,34.0,36.0,19.0,59.0,22.0,24.0,24.0,12.0,14.0,21.0,35.0,21.0,84.0,18.0,8.0,15.0,15.0,57.36,40.52,68.8,70.6,71.52,68.6,59.35,67.4,69.13,62.91,57.4,80.07,77.52,80.87,3.3,0.6,1.6,0.7,2.6,0.7,0.4,0.1,0.2,0.2,0.5,0.1,1.58,1.23,1.49,1.47,1.2,1.43,0.12,0.02,0.06,0.3,0.3,0.2,0.3,0.2,0.1,0.2,0.2,0.2,0.2,6.0,8.0,2.0,1.0,3.0,4.0,2.0,7.0,6.0,3.0,16.0,3.0,4.0,2.0,1.0,1.0,4.0,3.0,3.0,20.0,3.0,1.0,2.0,1.0,23.0,38.0,19.0,16.0,16.0,20.0,13.0,24.0,28.0,13.0,35.0,18.0,18.0,22.0,9.0,13.0,15.0,30.0,16.0,52.0,13.0,6.0,12.0,14.0,4.0,11.0,6.0,23.0,1.0,9.0,17.0
2019-09-13 19:00:00,9.0,4.0,8.0,6.0,4.0,8.0,4.0,9.0,8.0,6.0,11.0,5.0,9.0,21.0,12.0,14.0,18.0,5.0,20.0,27.0,19.0,9.0,9.0,28.0,40.0,17.0,17.0,22.0,19.0,12.0,33.0,32.0,19.0,60.0,20.0,22.0,26.0,9.0,14.0,20.0,26.0,25.0,95.0,21.0,7.0,16.0,16.0,58.37,40.94,67.72,73.17,75.72,59.62,60.24,67.4,69.97,65.0,47.86,81.93,73.96,79.82,2.6,0.7,0.7,0.7,1.8,0.5,0.4,0.1,0.2,0.2,0.4,0.1,1.58,1.22,1.49,1.47,1.2,1.43,0.11,0.02,0.06,0.3,0.3,0.2,0.3,0.2,0.1,0.2,0.2,0.3,0.2,5.0,5.0,1.0,1.0,2.0,2.0,1.0,5.0,4.0,2.0,14.0,2.0,2.0,2.0,1.0,1.0,2.0,1.0,3.0,22.0,4.0,1.0,1.0,1.0,20.0,33.0,15.0,15.0,18.0,16.0,10.0,26.0,26.0,16.0,39.0,18.0,19.0,23.0,7.0,12.0,17.0,24.0,20.0,62.0,16.0,6.0,14.0,14.0,5.0,7.0,5.0,15.0,3.0,16.0,15.0
2019-09-13 20:00:00,9.0,4.0,8.0,5.0,4.0,5.0,4.0,9.0,8.0,6.0,2.0,9.0,8.0,11.0,10.0,11.0,24.0,10.0,7.0,70.0,19.0,7.0,7.0,35.0,39.0,21.0,16.0,29.0,24.0,17.0,30.0,35.0,29.0,60.0,26.0,29.0,34.0,12.0,15.0,25.0,29.0,31.0,74.0,24.0,10.0,18.0,17.0,51.85,39.03,56.39,62.62,63.01,57.24,54.68,56.94,65.39,57.11,46.82,72.84,68.15,73.89,2.4,0.5,0.7,0.6,1.9,0.6,0.4,0.1,0.2,0.2,0.4,0.1,1.59,1.23,1.5,1.47,1.21,1.44,0.12,0.02,0.06,0.3,0.3,0.2,0.4,0.2,0.1,0.2,0.2,0.3,0.3,6.0,3.0,1.0,1.0,2.0,2.0,1.0,3.0,4.0,4.0,12.0,2.0,3.0,2.0,1.0,1.0,2.0,1.0,3.0,14.0,3.0,1.0,1.0,2.0,26.0,34.0,19.0,15.0,26.0,21.0,16.0,25.0,29.0,23.0,42.0,24.0,25.0,32.0,11.0,13.0,22.0,26.0,26.0,52.0,20.0,8.0,16.0,15.0,1.0,5.0,4.0,21.0,8.0,2.0,15.0
2019-09-13 21:00:00,9.0,4.0,8.0,6.0,4.0,7.0,4.0,9.0,8.0,6.0,10.0,11.0,10.0,13.0,14.0,9.0,30.0,15.0,7.0,32.0,19.0,9.0,7.0,40.0,45.0,28.0,27.0,30.0,36.0,19.0,70.0,40.0,30.0,72.0,30.0,31.0,36.0,21.0,20.0,34.0,35.0,52.0,99.0,34.0,13.0,14.0,18.0,43.82,30.46,51.71,62.85,57.13,33.1,46.77,50.1,56.48,48.93,35.43,67.16,64.18,70.85,3.0,0.5,1.0,0.7,2.1,0.5,0.5,0.1,0.2,0.2,0.5,0.2,1.62,1.23,1.58,1.48,1.21,1.52,0.14,0.02,0.07,0.4,0.3,0.2,0.4,0.2,0.6,0.2,0.2,0.4,0.3,5.0,3.0,1.0,1.0,2.0,2.0,1.0,7.0,3.0,4.0,15.0,1.0,3.0,1.0,1.0,1.0,4.0,1.0,3.0,22.0,3.0,1.0,1.0,1.0,33.0,41.0,26.0,26.0,28.0,33.0,17.0,58.0,35.0,24.0,49.0,28.0,27.0,34.0,20.0,19.0,28.0,33.0,47.0,65.0,29.0,11.0,13.0,16.0,4.0,7.0,8.0,26.0,11.0,2.0,15.0
2019-09-13 22:00:00,10.0,4.0,8.0,6.0,4.0,6.0,4.0,9.0,7.0,6.0,16.0,12.0,12.0,19.0,18.0,15.0,22.0,16.0,13.0,51.0,20.0,12.0,8.0,38.0,46.0,24.0,27.0,38.0,32.0,20.0,51.0,42.0,34.0,57.0,30.0,29.0,39.0,18.0,22.0,31.0,39.0,47.0,106.0,19.0,11.0,16.0,18.0,39.74,26.77,41.95,49.57,54.16,33.69,41.14,48.35,52.13,41.75,29.76,69.17,58.01,70.07,4.0,0.6,1.8,0.6,2.1,0.8,0.6,0.1,0.3,0.2,0.5,0.3,1.62,1.22,1.52,1.48,1.22,1.46,0.14,0.01,0.06,0.3,0.4,0.2,0.4,0.2,0.6,0.2,0.3,0.3,0.3,5.0,3.0,1.0,1.0,2.0,1.0,1.0,4.0,4.0,4.0,9.0,1.0,2.0,1.0,1.0,1.0,3.0,1.0,3.0,23.0,1.0,1.0,1.0,1.0,31.0,42.0,23.0,25.0,35.0,30.0,19.0,45.0,36.0,27.0,43.0,28.0,27.0,37.0,16.0,20.0,27.0,38.0,43.0,70.0,17.0,10.0,15.0,16.0,11.0,7.0,11.0,17.0,13.0,6.0,15.0
2019-09-13 23:00:00,12.0,4.0,8.0,6.0,4.0,5.0,4.0,9.0,7.0,6.0,13.0,11.0,14.0,17.0,17.0,9.0,20.0,10.0,6.0,79.0,20.0,11.0,8.0,30.0,34.0,17.0,20.0,35.0,23.0,17.0,64.0,36.0,25.0,37.0,23.0,30.0,30.0,12.0,17.0,18.0,27.0,45.0,68.0,15.0,10.0,19.0,16.0,46.91,29.88,41.59,56.04,57.97,26.85,44.77,52.83,55.69,48.91,40.01,68.91,55.17,72.24,3.0,0.4,1.2,0.8,2.2,0.6,0.6,0.1,0.3,0.2,0.5,0.3,1.6,1.23,1.52,1.47,1.2,1.45,0.13,0.03,0.07,0.3,0.3,0.2,0.4,0.2,0.6,0.2,0.2,0.2,0.2,4.0,2.0,1.0,1.0,2.0,1.0,1.0,5.0,4.0,2.0,6.0,1.0,1.0,1.0,1.0,1.0,1.0,1.0,3.0,12.0,1.0,1.0,1.0,1.0,24.0,31.0,16.0,18.0,33.0,22.0,16.0,56.0,30.0,22.0,29.0,21.0,28.0,28.0,10.0,15.0,16.0,26.0,41.0,50.0,13.0,9.0,18.0,14.0,7.0,9.0,10.0,16.0,7.0,1.0,16.0
2019-09-14 00:00:00,9.0,4.0,8.0,6.0,5.0,6.0,4.0,8.0,8.0,6.0,9.0,9.0,13.0,12.0,13.0,9.0,26.0,10.0,8.0,78.0,23.0,11.0,10.0,27.0,33.0,17.0,19.0,28.0,20.0,13.0,34.0,29.0,19.0,24.0,21.0,27.0,23.0,12.0,16.0,17.0,21.0,29.0,50.0,16.0,7.0,16.0,18.0,49.73,33.17,47.89,60.24,64.09,49.49,49.43,54.14,58.72,54.42,47.95,75.77,64.21,69.82,2.7,0.3,0.8,0.6,2.0,0.6,0.4,0.1,0.2,0.2,0.5,0.3,1.58,1.23,1.5,1.47,1.2,1.44,0.11,0.03,0.07,0.4,0.3,0.2,0.3,0.2,0.5,0.2,0.2,0.2,0.3,4.0,2.0,1.0,1.0,1.0,1.0,1.0,2.0,3.0,1.0,3.0,1.0,2.0,1.0,1.0,1.0,1.0,1.0,2.0,6.0,1.0,1.0,1.0,1.0,20.0,30.0,16.0,17.0,26.0,18.0,11.0,31.0,25.0,18.0,19.0,20.0,24.0,22.0,10.0,15.0,16.0,19.0,26.0,40.0,14.0,6.0,15.0,16.0,3.0,8.0,7.0,22.0,8.0,4.0,18.0
2019-09-14 01:00:00,9.0,4.0,8.0,5.0,5.0,5.0,4.0,8.0,8.0,6.0,14.0,8.0,9.0,11.0,14.0,9.0,18.0,12.0,5.0,61.0,19.0,9.0,8.0,29.0,31.0,20.0,15.0,18.0,16.0,15.0,12.0,32.0,12.0,29.0,18.0,17.0,17.0,15.0,12.0,15.0,27.0,20.0,31.0,10.0,7.0,22.0,17.0,53.3,36.44,57.54,65.23,64.0,67.72,50.7,62.1,65.02,47.41,61.89,77.99,58.81,77.12,1.8,0.3,0.6,0.5,1.4,0.5,0.4,0.1,0.1,0.2,0.4,0.1,1.58,1.23,1.5,1.47,1.21,1.42,0.11,0.03,0.07,0.3,0.3,0.2,0.3,0.2,0.6,0.2,0.2,0.2,0.2,4.0,2.0,1.0,1.0,1.0,1.0,1.0,1.0,3.0,1.0,6.0,1.0,1.0,1.0,1.0,1.0,1.0,1.0,1.0,3.0,1.0,1.0,1.0,1.0,24.0,29.0,18.0,13.0,16.0,14.0,14.0,11.0,27.0,10.0,19.0,16.0,15.0,16.0,13.0,10.0,13.0,26.0,19.0,26.0,9.0,5.0,20.0,16.0,8.0,5.0,7.0,15.0,8.0,1.0,15.0
2019-09-14 02:00:00,9.0,4.0,8.0,5.0,4.0,5.0,4.0,8.0,8.0,6.0,14.0,7.0,11.0,14.0,14.0,13.0,25.0,13.0,3.0,55.0,16.0,9.0,7.0,38.0,30.0,17.0,15.0,16.0,20.0,19.0,11.0,37.0,12.0,31.0,14.0,16.0,16.0,16.0,12.0,14.0,22.0,10.0,33.0,10.0,8.0,10.0,17.0,49.09,34.65,57.1,58.7,56.92,64.87,42.71,62.98,61.5,50.4,56.07,73.86,67.17,74.85,1.6,0.3,0.5,0.5,1.3,0.7,0.4,0.1,0.2,0.2,0.4,0.1,1.57,1.23,1.49,1.47,1.21,1.42,0.1,0.02,0.06,0.3,0.2,0.2,0.3,0.2,0.5,0.1,0.2,0.2,0.2,6.0,1.0,1.0,1.0,1.0,1.0,1.0,1.0,3.0,1.0,5.0,1.0,1.0,1.0,1.0,1.0,1.0,1.0,1.0,2.0,1.0,1.0,1.0,1.0,29.0,28.0,16.0,13.0,14.0,19.0,17.0,9.0,33.0,10.0,24.0,13.0,15.0,15.0,14.0,10.0,13.0,20.0,9.0,29.0,8.0,6.0,9.0,15.0,8.0,6.0,8.0,21.0,8.0,1.0,12.0
2019-09-14 03:00:00,9.0,4.0,8.0,5.0,5.0,5.0,4.0,8.0,8.0,6.0,13.0,9.0,13.0,13.0,15.0,12.0,29.0,11.0,9.0,86.0,16.0,8.0,10.0,31.0,26.0,14.0,15.0,20.0,17.0,17.0,13.0,29.0,15.0,23.0,14.0,15.0,19.0,10.0,12.0,12.0,16.0,11.0,38.0,10.0,9.0,9.0,17.0,48.42,31.77,48.06,55.57,51.28,56.35,44.85,57.92,56.62,53.22,48.64,65.78,63.21,71.53,1.7,0.3,0.7,0.6,1.2,0.6,0.3,0.1,0.1,0.2,0.3,0.1,1.59,1.24,1.49,1.47,1.21,1.42,0.11,0.03,0.06,0.3,0.2,0.2,0.3,0.2,0.5,0.2,0.2,0.2,0.2,5.0,1.0,1.0,1.0,2.0,1.0,1.0,1.0,2.0,2.0,2.0,1.0,1.0,1.0,1.0,1.0,1.0,1.0,1.0,3.0,1.0,1.0,1.0,1.0,24.0,24.0,12.0,14.0,17.0,16.0,16.0,11.0,25.0,12.0,21.0,13.0,13.0,18.0,9.0,10.0,11.0,14.0,10.0,33.0,9.0,8.0,8.0,15.0,6.0,8.0,9.0,25.0,6.0,3.0,12.0
2019-09-14 04:00:00,9.0,4.0,8.0,5.0,4.0,5.0,4.0,8.0,8.0,6.0,12.0,10.0,14.0,16.0,14.0,5.0,29.0,7.0,5.0,35.0,17.0,9.0,3.0,17.0,20.0,12.0,11.0,16.0,18.0,13.0,24.0,23.0,12.0,18.0,12.0,13.0,14.0,9.0,9.0,15.0,15.0,16.0,27.0,12.0,8.0,9.0,16.0,53.46,34.55,51.03,50.71,52.75,47.71,49.35,59.52,62.05,54.53,52.65,67.78,62.14,70.51,1.7,0.7,1.0,0.5,1.0,0.6,0.3,0.1,0.2,0.1,0.3,0.1,1.58,1.23,1.52,1.47,1.21,1.45,0.11,0.02,0.07,0.3,0.2,0.1,0.3,0.1,0.5,0.1,0.2,0.1,0.2,2.0,1.0,1.0,1.0,1.0,1.0,1.0,1.0,2.0,2.0,2.0,1.0,1.0,1.0,1.0,1.0,1.0,1.0,1.0,1.0,1.0,1.0,1.0,1.0,14.0,19.0,10.0,9.0,13.0,16.0,12.0,22.0,20.0,9.0,16.0,10.0,11.0,12.0,7.0,7.0,13.0,13.0,15.0,25.0,11.0,7.0,7.0,14.0,5.0,9.0,6.0,23.0,4.0,1.0,11.0
2019-09-14 05:00:00,9.0,4.0,8.0,5.0,4.0,5.0,4.0,8.0,8.0,6.0,10.0,9.0,12.0,15.0,10.0,6.0,22.0,5.0,8.0,17.0,16.0,8.0,6.0,16.0,19.0,11.0,9.0,15.0,15.0,8.0,38.0,26.0,11.0,17.0,13.0,10.0,12.0,8.0,8.0,11.0,15.0,24.0,18.0,10.0,9.0,7.0,16.0,54.45,36.21,54.28,53.69,60.34,38.17,48.06,59.99,63.05,55.21,61.44,63.48,63.49,72.09,1.5,0.3,1.3,0.4,0.9,0.6,0.3,0.1,0.2,0.1,0.3,0.1,1.57,1.22,1.58,1.46,1.2,1.5,0.11,0.02,0.08,0.2,0.2,0.1,0.3,0.1,0.5,0.1,0.2,0.1,0.2,1.0,1.0,1.0,1.0,1.0,1.0,1.0,2.0,3.0,2.0,1.0,1.0,1.0,1.0,1.0,1.0,1.0,1.0,1.0,1.0,1.0,1.0,1.0,1.0,14.0,18.0,9.0,8.0,13.0,13.0,7.0,35.0,21.0,8.0,15.0,12.0,8.0,11.0,6.0,6.0,10.0,14.0,22.0,17.0,9.0,8.0,6.0,15.0,4.0,7.0,4.0,18.0,1.0,1.0,9.0
2019-09-14 06:00:00,12.0,4.0,8.0,5.0,4.0,5.0,4.0,8.0,8.0,6.0,10.0,9.0,10.0,13.0,11.0,7.0,22.0,10.0,12.0,42.0,14.0,10.0,8.0,15.0,20.0,9.0,11.0,15.0,12.0,10.0,37.0,25.0,11.0,16.0,11.0,10.0,14.0,5.0,8.0,9.0,18.0,35.0,20.0,9.0,9.0,10.0,16.0,52.87,34.15,53.39,59.19,57.06,33.97,48.28,60.5,61.25,50.38,60.32,66.87,57.29,70.08,1.4,0.2,1.1,0.3,0.8,0.5,0.2,0.1,0.1,0.1,0.3,0.1,1.57,1.22,1.61,1.46,1.19,1.52,0.11,0.03,0.08,0.2,0.2,0.1,0.3,0.1,0.5,0.2,0.2,0.1,0.2,1.0,1.0,1.0,1.0,1.0,1.0,1.0,2.0,4.0,1.0,2.0,1.0,1.0,1.0,1.0,1.0,1.0,1.0,1.0,1.0,1.0,1.0,1.0,1.0,13.0,18.0,8.0,9.0,13.0,11.0,9.0,35.0,20.0,9.0,13.0,10.0,9.0,13.0,4.0,6.0,7.0,17.0,33.0,18.0,7.0,7.0,9.0,15.0,4.0,5.0,5.0,19.0,5.0,5.0,9.0
2019-09-14 07:00:00,10.0,4.0,8.0,5.0,4.0,5.0,4.0,8.0,8.0,6.0,14.0,12.0,16.0,17.0,15.0,11.0,23.0,12.0,13.0,22.0,19.0,11.0,8.0,15.0,18.0,12.0,17.0,16.0,12.0,9.0,28.0,51.0,15.0,13.0,12.0,17.0,17.0,7.0,11.0,10.0,17.0,17.0,31.0,11.0,8.0,14.0,16.0,53.15,31.17,52.02,60.74,62.07,46.27,43.66,58.64,57.67,49.38,53.71,68.0,57.47,69.31,1.4,0.2,0.5,0.4,1.0,0.5,0.2,0.1,0.1,0.1,0.3,0.1,1.56,1.21,1.48,1.46,1.19,1.4,0.1,0.02,0.08,0.3,0.2,0.1,0.3,0.1,0.5,0.1,0.2,0.1,0.2,2.0,1.0,1.0,1.0,1.0,1.0,1.0,2.0,15.0,1.0,1.0,1.0,1.0,1.0,1.0,1.0,1.0,1.0,1.0,3.0,1.0,1.0,1.0,1.0,12.0,17.0,10.0,15.0,14.0,11.0,8.0,26.0,27.0,13.0,12.0,10.0,16.0,15.0,5.0,9.0,8.0,15.0,16.0,26.0,9.0,7.0,12.0,14.0,8.0,9.0,9.0,19.0,6.0,6.0,14.0
2019-09-14 08:00:00,8.0,4.0,8.0,5.0,4.0,5.0,4.0,8.0,8.0,6.0,11.0,11.0,15.0,17.0,18.0,9.0,28.0,13.0,15.0,9.0,22.0,14.0,10.0,17.0,25.0,12.0,20.0,19.0,17.0,11.0,34.0,26.0,13.0,20.0,13.0,17.0,21.0,7.0,14.0,17.0,16.0,26.0,44.0,12.0,8.0,18.0,17.0,51.18,31.9,52.36,58.21,61.27,50.76,48.28,60.52,58.04,52.01,48.56,70.03,60.27,67.32,1.2,0.2,0.4,0.3,0.9,0.5,0.2,0.1,0.1,0.1,0.3,0.1,1.57,1.22,1.49,1.46,1.2,1.41,0.1,0.02,0.08,0.2,0.2,0.2,0.3,0.1,0.5,0.1,0.2,0.2,0.2,2.0,1.0,1.0,1.0,1.0,1.0,1.0,2.0,3.0,1.0,2.0,1.0,1.0,1.0,1.0,1.0,1.0,1.0,1.0,5.0,1.0,1.0,1.0,1.0,14.0,24.0,10.0,19.0,17.0,16.0,9.0,31.0,22.0,12.0,16.0,11.0,15.0,20.0,5.0,12.0,15.0,15.0,24.0,36.0,10.0,7.0,16.0,15.0,4.0,8.0,11.0,23.0,7.0,8.0,15.0
2019-09-14 09:00:00,9.0,4.0,8.0,5.0,4.0,5.0,4.0,9.0,8.0,6.0,14.0,8.0,12.0,16.0,12.0,5.0,21.0,14.0,5.0,27.0,18.0,11.0,6.0,18.0,33.0,13.0,15.0,29.0,17.0,11.0,24.0,29.0,22.0,24.0,17.0,22.0,25.0,7.0,13.0,17.0,21.0,22.0,49.0,14.0,8.0,11.0,17.0,50.68,37.4,49.47,63.65,66.79,58.09,50.47,61.2,64.87,54.98,49.78,76.66,67.29,75.33,1.3,0.2,0.5,0.3,0.9,0.4,0.2,0.1,0.1,0.1,0.3,0.1,1.57,1.22,1.47,1.46,1.19,1.4,0.11,0.03,0.08,0.2,0.2,0.1,0.3,0.1,0.4,0.2,0.2,0.2,0.2,2.0,2.0,1.0,1.0,2.0,1.0,1.0,1.0,3.0,2.0,4.0,1.0,1.0,1.0,1.0,1.0,1.0,1.0,2.0,6.0,1.0,1.0,1.0,2.0,14.0,29.0,11.0,14.0,26.0,15.0,10.0,22.0,24.0,19.0,18.0,15.0,20.0,23.0,6.0,11.0,15.0,19.0,19.0,39.0,13.0,6.0,9.0,14.0,8.0,7.0,7.0,16.0,8.0,1.0,12.0
2019-09-14 10:00:00,8.0,4.0,8.0,5.0,4.0,5.0,4.0,8.0,8.0,6.0,18.0,9.0,11.0,15.0,15.0,12.0,28.0,11.0,6.0,17.0,18.0,15.0,10.0,23.0,42.0,15.0,18.0,23.0,23.0,11.0,39.0,45.0,17.0,41.0,17.0,22.0,26.0,8.0,16.0,19.0,19.0,28.0,64.0,16.0,7.0,13.0,17.0,50.93,38.06,59.3,62.36,69.94,52.05,47.21,62.93,63.22,61.75,50.84,80.1,69.0,74.88,1.3,0.2,0.5,0.3,0.9,0.4,0.3,0.1,0.1,0.1,0.3,0.1,1.57,1.21,1.48,1.46,1.19,1.39,0.11,0.03,0.09,0.2,0.2,0.2,0.3,0.1,0.5,0.1,0.2,0.2,0.2,4.0,5.0,1.0,1.0,2.0,2.0,1.0,5.0,8.0,2.0,9.0,2.0,2.0,2.0,1.0,1.0,2.0,1.0,3.0,12.0,2.0,1.0,1.0,2.0,17.0,35.0,14.0,16.0,19.0,20.0,10.0,32.0,33.0,14.0,27.0,15.0,19.0,23.0,7.0,14.0,16.0,17.0,24.0,45.0,13.0,6.0,11.0,14.0,11.0,7.0,9.0,24.0,6.0,1.0,13.0
2019-09-14 11:00:00,8.0,4.0,8.0,5.0,5.0,5.0,4.0,8.0,8.0,6.0,14.0,11.0,11.0,12.0,18.0,14.0,24.0,10.0,8.0,17.0,18.0,13.0,11.0,32.0,42.0,20.0,17.0,22.0,23.0,17.0,16.0,48.0,15.0,39.0,19.0,22.0,22.0,14.0,14.0,18.0,20.0,15.0,51.0,14.0,6.0,13.0,16.0,53.8,39.96,60.63,64.96,68.34,71.51,46.44,63.95,66.05,61.84,59.14,82.6,73.35,78.25,1.6,0.3,0.6,0.6,1.0,0.5,0.3,0.1,0.1,0.1,0.3,0.1,1.57,1.22,1.47,1.46,1.2,1.4,0.11,0.02,0.07,0.3,0.2,0.2,0.3,0.2,0.5,0.1,0.2,0.2,0.2,6.0,6.0,2.0,1.0,3.0,3.0,2.0,2.0,9.0,2.0,8.0,2.0,3.0,2.0,2.0,1.0,3.0,1.0,2.0,10.0,2.0,1.0,2.0,1.0,23.0,34.0,18.0,15.0,17.0,19.0,14.0,13.0,35.0,11.0,26.0,15.0,18.0,19.0,12.0,13.0,13.0,18.0,12.0,36.0,11.0,5.0,11.0,14.0,8.0,7.0,12.0,18.0,5.0,1.0,12.0
2019-09-14 12:00:00,8.0,4.0,8.0,6.0,5.0,7.0,4.0,8.0,8.0,6.0,10.0,10.0,16.0,13.0,15.0,9.0,25.0,13.0,6.0,66.0,17.0,12.0,6.0,41.0,40.0,27.0,12.0,25.0,22.0,21.0,12.0,45.0,15.0,34.0,17.0,27.0,25.0,17.0,12.0,18.0,25.0,18.0,59.0,14.0,7.0,8.0,15.0,56.91,43.8,59.85,68.01,66.93,76.71,52.27,68.57,68.93,61.65,57.02,84.0,78.63,83.14,1.6,0.3,0.6,0.5,1.0,0.6,0.4,0.1,0.2,0.2,0.3,0.1,1.57,1.22,1.48,1.45,1.2,1.39,0.12,0.02,0.1,0.3,0.3,0.1,0.3,0.2,0.3,0.1,0.2,0.2,0.2,8.0,5.0,3.0,1.0,3.0,3.0,3.0,2.0,9.0,2.0,7.0,2.0,4.0,2.0,2.0,1.0,3.0,2.0,3.0,12.0,2.0,1.0,1.0,1.0,29.0,32.0,22.0,11.0,20.0,18.0,16.0,9.0,32.0,11.0,24.0,14.0,20.0,21.0,14.0,11.0,14.0,22.0,13.0,41.0,10.0,6.0,7.0,14.0,3.0,11.0,8.0,20.0,9.0,1.0,12.0
2019-09-14 13:00:00,8.0,4.0,8.0,6.0,5.0,11.0,4.0,8.0,8.0,6.0,13.0,11.0,15.0,13.0,17.0,30.0,2.0,12.0,4.0,46.0,16.0,14.0,9.0,44.0,38.0,38.0,18.0,23.0,23.0,17.0,15.0,33.0,26.0,20.0,18.0,26.0,21.0,26.0,11.0,18.0,24.0,20.0,65.0,14.0,9.0,10.0,16.0,61.35,46.22,61.52,68.99,72.56,77.65,60.32,74.01,72.81,65.9,56.77,86.48,81.51,89.58,1.8,0.4,0.7,0.6,1.0,0.6,0.4,0.1,0.2,0.1,0.3,0.1,1.58,1.23,1.49,1.46,1.22,1.4,0.12,0.01,0.09,0.3,0.3,0.2,0.3,0.2,0.3,0.2,0.2,0.2,0.2,8.0,6.0,7.0,1.0,3.0,3.0,2.0,1.0,4.0,4.0,3.0,2.0,3.0,1.0,3.0,1.0,2.0,1.0,3.0,14.0,1.0,1.0,1.0,1.0,32.0,29.0,26.0,16.0,19.0,19.0,15.0,13.0,26.0,20.0,16.0,15.0,20.0,19.0,22.0,10.0,15.0,22.0,16.0,43.0,12.0,8.0,8.0,14.0,5.0,11.0,11.0,1.0,7.0,1.0,10.0
2019-09-14 14:00:00,8.0,4.0,7.0,5.0,4.0,6.0,4.0,8.0,8.0,5.0,8.0,10.0,11.0,12.0,14.0,22.0,7.0,15.0,12.0,53.0,13.0,11.0,34.0,57.0,49.0,32.0,22.0,27.0,26.0,19.0,33.0,38.0,33.0,31.0,29.0,36.0,32.0,24.0,17.0,26.0,39.0,33.0,80.0,25.0,20.0,24.0,21.0,46.15,38.72,49.31,57.77,58.8,57.75,51.07,54.27,58.11,53.11,43.82,62.52,61.77,75.49,1.6,0.7,0.5,0.6,0.8,0.5,0.3,0.2,0.2,0.1,0.2,0.1,1.63,1.25,1.47,1.51,1.25,1.41,0.12,0.01,0.06,0.4,0.3,0.2,0.3,0.2,0.3,0.2,0.2,0.2,0.2,12.0,5.0,3.0,1.0,2.0,2.0,1.0,2.0,4.0,4.0,4.0,2.0,3.0,2.0,1.0,1.0,2.0,4.0,3.0,16.0,2.0,1.0,1.0,1.0,40.0,41.0,27.0,21.0,23.0,23.0,18.0,29.0,32.0,26.0,25.0,26.0,31.0,29.0,22.0,15.0,23.0,33.0,28.0,55.0,21.0,18.0,21.0,19.0,2.0,4.0,7.0,3.0,10.0,4.0,7.0
2019-09-14 15:00:00,9.0,4.0,8.0,6.0,4.0,5.0,4.0,9.0,8.0,6.0,13.0,11.0,12.0,18.0,14.0,17.0,23.0,14.0,13.0,51.0,15.0,12.0,16.0,48.0,63.0,34.0,41.0,42.0,39.0,25.0,38.0,49.0,33.0,64.0,47.0,35.0,41.0,27.0,26.0,41.0,26.0,32.0,99.0,39.0,17.0,23.0,24.0,42.39,25.69,46.0,50.4,55.68,52.08,49.04,45.73,52.51,59.84,40.55,65.2,64.31,65.02,2.7,0.4,1.2,1.0,1.2,0.8,0.5,0.1,0.3,0.2,0.3,0.1,1.59,1.25,1.47,1.46,1.24,1.42,0.13,0.01,0.05,0.3,0.3,0.2,0.4,0.2,0.3,0.2,0.3,0.3,0.3,9.0,8.0,3.0,5.0,5.0,4.0,3.0,4.0,7.0,4.0,13.0,5.0,3.0,3.0,2.0,1.0,5.0,1.0,4.0,23.0,6.0,1.0,2.0,2.0,35.0,51.0,30.0,33.0,34.0,32.0,21.0,31.0,39.0,27.0,45.0,39.0,30.0,36.0,24.0,24.0,33.0,25.0,27.0,64.0,30.0,15.0,20.0,21.0,5.0,4.0,6.0,17.0,8.0,5.0,8.0
2019-09-14 16:00:00,9.0,4.0,8.0,6.0,4.0,5.0,4.0,8.0,8.0,6.0,16.0,16.0,17.0,16.0,15.0,23.0,31.0,12.0,23.0,63.0,18.0,16.0,16.0,44.0,37.0,28.0,21.0,24.0,28.0,21.0,28.0,40.0,28.0,24.0,29.0,31.0,29.0,19.0,17.0,25.0,27.0,30.0,61.0,22.0,11.0,18.0,19.0,56.37,33.19,57.57,65.31,65.87,57.85,56.31,59.83,62.01,60.13,57.86,76.79,70.32,76.69,2.2,0.4,1.1,1.0,1.2,0.7,0.4,0.1,0.2,0.2,0.4,0.2,1.57,1.22,1.48,1.46,1.21,1.43,0.11,0.02,0.05,0.3,0.3,0.2,0.3,0.2,0.3,0.2,0.2,0.2,0.2,8.0,4.0,3.0,1.0,3.0,3.0,2.0,2.0,6.0,4.0,2.0,3.0,3.0,2.0,2.0,1.0,3.0,1.0,3.0,12.0,2.0,1.0,1.0,1.0,31.0,31.0,24.0,20.0,20.0,23.0,17.0,26.0,31.0,22.0,20.0,24.0,26.0,26.0,17.0,15.0,20.0,25.0,26.0,44.0,18.0,9.0,16.0,18.0,9.0,9.0,9.0,26.0,7.0,17.0,12.0
2019-09-14 17:00:00,8.0,4.0,8.0,5.0,4.0,5.0,4.0,8.0,8.0,6.0,9.0,8.0,13.0,16.0,9.0,16.0,27.0,11.0,29.0,52.0,12.0,10.0,7.0,51.0,36.0,28.0,15.0,18.0,20.0,14.0,44.0,37.0,17.0,23.0,22.0,36.0,26.0,14.0,15.0,16.0,22.0,32.0,48.0,21.0,12.0,16.0,19.0,55.9,37.36,55.93,66.97,65.93,49.85,55.3,62.97,59.74,63.42,59.74,76.31,71.99,78.44,1.5,0.4,0.8,0.6,1.0,0.9,0.3,0.1,0.2,0.2,0.3,0.2,1.56,1.24,1.48,1.45,1.24,1.43,0.1,0.0,0.05,0.4,0.3,0.2,0.3,0.2,0.3,0.2,0.2,0.2,0.2,10.0,4.0,3.0,1.0,2.0,2.0,1.0,5.0,5.0,2.0,2.0,2.0,7.0,2.0,1.0,1.0,2.0,1.0,3.0,8.0,2.0,1.0,1.0,1.0,35.0,30.0,24.0,14.0,15.0,17.0,12.0,36.0,30.0,13.0,20.0,19.0,25.0,24.0,12.0,13.0,13.0,20.0,27.0,37.0,18.0,11.0,14.0,18.0,3.0,7.0,4.0,23.0,5.0,24.0,7.0
2019-09-14 18:00:00,8.0,4.0,8.0,6.0,4.0,5.0,4.0,8.0,8.0,6.0,10.0,10.0,12.0,9.0,14.0,8.0,9.0,19.0,12.0,10.0,13.0,8.0,6.0,44.0,35.0,28.0,22.0,20.0,26.0,20.0,46.0,42.0,21.0,38.0,31.0,29.0,29.0,18.0,17.0,24.0,24.0,37.0,56.0,29.0,15.0,25.0,22.0,55.21,35.48,58.18,61.79,62.92,50.79,52.99,54.97,63.98,61.26,56.55,69.98,65.31,70.77,1.5,0.6,0.7,0.7,1.2,0.9,0.4,0.1,0.2,0.2,0.3,0.3,1.56,1.22,1.48,1.45,1.21,1.42,0.11,0.02,0.07,0.3,0.3,0.2,0.3,0.2,0.3,0.1,0.2,0.2,0.2,9.0,2.0,1.0,1.0,2.0,2.0,1.0,5.0,6.0,2.0,5.0,2.0,3.0,3.0,1.0,1.0,2.0,1.0,3.0,8.0,2.0,1.0,1.0,1.0,31.0,32.0,26.0,20.0,17.0,23.0,18.0,38.0,33.0,18.0,30.0,28.0,25.0,24.0,16.0,15.0,21.0,22.0,33.0,44.0,27.0,13.0,23.0,20.0,5.0,7.0,10.0,7.0,12.0,7.0,8.0
2019-09-14 19:00:00,9.0,4.0,8.0,6.0,4.0,4.0,4.0,8.0,8.0,6.0,13.0,9.0,9.0,6.0,14.0,6.0,18.0,13.0,2.0,19.0,16.0,15.0,9.0,32.0,30.0,17.0,16.0,26.0,23.0,15.0,32.0,33.0,26.0,37.0,23.0,29.0,31.0,9.0,13.0,19.0,23.0,26.0,65.0,16.0,8.0,14.0,17.0,63.06,38.7,57.47,65.82,69.1,57.45,60.24,65.68,69.63,64.13,55.77,79.87,77.57,83.71,1.7,0.7,0.7,0.6,1.3,0.6,0.3,0.1,0.2,0.1,0.3,0.1,1.55,1.21,1.46,1.45,1.2,1.41,0.1,0.01,0.05,0.3,0.2,0.1,0.3,0.1,0.3,0.2,0.2,0.2,0.2,7.0,3.0,1.0,1.0,3.0,2.0,1.0,3.0,4.0,3.0,7.0,2.0,3.0,3.0,1.0,1.0,3.0,1.0,2.0,11.0,2.0,1.0,1.0,1.0,22.0,26.0,14.0,15.0,22.0,20.0,13.0,28.0,27.0,21.0,26.0,20.0,24.0,27.0,8.0,12.0,15.0,22.0,22.0,48.0,13.0,6.0,12.0,16.0,9.0,4.0,9.0,17.0,9.0,1.0,11.0
2019-09-14 20:00:00,9.0,4.0,8.0,6.0,4.0,4.0,4.0,8.0,9.0,7.0,14.0,9.0,10.0,17.0,14.0,12.0,27.0,10.0,7.0,86.0,20.0,7.0,6.0,41.0,34.0,29.0,18.0,39.0,24.0,15.0,50.0,40.0,27.0,53.0,27.0,30.0,30.0,23.0,15.0,34.0,30.0,34.0,76.0,23.0,9.0,11.0,18.0,56.04,36.35,48.23,60.76,64.49,45.55,53.71,60.78,65.72,57.11,47.67,74.5,75.1,82.29,1.7,0.5,0.8,0.4,1.4,0.6,0.3,0.1,0.2,0.1,0.3,0.2,1.56,1.2,1.54,1.45,1.19,1.48,0.11,0.01,0.06,0.3,0.2,0.1,0.3,0.1,0.3,0.2,0.2,0.2,0.2,5.0,2.0,2.0,1.0,4.0,1.0,1.0,4.0,4.0,3.0,9.0,2.0,2.0,1.0,2.0,1.0,5.0,1.0,2.0,14.0,2.0,1.0,1.0,1.0,34.0,32.0,26.0,17.0,33.0,22.0,13.0,43.0,34.0,22.0,39.0,25.0,28.0,29.0,20.0,13.0,27.0,28.0,31.0,55.0,20.0,7.0,9.0,17.0,9.0,6.0,7.0,24.0,5.0,4.0,14.0
2019-09-14 21:00:00,9.0,4.0,9.0,6.0,4.0,5.0,4.0,9.0,9.0,7.0,10.0,8.0,11.0,14.0,10.0,5.0,2.0,11.0,17.0,74.0,17.0,7.0,8.0,55.0,47.0,34.0,21.0,39.0,32.0,14.0,57.0,58.0,29.0,71.0,40.0,28.0,29.0,26.0,18.0,36.0,33.0,42.0,70.0,40.0,16.0,14.0,20.0,48.72,32.22,40.49,48.63,57.4,38.55,38.33,40.57,61.74,51.72,38.61,51.32,70.77,72.02,2.0,0.5,1.4,0.7,1.4,0.6,0.4,0.1,0.2,0.1,0.4,0.2,1.58,1.2,1.53,1.46,1.19,1.47,0.12,0.01,0.06,0.4,0.3,0.2,0.3,0.1,0.4,0.2,0.3,0.3,0.3,6.0,2.0,1.0,1.0,2.0,1.0,1.0,4.0,5.0,3.0,14.0,1.0,1.0,1.0,1.0,1.0,2.0,1.0,2.0,9.0,2.0,1.0,1.0,1.0,46.0,43.0,32.0,20.0,36.0,30.0,13.0,50.0,50.0,24.0,50.0,39.0,26.0,27.0,25.0,17.0,33.0,32.0,40.0,57.0,37.0,14.0,12.0,18.0,6.0,7.0,5.0,1.0,5.0,12.0,13.0
2019-09-14 22:00:00,9.0,4.0,9.0,6.0,4.0,5.0,4.0,9.0,9.0,7.0,11.0,9.0,12.0,13.0,15.0,12.0,21.0,13.0,6.0,61.0,19.0,12.0,9.0,50.0,53.0,38.0,31.0,43.0,33.0,20.0,40.0,57.0,49.0,84.0,56.0,39.0,38.0,25.0,21.0,38.0,49.0,57.0,109.0,35.0,16.0,24.0,28.0,39.73,23.82,36.75,39.54,54.16,45.43,32.74,25.51,50.56,36.59,18.04,38.8,58.1,46.72,2.5,0.6,1.6,0.6,2.0,0.7,0.5,0.1,0.3,0.2,0.5,0.3,1.6,1.22,1.48,1.46,1.22,1.42,0.14,0.01,0.06,0.3,0.4,0.2,0.4,0.2,0.4,0.2,0.3,0.4,0.3,3.0,2.0,2.0,1.0,2.0,1.0,1.0,2.0,5.0,7.0,14.0,2.0,2.0,1.0,1.0,1.0,2.0,3.0,3.0,21.0,4.0,1.0,1.0,1.0,47.0,49.0,35.0,30.0,39.0,32.0,19.0,38.0,49.0,38.0,63.0,52.0,35.0,36.0,24.0,19.0,36.0,44.0,53.0,76.0,30.0,15.0,22.0,26.0,6.0,7.0,10.0,20.0,7.0,4.0,14.0
2019-09-14 23:00:00,9.0,4.0,8.0,6.0,4.0,5.0,4.0,9.0,9.0,8.0,13.0,10.0,9.0,17.0,19.0,18.0,59.0,10.0,24.0,34.0,23.0,11.0,7.0,54.0,72.0,34.0,49.0,44.0,43.0,15.0,48.0,57.0,62.0,73.0,48.0,74.0,44.0,23.0,22.0,25.0,46.0,55.0,86.0,21.0,15.0,34.0,23.0,21.24,14.93,30.66,28.13,26.03,34.75,44.77,24.39,29.7,30.94,18.51,25.45,40.05,55.8,2.9,0.4,2.0,0.2,2.2,0.7,0.6,0.1,0.4,0.1,0.6,0.3,1.64,1.22,1.51,1.49,1.21,1.42,0.15,0.02,0.09,0.3,0.4,0.3,0.4,0.1,0.5,0.3,0.3,0.4,0.3,5.0,6.0,1.0,2.0,2.0,1.0,1.0,3.0,6.0,7.0,11.0,1.0,6.0,1.0,1.0,1.0,2.0,2.0,3.0,14.0,1.0,1.0,1.0,1.0,47.0,63.0,32.0,46.0,41.0,40.0,13.0,44.0,48.0,52.0,57.0,46.0,65.0,43.0,21.0,20.0,22.0,42.0,50.0,66.0,19.0,14.0,33.0,22.0,8.0,3.0,14.0,57.0,5.0,18.0,17.0
2019-09-15 00:00:00,9.0,4.0,9.0,6.0,4.0,7.0,4.0,9.0,9.0,8.0,15.0,10.0,10.0,20.0,15.0,4.0,7.0,13.0,12.0,78.0,22.0,10.0,8.0,53.0,54.0,24.0,35.0,74.0,42.0,27.0,46.0,54.0,39.0,54.0,42.0,41.0,53.0,19.0,28.0,25.0,42.0,72.0,77.0,22.0,21.0,13.0,23.0,31.05,17.06,10.55,21.77,18.54,33.65,29.64,24.44,31.82,29.67,20.21,15.52,55.97,52.49,3.0,0.3,2.5,0.3,2.2,2.1,0.6,0.1,0.4,0.1,0.6,0.6,1.65,1.24,1.59,1.5,1.21,1.48,0.15,0.03,0.11,0.4,0.4,0.2,0.4,0.2,1.4,0.2,0.3,0.3,0.3,9.0,3.0,1.0,2.0,3.0,1.0,1.0,3.0,7.0,3.0,7.0,1.0,2.0,1.0,1.0,1.0,1.0,1.0,11.0,10.0,1.0,1.0,1.0,1.0,39.0,49.0,23.0,32.0,68.0,40.0,25.0,41.0,43.0,35.0,43.0,40.0,39.0,52.0,18.0,26.0,23.0,41.0,55.0,61.0,20.0,19.0,11.0,22.0,11.0,5.0,10.0,4.0,7.0,6.0,17.0
2019-09-15 01:00:00,9.0,4.0,9.0,6.0,4.0,5.0,4.0,8.0,8.0,8.0,16.0,11.0,14.0,14.0,16.0,5.0,18.0,13.0,12.0,61.0,22.0,10.0,4.0,37.0,38.0,20.0,25.0,45.0,41.0,29.0,37.0,36.0,25.0,41.0,32.0,26.0,22.0,14.0,14.0,15.0,38.0,59.0,66.0,19.0,20.0,14.0,23.0,38.49,20.57,26.22,24.96,16.56,33.24,39.87,32.72,48.07,34.82,27.77,12.09,49.28,51.11,2.5,,2.7,0.8,2.1,1.7,0.5,,0.4,0.2,0.5,0.6,1.6,1.26,1.61,1.46,1.21,1.53,0.14,0.04,0.08,0.4,0.3,0.2,0.4,0.2,1.5,0.2,0.2,0.3,0.2,7.0,4.0,1.0,1.0,2.0,2.0,1.0,2.0,4.0,2.0,7.0,1.0,2.0,1.0,1.0,1.0,1.0,1.0,4.0,8.0,1.0,1.0,1.0,1.0,27.0,33.0,18.0,23.0,42.0,38.0,27.0,34.0,30.0,22.0,31.0,30.0,23.0,20.0,12.0,13.0,13.0,37.0,53.0,54.0,18.0,19.0,13.0,22.0,10.0,9.0,10.0,17.0,6.0,6.0,16.0
2019-09-15 02:00:00,9.0,4.0,9.0,7.0,4.0,4.0,4.0,8.0,9.0,7.0,18.0,10.0,11.0,12.0,11.0,8.0,24.0,9.0,10.0,30.0,18.0,9.0,4.0,36.0,43.0,18.0,30.0,35.0,28.0,22.0,37.0,35.0,39.0,24.0,22.0,43.0,27.0,12.0,18.0,16.0,32.0,49.0,61.0,16.0,14.0,20.0,19.0,28.66,15.18,27.32,33.58,24.3,23.42,35.56,34.7,38.81,33.07,31.84,26.26,38.71,52.5,2.0,,1.4,1.4,1.7,1.3,0.4,,0.3,0.2,0.5,0.4,1.58,1.24,1.54,1.45,1.2,1.46,0.13,0.04,0.09,0.3,0.3,0.2,0.3,0.2,1.6,0.1,0.3,0.2,0.2,7.0,4.0,1.0,1.0,2.0,1.0,1.0,3.0,4.0,2.0,2.0,1.0,2.0,1.0,1.0,1.0,1.0,1.0,4.0,10.0,1.0,1.0,1.0,1.0,26.0,37.0,16.0,29.0,32.0,26.0,20.0,32.0,28.0,36.0,21.0,21.0,40.0,26.0,10.0,16.0,14.0,30.0,42.0,46.0,15.0,13.0,18.0,18.0,10.0,6.0,5.0,20.0,4.0,3.0,13.0
2019-09-15 03:00:00,9.0,4.0,9.0,6.0,4.0,5.0,4.0,8.0,9.0,8.0,14.0,12.0,13.0,14.0,11.0,9.0,24.0,11.0,14.0,20.0,18.0,11.0,7.0,36.0,35.0,18.0,21.0,33.0,22.0,18.0,49.0,32.0,27.0,26.0,17.0,25.0,23.0,12.0,17.0,14.0,15.0,50.0,48.0,17.0,8.0,14.0,19.0,28.33,15.53,22.34,33.47,24.12,11.18,33.33,33.33,35.28,39.58,29.95,40.18,37.7,47.99,1.8,,1.1,0.8,1.3,1.0,0.4,,0.2,0.2,0.4,0.3,1.59,1.24,1.55,1.47,1.21,1.48,0.12,0.03,0.07,0.3,0.3,0.2,0.3,0.2,1.7,0.2,0.2,0.2,0.2,7.0,3.0,1.0,1.0,2.0,1.0,1.0,4.0,4.0,2.0,3.0,1.0,1.0,1.0,1.0,1.0,1.0,1.0,4.0,5.0,1.0,1.0,1.0,1.0,25.0,31.0,16.0,19.0,30.0,21.0,16.0,43.0,25.0,24.0,21.0,16.0,23.0,21.0,10.0,15.0,12.0,14.0,43.0,41.0,16.0,7.0,13.0,17.0,8.0,7.0,5.0,19.0,6.0,7.0,12.0
2019-09-15 04:00:00,9.0,4.0,8.0,6.0,4.0,5.0,4.0,8.0,9.0,7.0,14.0,10.0,14.0,12.0,15.0,3.0,18.0,12.0,12.0,40.0,20.0,11.0,5.0,27.0,34.0,15.0,17.0,22.0,21.0,17.0,29.0,28.0,22.0,28.0,17.0,18.0,17.0,9.0,11.0,16.0,20.0,30.0,35.0,17.0,9.0,10.0,17.0,26.0,14.73,28.53,26.65,26.32,24.81,34.17,32.16,38.11,34.02,30.16,34.71,38.89,51.92,1.8,,1.2,0.7,1.2,1.0,0.3,,0.2,0.2,0.4,0.2,1.6,1.25,1.56,1.47,1.21,1.48,0.13,0.04,0.08,0.3,0.2,0.2,0.3,0.2,1.7,0.1,0.2,0.2,0.2,4.0,3.0,1.0,1.0,2.0,1.0,1.0,1.0,4.0,2.0,4.0,1.0,1.0,1.0,1.0,1.0,1.0,1.0,1.0,2.0,1.0,1.0,1.0,1.0,21.0,29.0,13.0,16.0,20.0,20.0,15.0,26.0,22.0,18.0,22.0,15.0,16.0,16.0,8.0,10.0,14.0,18.0,28.0,32.0,15.0,8.0,9.0,15.0,8.0,8.0,8.0,12.0,6.0,5.0,13.0
2019-09-15 05:00:00,8.0,4.0,8.0,6.0,4.0,5.0,4.0,8.0,9.0,8.0,12.0,8.0,16.0,4.0,19.0,3.0,25.0,13.0,16.0,28.0,16.0,10.0,3.0,25.0,33.0,13.0,16.0,20.0,21.0,16.0,20.0,39.0,16.0,18.0,16.0,16.0,17.0,10.0,11.0,13.0,17.0,29.0,36.0,11.0,10.0,13.0,18.0,28.65,16.36,29.35,29.6,21.66,34.16,27.63,36.71,38.89,37.32,32.33,24.27,37.6,54.18,2.0,,1.5,0.9,1.2,1.0,0.3,,0.2,0.1,0.3,0.2,1.6,1.25,1.55,1.47,1.2,1.45,0.13,0.05,0.1,0.3,0.2,0.2,0.3,0.2,1.8,0.1,0.2,0.2,0.2,3.0,3.0,1.0,1.0,2.0,1.0,1.0,1.0,6.0,1.0,2.0,1.0,1.0,1.0,1.0,1.0,1.0,1.0,2.0,3.0,1.0,1.0,1.0,1.0,20.0,28.0,11.0,15.0,18.0,20.0,15.0,19.0,30.0,14.0,15.0,15.0,14.0,16.0,8.0,10.0,12.0,15.0,27.0,31.0,9.0,9.0,12.0,16.0,6.0,9.0,12.0,19.0,6.0,9.0,10.0
2019-09-15 06:00:00,9.0,4.0,8.0,6.0,4.0,5.0,4.0,9.0,9.0,6.0,13.0,10.0,13.0,14.0,16.0,17.0,29.0,13.0,15.0,27.0,11.0,10.0,5.0,25.0,35.0,15.0,16.0,18.0,15.0,14.0,17.0,40.0,12.0,13.0,11.0,11.0,16.0,9.0,12.0,22.0,16.0,27.0,36.0,9.0,8.0,11.0,17.0,26.86,15.7,27.6,39.13,29.4,37.95,28.83,43.93,35.9,34.67,31.1,38.29,43.04,56.85,1.7,,1.0,0.9,0.9,0.9,0.3,,0.2,0.1,0.3,0.2,1.6,1.26,1.53,1.47,1.2,1.44,0.13,0.06,0.09,0.3,0.2,0.2,0.3,0.2,1.8,0.1,0.2,0.1,0.2,3.0,3.0,1.0,1.0,2.0,1.0,1.0,1.0,8.0,1.0,1.0,1.0,1.0,1.0,1.0,1.0,1.0,1.0,2.0,3.0,1.0,1.0,1.0,1.0,20.0,30.0,14.0,15.0,16.0,14.0,12.0,15.0,27.0,10.0,12.0,9.0,10.0,14.0,8.0,10.0,20.0,14.0,24.0,31.0,7.0,6.0,10.0,16.0,8.0,7.0,9.0,24.0,7.0,8.0,6.0
2019-09-15 07:00:00,8.0,4.0,8.0,6.0,4.0,5.0,4.0,8.0,9.0,6.0,16.0,9.0,14.0,18.0,13.0,25.0,7.0,15.0,7.0,52.0,16.0,12.0,15.0,30.0,48.0,42.0,23.0,19.0,17.0,16.0,46.0,62.0,20.0,29.0,19.0,26.0,24.0,13.0,9.0,24.0,21.0,26.0,44.0,13.0,12.0,17.0,17.0,15.43,10.43,22.51,32.8,24.39,19.16,18.46,25.14,25.72,22.97,25.19,20.15,34.34,52.97,1.9,,1.0,0.8,1.0,0.9,0.3,,0.2,0.1,0.3,0.1,1.61,1.28,1.52,1.48,1.23,1.44,0.14,0.05,0.08,0.3,0.3,0.2,0.3,0.2,1.9,0.2,0.2,0.2,0.2,3.0,8.0,7.0,1.0,2.0,1.0,1.0,4.0,16.0,2.0,2.0,1.0,2.0,1.0,1.0,1.0,2.0,1.0,2.0,4.0,1.0,1.0,1.0,1.0,25.0,36.0,32.0,21.0,16.0,16.0,14.0,40.0,38.0,17.0,25.0,17.0,24.0,23.0,11.0,7.0,22.0,19.0,23.0,39.0,12.0,11.0,16.0,15.0,10.0,8.0,6.0,5.0,8.0,2.0,11.0
2019-09-15 08:00:00,8.0,4.0,8.0,6.0,4.0,5.0,4.0,8.0,9.0,6.0,15.0,10.0,13.0,13.0,17.0,7.0,44.0,11.0,19.0,34.0,16.0,14.0,10.0,29.0,35.0,18.0,19.0,33.0,30.0,20.0,44.0,38.0,22.0,33.0,17.0,25.0,30.0,14.0,14.0,27.0,24.0,37.0,68.0,16.0,10.0,14.0,20.0,23.1,14.95,17.67,15.69,21.17,25.53,23.88,35.05,23.53,28.88,15.66,32.83,43.79,52.45,2.4,,1.4,0.9,1.4,1.2,0.4,,0.2,0.1,0.3,0.1,1.62,1.31,1.53,1.48,1.26,1.45,0.14,0.05,0.08,0.3,0.3,0.2,0.4,0.2,1.9,0.2,0.2,0.2,0.2,3.0,2.0,1.0,1.0,2.0,1.0,1.0,3.0,5.0,2.0,3.0,1.0,1.0,1.0,1.0,1.0,1.0,1.0,3.0,12.0,1.0,1.0,1.0,2.0,25.0,31.0,17.0,17.0,30.0,28.0,19.0,39.0,30.0,19.0,28.0,16.0,24.0,29.0,13.0,13.0,25.0,23.0,33.0,49.0,14.0,9.0,13.0,17.0,9.0,6.0,11.0,42.0,5.0,11.0,11.0
2019-09-15 09:00:00,8.0,4.0,8.0,6.0,4.0,5.0,4.0,8.0,9.0,6.0,18.0,11.0,13.0,18.0,16.0,13.0,57.0,13.0,13.0,25.0,18.0,12.0,10.0,22.0,25.0,11.0,14.0,27.0,19.0,15.0,55.0,35.0,23.0,34.0,14.0,29.0,19.0,7.0,9.0,19.0,34.0,42.0,43.0,11.0,7.0,17.0,17.0,37.07,21.84,27.88,35.95,32.75,23.3,32.08,41.69,42.96,29.26,33.23,43.94,43.5,57.91,1.8,,1.2,1.1,1.2,0.8,0.3,,0.2,0.2,0.3,0.3,1.58,1.26,1.5,1.46,1.22,1.43,0.11,0.05,0.08,0.3,0.2,0.2,0.3,0.2,1.9,0.2,0.2,0.1,0.2,3.0,1.0,1.0,1.0,2.0,1.0,1.0,9.0,5.0,2.0,7.0,1.0,1.0,1.0,1.0,1.0,1.0,1.0,3.0,5.0,1.0,1.0,1.0,1.0,17.0,23.0,10.0,13.0,24.0,18.0,14.0,42.0,28.0,20.0,23.0,12.0,27.0,18.0,6.0,8.0,17.0,32.0,37.0,35.0,9.0,5.0,15.0,15.0,12.0,6.0,9.0,53.0,6.0,5.0,12.0
2019-09-15 10:00:00,9.0,4.0,8.0,6.0,4.0,5.0,4.0,9.0,9.0,6.0,18.0,12.0,19.0,21.0,16.0,20.0,9.0,19.0,3.0,50.0,21.0,18.0,16.0,26.0,34.0,16.0,19.0,28.0,29.0,14.0,64.0,53.0,37.0,31.0,21.0,33.0,27.0,9.0,11.0,23.0,28.0,47.0,48.0,14.0,10.0,23.0,18.0,31.12,17.57,27.5,30.39,29.59,14.98,22.32,35.44,34.63,35.24,31.97,34.4,33.75,56.7,1.4,,0.8,0.7,0.9,1.2,0.3,,0.2,0.1,0.3,0.3,1.6,1.26,1.55,1.48,1.21,1.45,0.12,0.05,0.1,0.3,0.2,0.2,0.3,0.2,2.0,0.2,0.2,0.2,0.2,4.0,3.0,1.0,1.0,2.0,2.0,1.0,8.0,8.0,5.0,6.0,1.0,2.0,1.0,1.0,1.0,2.0,1.0,6.0,5.0,1.0,1.0,1.0,1.0,20.0,30.0,14.0,18.0,25.0,26.0,13.0,51.0,40.0,30.0,22.0,19.0,30.0,25.0,7.0,10.0,20.0,26.0,39.0,39.0,13.0,8.0,21.0,16.0,10.0,11.0,7.0,5.0,10.0,1.0,14.0
2019-09-15 11:00:00,9.0,4.0,9.0,6.0,4.0,5.0,4.0,9.0,9.0,6.0,17.0,15.0,16.0,27.0,22.0,33.0,16.0,18.0,28.0,44.0,24.0,15.0,16.0,35.0,44.0,24.0,34.0,49.0,37.0,19.0,77.0,33.0,45.0,38.0,28.0,42.0,36.0,14.0,15.0,19.0,30.0,61.0,80.0,19.0,10.0,31.0,21.0,26.84,13.22,18.55,26.54,30.08,16.03,32.9,30.22,28.99,33.24,25.99,36.63,28.7,46.16,2.0,,1.5,0.7,1.0,1.7,0.4,,0.2,0.2,0.3,0.4,1.62,1.27,1.56,1.49,1.22,1.47,0.14,0.05,0.09,0.3,0.3,0.2,0.4,0.2,2.1,0.2,0.2,0.3,0.2,6.0,5.0,2.0,3.0,8.0,5.0,2.0,18.0,5.0,7.0,7.0,2.0,5.0,3.0,1.0,1.0,2.0,2.0,10.0,19.0,2.0,1.0,3.0,2.0,26.0,36.0,21.0,30.0,37.0,30.0,16.0,49.0,26.0,34.0,27.0,25.0,34.0,32.0,12.0,13.0,15.0,27.0,45.0,51.0,17.0,8.0,27.0,18.0,9.0,7.0,12.0,10.0,10.0,18.0,17.0
2019-09-15 12:00:00,11.0,4.0,10.0,6.0,4.0,5.0,4.0,9.0,9.0,6.0,24.0,12.0,17.0,20.0,30.0,28.0,42.0,24.0,14.0,34.0,26.0,22.0,19.0,38.0,32.0,22.0,21.0,42.0,28.0,18.0,52.0,26.0,47.0,39.0,23.0,46.0,35.0,11.0,12.0,23.0,23.0,44.0,64.0,18.0,7.0,15.0,18.0,39.65,18.68,27.62,40.17,41.11,28.33,41.98,42.06,38.0,43.22,36.89,55.59,47.57,56.64,1.6,,0.9,0.8,1.1,1.1,0.4,,0.2,0.2,0.4,0.4,1.6,1.26,1.51,1.48,1.22,1.46,0.12,0.04,0.05,0.4,0.2,0.2,0.4,0.2,2.0,0.2,0.2,0.3,0.3,8.0,5.0,3.0,1.0,7.0,4.0,3.0,13.0,4.0,10.0,9.0,3.0,8.0,4.0,1.0,1.0,4.0,2.0,11.0,14.0,3.0,1.0,3.0,1.0,25.0,25.0,17.0,18.0,32.0,22.0,14.0,32.0,20.0,33.0,25.0,18.0,34.0,29.0,9.0,11.0,17.0,20.0,27.0,43.0,13.0,6.0,11.0,16.0,15.0,7.0,20.0,36.0,14.0,5.0,18.0
2019-09-15 13:00:00,9.0,4.0,10.0,7.0,4.0,5.0,4.0,9.0,9.0,7.0,25.0,15.0,21.0,20.0,23.0,14.0,35.0,17.0,2.0,76.0,26.0,12.0,9.0,40.0,32.0,19.0,15.0,42.0,29.0,14.0,50.0,23.0,33.0,44.0,23.0,35.0,28.0,11.0,9.0,21.0,30.0,36.0,51.0,17.0,9.0,10.0,18.0,37.06,22.55,25.81,36.55,39.13,32.44,43.82,43.51,40.42,38.14,36.94,53.13,55.22,58.49,1.3,,1.1,0.5,1.4,0.6,0.4,,0.3,0.2,0.4,0.3,1.6,1.24,1.52,1.47,1.22,1.46,0.13,0.02,0.06,0.4,0.3,0.2,0.4,0.2,2.1,0.2,0.2,0.2,0.2,9.0,3.0,1.0,1.0,5.0,3.0,1.0,8.0,2.0,7.0,10.0,2.0,4.0,1.0,1.0,1.0,3.0,2.0,5.0,8.0,3.0,1.0,1.0,1.0,27.0,28.0,17.0,13.0,34.0,24.0,13.0,38.0,19.0,23.0,30.0,19.0,29.0,26.0,10.0,8.0,17.0,27.0,29.0,39.0,14.0,8.0,9.0,17.0,15.0,12.0,13.0,28.0,7.0,1.0,19.0
2019-09-15 14:00:00,8.0,4.0,10.0,6.0,4.0,6.0,4.0,9.0,8.0,7.0,18.0,15.0,20.0,24.0,27.0,15.0,37.0,24.0,7.0,39.0,22.0,15.0,15.0,43.0,34.0,64.0,18.0,40.0,25.0,11.0,54.0,25.0,32.0,60.0,22.0,38.0,33.0,22.0,10.0,54.0,27.0,37.0,43.0,37.0,10.0,13.0,18.0,43.17,23.69,34.48,41.16,43.3,35.49,44.64,46.29,41.87,41.84,44.88,50.62,55.07,61.8,1.6,,1.5,0.4,1.5,0.5,0.4,,0.3,0.1,0.5,0.1,1.61,1.23,1.54,1.47,1.2,1.48,0.14,0.03,0.06,0.3,0.3,0.2,0.4,0.2,2.2,0.2,0.2,0.2,0.3,9.0,5.0,15.0,1.0,9.0,4.0,1.0,11.0,3.0,7.0,16.0,3.0,7.0,4.0,3.0,1.0,15.0,1.0,7.0,9.0,8.0,1.0,2.0,1.0,29.0,27.0,41.0,16.0,27.0,20.0,9.0,37.0,20.0,22.0,35.0,18.0,26.0,27.0,17.0,8.0,31.0,25.0,26.0,29.0,25.0,8.0,11.0,17.0,10.0,12.0,17.0,30.0,14.0,1.0,14.0
2019-09-15 15:00:00,8.0,4.0,9.0,7.0,4.0,4.0,4.0,8.0,9.0,7.0,20.0,15.0,19.0,30.0,32.0,23.0,44.0,20.0,14.0,75.0,29.0,15.0,19.0,34.0,31.0,45.0,19.0,36.0,17.0,6.0,33.0,22.0,37.0,36.0,12.0,41.0,30.0,18.0,10.0,36.0,27.0,24.0,26.0,19.0,6.0,13.0,17.0,46.78,23.6,42.85,53.12,57.77,42.12,52.74,55.53,47.51,44.69,59.29,64.38,58.7,69.84,2.0,,0.9,0.1,1.4,0.5,0.4,,0.2,0.1,0.4,0.1,1.59,1.23,1.51,1.47,1.21,1.43,0.13,0.02,0.08,0.4,0.3,0.2,0.3,0.1,2.1,0.2,0.2,0.2,0.2,6.0,4.0,9.0,1.0,8.0,3.0,1.0,5.0,3.0,7.0,9.0,2.0,6.0,3.0,2.0,1.0,9.0,1.0,4.0,4.0,3.0,1.0,2.0,1.0,24.0,25.0,31.0,18.0,23.0,13.0,5.0,25.0,18.0,26.0,22.0,10.0,31.0,25.0,15.0,8.0,22.0,25.0,18.0,20.0,14.0,5.0,10.0,15.0,10.0,11.0,21.0,36.0,11.0,3.0,21.0
2019-09-15 16:00:00,8.0,4.0,8.0,7.0,4.0,4.0,4.0,8.0,9.0,6.0,20.0,14.0,12.0,16.0,26.0,35.0,37.0,18.0,15.0,107.0,24.0,12.0,19.0,29.0,23.0,24.0,12.0,22.0,12.0,5.0,39.0,16.0,21.0,31.0,10.0,27.0,19.0,9.0,7.0,27.0,18.0,29.0,23.0,15.0,5.0,14.0,18.0,48.85,26.1,47.21,57.92,59.71,41.0,55.11,58.11,55.13,51.68,60.76,69.47,59.14,73.78,1.7,,0.8,0.1,1.3,0.5,0.4,,0.1,0.1,0.3,0.1,1.59,1.24,1.57,1.47,1.22,1.45,0.13,0.02,0.12,0.3,0.3,0.2,0.3,0.1,2.1,0.2,0.2,0.1,0.2,6.0,2.0,4.0,1.0,5.0,2.0,1.0,5.0,2.0,4.0,7.0,1.0,4.0,1.0,1.0,1.0,7.0,1.0,4.0,3.0,2.0,1.0,2.0,1.0,21.0,20.0,19.0,11.0,15.0,9.0,4.0,32.0,14.0,16.0,20.0,8.0,21.0,17.0,7.0,5.0,17.0,16.0,23.0,18.0,12.0,3.0,11.0,16.0,10.0,5.0,14.0,27.0,8.0,2.0,15.0
2019-09-15 17:00:00,8.0,4.0,7.0,7.0,4.0,4.0,4.0,8.0,8.0,6.0,29.0,15.0,18.0,16.0,22.0,25.0,11.0,20.0,12.0,94.0,27.0,15.0,23.0,27.0,26.0,19.0,20.0,19.0,14.0,6.0,35.0,16.0,24.0,27.0,11.0,23.0,22.0,6.0,8.0,19.0,14.0,23.0,31.0,12.0,5.0,19.0,18.0,45.84,26.59,55.39,64.46,65.52,42.91,57.48,54.35,49.77,53.33,66.59,73.54,57.94,69.82,1.7,,0.6,0.1,1.1,0.4,0.4,,0.2,0.1,0.3,0.1,1.58,1.29,1.49,1.46,1.27,1.44,0.12,0.02,0.05,0.3,0.3,0.2,0.3,0.1,2.1,0.2,0.2,0.2,0.2,7.0,4.0,3.0,2.0,4.0,2.0,1.0,7.0,2.0,5.0,7.0,2.0,4.0,3.0,1.0,1.0,4.0,1.0,5.0,6.0,2.0,1.0,4.0,1.0,17.0,19.0,15.0,18.0,13.0,10.0,4.0,23.0,12.0,16.0,17.0,8.0,16.0,18.0,5.0,7.0,12.0,12.0,15.0,21.0,9.0,4.0,13.0,17.0,20.0,10.0,10.0,3.0,12.0,1.0,20.0
2019-09-15 18:00:00,7.0,4.0,5.0,8.0,4.0,3.0,4.0,7.0,8.0,5.0,30.0,16.0,21.0,9.0,23.0,20.0,25.0,19.0,13.0,98.0,30.0,14.0,17.0,28.0,21.0,12.0,13.0,23.0,16.0,8.0,27.0,12.0,22.0,23.0,13.0,24.0,19.0,4.0,5.0,12.0,19.0,18.0,39.0,12.0,5.0,16.0,18.0,53.49,32.15,53.04,65.94,68.57,53.86,61.4,56.5,59.33,57.85,63.56,78.02,65.29,70.58,1.3,,0.5,0.2,1.0,0.3,0.3,,0.2,0.1,0.3,0.1,1.57,1.25,1.48,1.45,1.22,1.44,0.12,0.03,0.03,0.3,0.2,0.2,0.3,0.2,2.1,0.2,0.2,0.2,0.2,8.0,3.0,2.0,1.0,4.0,2.0,1.0,5.0,2.0,4.0,6.0,2.0,4.0,2.0,1.0,1.0,3.0,1.0,3.0,8.0,2.0,1.0,2.0,1.0,17.0,16.0,10.0,11.0,17.0,12.0,6.0,20.0,10.0,15.0,14.0,10.0,18.0,16.0,3.0,4.0,8.0,18.0,13.0,27.0,8.0,3.0,12.0,17.0,23.0,12.0,11.0,16.0,11.0,2.0,20.0
2019-09-15 19:00:00,7.0,4.0,4.0,7.0,4.0,3.0,4.0,8.0,8.0,6.0,23.0,16.0,19.0,6.0,22.0,13.0,38.0,19.0,6.0,127.0,23.0,10.0,10.0,42.0,36.0,27.0,11.0,21.0,24.0,19.0,12.0,20.0,17.0,30.0,20.0,20.0,25.0,17.0,9.0,21.0,21.0,19.0,48.0,19.0,8.0,9.0,20.0,49.77,36.72,54.82,61.43,59.27,58.82,59.77,52.91,58.37,60.88,60.8,75.11,70.98,74.59,1.3,,0.5,0.4,1.0,0.6,0.3,,0.2,0.2,0.3,0.1,1.59,1.24,1.48,1.46,1.21,1.44,0.13,0.03,0.04,0.3,0.3,0.2,0.3,0.2,2.2,0.2,0.2,0.2,0.2,8.0,4.0,2.0,1.0,3.0,3.0,2.0,1.0,2.0,3.0,5.0,2.0,3.0,2.0,2.0,1.0,3.0,1.0,3.0,8.0,3.0,1.0,1.0,1.0,29.0,30.0,24.0,10.0,17.0,20.0,16.0,10.0,18.0,12.0,23.0,17.0,15.0,23.0,14.0,7.0,17.0,19.0,13.0,36.0,15.0,6.0,7.0,19.0,16.0,12.0,13.0,32.0,14.0,2.0,15.0
2019-09-15 20:00:00,7.0,4.0,5.0,7.0,4.0,3.0,4.0,8.0,8.0,5.0,18.0,12.0,21.0,17.0,17.0,8.0,28.0,17.0,8.0,91.0,22.0,10.0,15.0,41.0,41.0,21.0,15.0,14.0,22.0,14.0,14.0,18.0,21.0,23.0,26.0,22.0,28.0,11.0,7.0,15.0,23.0,26.0,41.0,21.0,9.0,9.0,22.0,44.65,33.38,60.13,61.3,62.08,57.58,60.2,45.41,60.46,57.54,63.3,68.68,68.99,67.46,1.7,,0.6,0.4,0.9,0.5,0.4,,0.2,0.2,0.3,0.1,1.58,1.23,1.48,1.45,1.2,1.43,0.13,0.03,0.05,0.3,0.3,0.2,0.3,0.2,2.2,0.2,0.2,0.2,0.2,9.0,4.0,1.0,1.0,2.0,2.0,1.0,1.0,1.0,2.0,3.0,2.0,2.0,1.0,1.0,1.0,1.0,1.0,4.0,5.0,3.0,1.0,1.0,1.0,27.0,34.0,19.0,14.0,12.0,19.0,13.0,13.0,17.0,17.0,18.0,23.0,19.0,26.0,10.0,6.0,13.0,21.0,21.0,33.0,17.0,8.0,8.0,20.0,12.0,15.0,9.0,22.0,10.0,5.0,15.0
2019-09-15 21:00:00,8.0,4.0,7.0,7.0,4.0,5.0,4.0,9.0,8.0,6.0,18.0,11.0,17.0,14.0,17.0,7.0,10.0,16.0,10.0,66.0,16.0,11.0,9.0,63.0,49.0,26.0,20.0,19.0,30.0,16.0,20.0,25.0,24.0,38.0,28.0,31.0,32.0,18.0,11.0,29.0,35.0,45.0,60.0,28.0,11.0,17.0,22.0,33.05,27.24,54.98,49.23,54.28,50.61,51.66,41.38,44.99,50.56,43.8,57.19,57.94,60.2,1.9,,0.9,0.5,1.0,0.8,0.5,,0.2,0.2,0.3,0.2,1.61,1.23,1.54,1.47,1.19,1.48,0.15,0.04,0.06,0.4,0.3,0.2,0.3,0.2,2.2,0.2,0.2,0.2,0.2,18.0,4.0,1.0,1.0,1.0,2.0,1.0,1.0,1.0,2.0,6.0,1.0,2.0,1.0,1.0,1.0,2.0,1.0,4.0,7.0,3.0,1.0,1.0,1.0,36.0,43.0,24.0,19.0,17.0,27.0,15.0,19.0,23.0,21.0,29.0,26.0,28.0,31.0,17.0,9.0,27.0,33.0,40.0,49.0,23.0,10.0,15.0,21.0,12.0,13.0,11.0,4.0,9.0,4.0,12.0
2019-09-15 22:00:00,8.0,4.0,7.0,7.0,4.0,6.0,4.0,9.0,8.0,6.0,15.0,11.0,18.0,13.0,15.0,12.0,11.0,15.0,12.0,44.0,22.0,14.0,4.0,56.0,51.0,32.0,40.0,41.0,45.0,22.0,38.0,39.0,44.0,58.0,29.0,51.0,45.0,23.0,13.0,40.0,41.0,52.0,89.0,33.0,11.0,31.0,23.0,29.29,15.36,35.55,32.05,39.83,37.98,37.33,37.44,28.25,39.19,26.42,51.84,38.69,56.48,2.4,,1.3,0.7,1.5,1.0,0.6,,0.3,0.2,0.4,0.3,1.62,1.23,1.62,1.48,1.21,1.54,0.15,0.03,0.08,0.4,0.3,0.2,0.5,0.2,2.3,0.2,0.2,0.3,0.3,10.0,2.0,1.0,1.0,2.0,2.0,1.0,2.0,2.0,5.0,9.0,1.0,3.0,1.0,1.0,1.0,3.0,2.0,4.0,14.0,3.0,1.0,1.0,1.0,41.0,48.0,31.0,39.0,38.0,41.0,21.0,35.0,35.0,37.0,44.0,28.0,47.0,44.0,22.0,11.0,35.0,39.0,46.0,67.0,28.0,9.0,30.0,21.0,9.0,13.0,9.0,6.0,10.0,7.0,17.0
2019-09-15 23:00:00,8.0,4.0,7.0,7.0,4.0,5.0,4.0,9.0,8.0,6.0,21.0,11.0,12.0,17.0,19.0,16.0,14.0,13.0,5.0,18.0,21.0,12.0,2.0,44.0,36.0,24.0,27.0,61.0,41.0,16.0,29.0,34.0,31.0,37.0,21.0,59.0,36.0,18.0,12.0,25.0,39.0,41.0,75.0,18.0,12.0,21.0,21.0,35.49,17.23,19.26,31.07,43.05,37.9,38.65,43.71,41.6,38.26,30.68,47.67,43.73,60.72,2.4,,2.0,0.5,2.1,0.9,0.5,,0.4,0.2,0.5,0.3,1.59,1.23,1.5,1.46,1.19,1.43,0.13,0.04,0.07,0.4,0.3,0.2,0.4,0.2,2.3,0.2,0.2,0.3,0.3,8.0,2.0,1.0,1.0,2.0,2.0,1.0,2.0,3.0,2.0,5.0,1.0,3.0,1.0,1.0,1.0,2.0,1.0,3.0,10.0,1.0,1.0,1.0,1.0,32.0,34.0,22.0,25.0,57.0,38.0,15.0,27.0,29.0,28.0,29.0,19.0,54.0,34.0,17.0,10.0,21.0,38.0,36.0,60.0,16.0,11.0,20.0,20.0,15.0,8.0,13.0,8.0,7.0,2.0,16.0
2019-09-16 00:00:00,8.0,4.0,8.0,7.0,4.0,6.0,4.0,8.0,8.0,6.0,15.0,9.0,9.0,20.0,13.0,2.0,12.0,10.0,8.0,45.0,18.0,9.0,5.0,56.0,39.0,24.0,21.0,40.0,26.0,18.0,18.0,40.0,21.0,27.0,24.0,27.0,27.0,17.0,10.0,26.0,29.0,30.0,44.0,24.0,10.0,15.0,21.0,37.15,23.13,32.99,47.18,48.16,54.07,38.77,42.26,45.54,42.77,48.22,53.38,55.54,57.32,1.8,,1.0,0.6,1.6,1.0,0.4,,0.2,0.2,0.4,0.3,1.58,1.25,1.48,1.46,1.2,1.41,0.12,0.05,0.08,0.5,0.3,0.2,0.4,0.2,2.3,0.2,0.2,0.2,0.2,15.0,2.0,1.0,1.0,2.0,1.0,1.0,1.0,5.0,2.0,2.0,1.0,1.0,1.0,1.0,1.0,1.0,1.0,1.0,4.0,2.0,1.0,1.0,1.0,33.0,36.0,22.0,20.0,37.0,24.0,16.0,17.0,33.0,19.0,23.0,22.0,26.0,25.0,16.0,9.0,24.0,28.0,28.0,39.0,21.0,8.0,14.0,20.0,11.0,5.0,7.0,7.0,5.0,5.0,13.0
2019-09-16 01:00:00,8.0,4.0,8.0,7.0,4.0,6.0,4.0,9.0,8.0,6.0,15.0,9.0,9.0,14.0,9.0,9.0,15.0,14.0,12.0,60.0,17.0,12.0,5.0,39.0,50.0,24.0,22.0,31.0,25.0,21.0,27.0,31.0,27.0,26.0,23.0,28.0,27.0,18.0,9.0,21.0,25.0,39.0,46.0,24.0,16.0,25.0,25.0,35.7,20.89,37.51,50.99,49.16,35.4,43.31,45.5,46.69,42.7,47.52,36.07,39.0,52.36,1.8,0.3,0.9,0.8,1.1,1.0,0.4,0.1,0.2,0.2,0.3,0.3,1.61,1.25,1.52,1.48,1.19,1.42,0.13,0.06,0.1,0.4,0.3,0.2,0.3,0.2,2.3,0.2,0.2,0.2,0.2,7.0,7.0,1.0,1.0,2.0,1.0,1.0,1.0,1.0,2.0,1.0,1.0,1.0,1.0,1.0,1.0,1.0,1.0,3.0,4.0,1.0,1.0,1.0,1.0,28.0,40.0,22.0,21.0,28.0,24.0,19.0,25.0,29.0,24.0,24.0,21.0,26.0,25.0,16.0,7.0,19.0,23.0,35.0,40.0,22.0,14.0,24.0,23.0,10.0,5.0,4.0,10.0,8.0,6.0,13.0
2019-09-16 02:00:00,8.0,4.0,8.0,6.0,4.0,6.0,4.0,10.0,9.0,6.0,13.0,11.0,10.0,12.0,12.0,9.0,22.0,11.0,16.0,40.0,15.0,10.0,6.0,39.0,36.0,36.0,25.0,27.0,23.0,21.0,24.0,33.0,28.0,36.0,31.0,22.0,25.0,29.0,10.0,33.0,15.0,25.0,37.0,27.0,17.0,25.0,24.0,30.77,14.11,38.18,45.18,40.02,29.95,36.5,29.76,40.83,50.92,44.98,22.69,29.85,45.5,2.4,0.3,1.1,1.0,1.1,1.0,0.4,0.1,0.2,0.2,0.3,0.2,1.63,1.26,1.5,1.5,1.21,1.42,0.14,0.06,0.08,0.3,0.2,0.2,0.3,0.2,2.3,0.2,0.2,0.2,0.3,4.0,2.0,1.0,1.0,2.0,1.0,1.0,1.0,2.0,2.0,2.0,1.0,1.0,1.0,1.0,1.0,2.0,1.0,1.0,1.0,1.0,1.0,1.0,1.0,33.0,34.0,35.0,24.0,25.0,22.0,20.0,23.0,30.0,25.0,34.0,29.0,21.0,23.0,27.0,9.0,31.0,13.0,23.0,35.0,25.0,15.0,24.0,22.0,8.0,5.0,8.0,18.0,6.0,11.0,11.0
2019-09-16 03:00:00,8.0,4.0,8.0,6.0,4.0,6.0,4.0,9.0,9.0,6.0,11.0,10.0,10.0,14.0,12.0,9.0,25.0,9.0,12.0,28.0,16.0,9.0,3.0,25.0,23.0,16.0,17.0,26.0,25.0,24.0,18.0,28.0,20.0,26.0,15.0,21.0,22.0,13.0,8.0,13.0,19.0,16.0,37.0,12.0,14.0,11.0,22.0,36.07,17.19,33.14,36.02,29.3,30.23,30.95,40.49,40.87,34.99,38.99,24.15,39.46,51.9,1.7,0.3,1.1,0.8,1.1,0.9,0.3,0.1,0.2,0.2,0.3,0.2,1.59,1.25,1.5,1.47,1.2,1.44,0.12,0.05,0.06,0.3,0.2,0.2,0.3,0.2,2.2,0.1,0.2,0.1,0.3,2.0,1.0,1.0,1.0,2.0,1.0,1.0,2.0,2.0,2.0,4.0,1.0,1.0,1.0,1.0,1.0,1.0,1.0,1.0,3.0,1.0,1.0,1.0,1.0,22.0,22.0,15.0,16.0,23.0,24.0,23.0,15.0,25.0,17.0,20.0,14.0,20.0,20.0,11.0,6.0,12.0,18.0,15.0,33.0,10.0,13.0,10.0,20.0,5.0,7.0,7.0,20.0,3.0,6.0,11.0
2019-09-16 04:00:00,8.0,4.0,8.0,6.0,4.0,6.0,4.0,9.0,8.0,6.0,11.0,9.0,12.0,12.0,12.0,4.0,26.0,10.0,3.0,22.0,14.0,9.0,7.0,14.0,12.0,8.0,8.0,16.0,17.0,12.0,12.0,16.0,17.0,29.0,9.0,18.0,12.0,3.0,3.0,7.0,12.0,10.0,21.0,8.0,15.0,8.0,18.0,46.09,21.78,39.83,38.97,38.23,28.43,44.57,42.27,50.38,39.65,49.15,20.91,38.81,56.93,1.3,0.7,0.9,0.6,1.0,0.7,0.2,0.1,0.1,0.1,0.3,0.2,1.56,1.23,1.51,1.45,1.19,1.45,0.11,0.04,0.07,0.2,0.2,0.1,0.3,0.1,2.2,0.1,0.2,0.1,0.2,2.0,1.0,1.0,1.0,1.0,1.0,1.0,1.0,2.0,1.0,10.0,1.0,1.0,1.0,1.0,1.0,1.0,1.0,1.0,1.0,1.0,1.0,1.0,1.0,11.0,11.0,6.0,7.0,13.0,16.0,10.0,11.0,13.0,15.0,14.0,8.0,17.0,10.0,1.0,2.0,5.0,11.0,9.0,19.0,7.0,13.0,7.0,16.0,6.0,8.0,7.0,22.0,5.0,1.0,10.0
2019-09-16 05:00:00,8.0,4.0,8.0,6.0,4.0,5.0,4.0,9.0,8.0,6.0,10.0,7.0,12.0,4.0,11.0,10.0,29.0,7.0,10.0,36.0,15.0,10.0,8.0,12.0,13.0,8.0,9.0,16.0,13.0,9.0,11.0,20.0,15.0,7.0,10.0,13.0,13.0,3.0,3.0,10.0,12.0,10.0,22.0,8.0,10.0,9.0,19.0,41.82,19.6,40.62,37.34,34.59,29.68,39.12,39.6,46.54,42.98,50.55,31.86,37.11,54.16,1.2,0.3,1.0,0.3,0.8,0.6,0.2,0.1,0.1,0.1,0.3,0.1,1.55,1.23,1.52,1.45,1.19,1.46,0.1,0.04,0.06,0.2,0.2,0.1,0.3,0.1,2.2,0.2,0.2,0.1,0.2,1.0,1.0,1.0,1.0,1.0,1.0,1.0,1.0,2.0,1.0,1.0,1.0,1.0,1.0,1.0,1.0,1.0,1.0,1.0,3.0,1.0,1.0,1.0,1.0,9.0,12.0,6.0,8.0,14.0,11.0,7.0,9.0,16.0,13.0,5.0,8.0,12.0,12.0,2.0,2.0,9.0,11.0,9.0,18.0,7.0,9.0,8.0,17.0,6.0,7.0,7.0,26.0,2.0,4.0,12.0
2019-09-16 06:00:00,8.0,4.0,9.0,6.0,4.0,5.0,4.0,9.0,8.0,6.0,8.0,9.0,8.0,14.0,9.0,7.0,29.0,12.0,9.0,83.0,18.0,11.0,5.0,15.0,28.0,10.0,14.0,16.0,11.0,8.0,17.0,22.0,15.0,14.0,15.0,15.0,15.0,8.0,5.0,15.0,15.0,30.0,22.0,10.0,6.0,13.0,18.0,32.23,17.31,41.35,43.84,41.05,27.28,37.69,31.36,42.09,40.56,46.96,48.3,36.09,47.48,1.1,0.2,0.6,0.4,0.7,0.6,0.2,0.1,0.1,0.1,0.2,0.1,1.57,1.23,1.52,1.46,1.19,1.44,0.1,0.04,0.09,0.3,0.2,0.1,0.3,0.1,2.2,0.1,0.2,0.1,0.2,2.0,3.0,1.0,1.0,1.0,1.0,1.0,1.0,3.0,1.0,3.0,1.0,1.0,1.0,1.0,1.0,2.0,1.0,4.0,2.0,1.0,1.0,1.0,1.0,12.0,22.0,9.0,12.0,14.0,10.0,7.0,15.0,17.0,13.0,10.0,13.0,14.0,14.0,6.0,3.0,12.0,14.0,24.0,19.0,9.0,4.0,11.0,17.0,4.0,4.0,5.0,25.0,6.0,4.0,14.0
2019-09-16 07:00:00,8.0,4.0,9.0,6.0,4.0,6.0,4.0,9.0,8.0,5.0,13.0,8.0,7.0,18.0,10.0,11.0,19.0,8.0,3.0,40.0,15.0,10.0,7.0,27.0,34.0,18.0,21.0,28.0,22.0,10.0,29.0,31.0,29.0,29.0,20.0,39.0,27.0,12.0,9.0,20.0,26.0,38.0,71.0,13.0,14.0,21.0,20.0,26.95,13.69,33.65,37.76,30.23,27.71,35.41,27.92,36.12,35.12,31.72,35.87,30.02,46.31,1.2,0.2,0.6,0.4,0.8,0.7,0.3,0.1,0.1,0.1,0.2,0.1,1.57,1.24,1.49,1.46,1.2,1.41,0.11,0.04,0.08,0.3,0.2,0.2,0.3,0.1,2.3,0.2,0.2,0.2,0.2,4.0,2.0,1.0,1.0,2.0,1.0,1.0,2.0,4.0,2.0,5.0,1.0,2.0,1.0,1.0,1.0,2.0,1.0,5.0,14.0,1.0,1.0,1.0,1.0,21.0,30.0,17.0,20.0,26.0,20.0,8.0,25.0,24.0,25.0,22.0,18.0,36.0,26.0,11.0,8.0,17.0,24.0,31.0,49.0,12.0,12.0,19.0,18.0,8.0,4.0,7.0,17.0,4.0,1.0,11.0
2019-09-16 08:00:00,8.0,4.0,8.0,6.0,4.0,5.0,4.0,9.0,9.0,6.0,11.0,9.0,7.0,13.0,14.0,12.0,18.0,12.0,6.0,28.0,20.0,12.0,6.0,45.0,79.0,33.0,46.0,55.0,45.0,20.0,71.0,56.0,48.0,67.0,42.0,74.0,53.0,29.0,17.0,35.0,57.0,66.0,109.0,37.0,35.0,35.0,31.0,13.48,7.08,17.51,22.54,18.02,15.3,23.61,18.79,21.89,16.48,18.91,19.04,19.3,23.28,1.4,0.2,0.9,0.5,1.1,0.8,0.3,0.1,0.2,0.1,0.3,0.2,1.6,1.25,1.51,1.48,1.22,1.41,0.12,0.04,0.09,0.3,0.3,0.2,0.5,0.2,2.4,0.2,0.2,0.3,0.2,6.0,13.0,2.0,5.0,3.0,3.0,1.0,14.0,8.0,4.0,16.0,2.0,7.0,2.0,2.0,1.0,4.0,8.0,13.0,29.0,5.0,6.0,2.0,3.0,35.0,58.0,30.0,38.0,50.0,40.0,19.0,50.0,44.0,41.0,43.0,38.0,62.0,49.0,26.0,15.0,30.0,44.0,46.0,65.0,30.0,26.0,32.0,26.0,6.0,4.0,9.0,15.0,6.0,1.0,16.0
2019-09-16 09:00:00,8.0,4.0,9.0,7.0,4.0,6.0,4.0,10.0,8.0,6.0,18.0,11.0,13.0,18.0,15.0,20.0,60.0,16.0,2.0,50.0,22.0,16.0,12.0,76.0,122.0,71.0,66.0,85.0,64.0,45.0,109.0,80.0,120.0,150.0,80.0,94.0,77.0,63.0,20.0,69.0,102.0,124.0,129.0,74.0,54.0,57.0,47.0,6.3,3.85,7.74,8.95,6.61,3.78,17.43,6.58,10.74,11.48,15.87,10.87,8.12,15.41,2.5,0.2,1.6,0.6,1.7,1.1,0.6,0.1,0.4,0.2,0.5,0.5,1.65,1.25,1.55,1.49,1.22,1.43,0.16,0.03,0.12,0.4,0.5,0.3,0.5,0.2,2.5,0.4,0.4,0.3,0.3,14.0,31.0,12.0,11.0,14.0,10.0,7.0,29.0,16.0,35.0,49.0,17.0,15.0,11.0,10.0,1.0,12.0,27.0,42.0,34.0,16.0,15.0,9.0,18.0,54.0,75.0,53.0,50.0,64.0,50.0,35.0,64.0,56.0,66.0,75.0,55.0,70.0,61.0,48.0,18.0,50.0,61.0,59.0,77.0,49.0,30.0,43.0,20.0,10.0,10.0,7.0,58.0,9.0,1.0,16.0
2019-09-16 10:00:00,9.0,4.0,9.0,7.0,5.0,6.0,4.0,10.0,8.0,6.0,18.0,11.0,13.0,21.0,26.0,15.0,50.0,14.0,11.0,44.0,20.0,18.0,19.0,137.0,109.0,85.0,58.0,76.0,85.0,57.0,99.0,93.0,93.0,133.0,55.0,75.0,101.0,57.0,26.0,69.0,65.0,88.0,134.0,14.0,24.0,54.0,37.0,15.37,8.3,20.9,10.87,15.18,15.61,20.25,23.63,13.24,25.16,18.3,32.98,23.67,30.97,3.6,0.2,2.6,0.7,2.9,1.5,0.9,0.1,0.7,0.2,0.8,0.5,1.65,1.26,1.53,1.48,1.22,1.43,0.17,0.04,0.09,0.6,0.5,0.3,0.5,0.2,3.0,0.3,0.3,0.4,0.2,46.0,26.0,18.0,7.0,14.0,22.0,13.0,28.0,21.0,23.0,42.0,8.0,13.0,23.0,8.0,1.0,15.0,12.0,26.0,41.0,1.0,5.0,11.0,11.0,67.0,69.0,57.0,48.0,55.0,51.0,37.0,56.0,60.0,57.0,69.0,42.0,55.0,66.0,45.0,24.0,46.0,47.0,48.0,71.0,13.0,17.0,37.0,20.0,9.0,8.0,14.0,45.0,7.0,2.0,14.0
2019-09-16 11:00:00,8.0,4.0,9.0,8.0,5.0,7.0,4.0,9.0,9.0,6.0,21.0,15.0,17.0,21.0,27.0,17.0,33.0,20.0,13.0,50.0,23.0,15.0,11.0,89.0,90.0,89.0,39.0,81.0,93.0,68.0,59.0,116.0,62.0,95.0,55.0,69.0,74.0,44.0,23.0,58.0,51.0,52.0,115.0,19.0,8.0,31.0,26.0,29.4,17.55,28.67,25.18,31.41,35.86,21.68,34.16,32.47,39.8,35.69,70.06,50.69,52.09,3.6,0.3,2.8,2.1,3.1,1.0,0.8,0.1,0.6,0.5,0.7,0.3,1.64,1.29,1.53,1.47,1.23,1.46,0.17,0.06,0.07,0.5,0.4,0.2,0.5,0.3,2.6,0.3,0.3,0.4,0.2,21.0,20.0,23.0,4.0,16.0,23.0,16.0,13.0,31.0,14.0,26.0,10.0,13.0,14.0,7.0,1.0,13.0,9.0,12.0,32.0,2.0,1.0,6.0,6.0,58.0,59.0,53.0,34.0,56.0,58.0,43.0,40.0,69.0,40.0,55.0,39.0,49.0,52.0,33.0,22.0,38.0,37.0,33.0,66.0,17.0,7.0,22.0,18.0,14.0,9.0,15.0,25.0,12.0,2.0,15.0
2019-09-16 12:00:00,8.0,4.0,8.0,10.0,5.0,6.0,4.0,9.0,8.0,6.0,18.0,12.0,19.0,18.0,15.0,17.0,36.0,15.0,11.0,110.0,21.0,22.0,10.0,84.0,64.0,71.0,33.0,40.0,56.0,62.0,48.0,88.0,51.0,72.0,41.0,64.0,58.0,30.0,16.0,22.0,55.0,31.0,91.0,18.0,8.0,29.0,22.0,44.72,27.11,56.47,52.97,41.32,50.22,36.68,50.51,51.35,44.92,50.65,80.18,59.98,67.44,3.3,0.3,2.2,3.5,2.7,0.8,0.6,0.1,0.4,0.5,0.5,0.2,1.61,1.3,1.49,1.47,1.23,1.42,0.15,0.07,0.08,0.4,0.3,0.2,0.4,0.3,0.8,0.2,0.3,0.2,0.3,19.0,11.0,19.0,4.0,7.0,10.0,12.0,13.0,20.0,10.0,18.0,7.0,13.0,10.0,4.0,1.0,4.0,11.0,7.0,22.0,3.0,1.0,6.0,2.0,55.0,47.0,42.0,28.0,29.0,40.0,43.0,29.0,58.0,36.0,44.0,31.0,44.0,43.0,24.0,15.0,15.0,38.0,21.0,57.0,13.0,6.0,20.0,18.0,10.0,10.0,6.0,31.0,8.0,2.0,14.0
2019-09-16 13:00:00,7.0,4.0,6.0,11.0,5.0,4.0,4.0,9.0,8.0,7.0,22.0,8.0,20.0,18.0,14.0,10.0,47.0,18.0,8.0,87.0,29.0,12.0,9.0,61.0,63.0,54.0,20.0,39.0,46.0,49.0,12.0,66.0,35.0,69.0,22.0,39.0,48.0,25.0,14.0,26.0,35.0,14.0,93.0,17.0,11.0,13.0,19.0,50.82,36.38,54.73,61.93,53.62,78.58,46.74,69.99,59.96,60.54,49.25,85.07,82.4,85.68,2.7,0.4,1.4,3.9,2.6,1.7,0.5,0.1,0.2,0.5,0.5,0.1,1.6,1.28,1.47,1.47,1.22,1.41,0.13,0.06,0.06,0.4,0.3,0.2,0.4,0.3,0.3,0.3,0.2,0.2,0.2,12.0,12.0,12.0,1.0,6.0,8.0,8.0,1.0,13.0,7.0,19.0,3.0,7.0,9.0,4.0,1.0,5.0,5.0,3.0,22.0,3.0,1.0,2.0,1.0,43.0,45.0,36.0,18.0,30.0,33.0,36.0,10.0,46.0,25.0,40.0,17.0,28.0,35.0,19.0,12.0,18.0,28.0,10.0,59.0,14.0,9.0,10.0,17.0,13.0,12.0,5.0,43.0,9.0,1.0,23.0
2019-09-16 14:00:00,7.0,4.0,6.0,11.0,5.0,4.0,4.0,9.0,8.0,4.0,23.0,15.0,19.0,20.0,18.0,18.0,37.0,19.0,14.0,102.0,28.0,13.0,8.0,61.0,43.0,37.0,18.0,27.0,44.0,39.0,10.0,61.0,27.0,42.0,23.0,54.0,30.0,31.0,10.0,30.0,27.0,11.0,73.0,17.0,15.0,18.0,19.0,66.47,45.06,64.35,66.26,67.23,91.59,55.48,75.34,74.03,68.42,64.43,87.61,90.53,91.05,2.7,0.7,1.3,3.0,2.3,1.1,0.4,0.2,0.2,0.3,0.4,0.1,1.58,1.27,1.47,1.45,1.22,1.4,0.13,0.05,0.07,0.4,0.3,0.2,0.4,0.2,0.3,0.2,0.2,0.2,0.2,12.0,6.0,5.0,1.0,4.0,8.0,7.0,1.0,11.0,5.0,9.0,3.0,14.0,3.0,7.0,1.0,6.0,2.0,2.0,17.0,3.0,1.0,3.0,1.0,44.0,34.0,30.0,16.0,21.0,32.0,28.0,9.0,44.0,20.0,28.0,18.0,33.0,26.0,21.0,8.0,20.0,24.0,8.0,47.0,13.0,13.0,14.0,17.0,13.0,12.0,9.0,31.0,12.0,3.0,21.0
2019-09-16 15:00:00,6.0,4.0,6.0,11.0,5.0,4.0,4.0,8.0,8.0,3.0,28.0,20.0,16.0,16.0,20.0,17.0,39.0,18.0,17.0,100.0,26.0,7.0,11.0,51.0,37.0,43.0,18.0,27.0,29.0,31.0,9.0,47.0,36.0,35.0,27.0,63.0,26.0,23.0,10.0,19.0,26.0,16.0,61.0,26.0,20.0,11.0,21.0,78.37,54.65,71.47,79.97,76.81,96.05,68.92,78.34,80.35,75.56,75.61,92.26,102.3,99.78,2.8,0.4,1.2,2.4,2.1,0.7,0.4,0.1,0.2,0.3,0.4,0.1,1.59,1.25,1.47,1.45,1.21,1.4,0.14,0.04,0.08,0.4,0.3,0.2,0.3,0.2,0.3,0.2,0.2,0.2,0.2,9.0,6.0,7.0,1.0,4.0,4.0,5.0,1.0,7.0,7.0,6.0,3.0,19.0,2.0,3.0,1.0,3.0,1.0,3.0,14.0,5.0,2.0,2.0,1.0,38.0,28.0,32.0,16.0,20.0,23.0,24.0,8.0,36.0,25.0,25.0,22.0,34.0,22.0,19.0,8.0,14.0,24.0,12.0,40.0,19.0,17.0,9.0,19.0,16.0,7.0,11.0,33.0,11.0,9.0,17.0
2019-09-16 16:00:00,6.0,4.0,5.0,10.0,5.0,3.0,4.0,8.0,8.0,3.0,22.0,23.0,23.0,30.0,24.0,19.0,36.0,27.0,16.0,102.0,40.0,9.0,9.0,47.0,43.0,50.0,25.0,21.0,28.0,26.0,16.0,37.0,33.0,40.0,27.0,45.0,20.0,43.0,10.0,24.0,21.0,22.0,77.0,23.0,25.0,17.0,21.0,83.78,58.67,88.09,89.56,87.0,99.65,80.63,92.15,88.38,87.54,80.71,98.76,101.9,110.9,2.5,2.3,0.9,1.7,2.1,1.1,0.4,0.3,0.2,0.2,0.3,0.2,1.65,1.29,1.49,1.47,1.26,1.4,0.18,0.03,0.09,0.3,0.3,0.2,0.3,0.2,0.3,0.2,0.2,0.2,0.3,8.0,7.0,10.0,2.0,4.0,3.0,4.0,2.0,6.0,5.0,7.0,4.0,11.0,1.0,7.0,1.0,4.0,1.0,3.0,19.0,4.0,2.0,2.0,1.0,34.0,32.0,36.0,23.0,16.0,23.0,20.0,13.0,28.0,25.0,29.0,22.0,29.0,18.0,32.0,8.0,18.0,19.0,17.0,48.0,17.0,22.0,13.0,20.0,11.0,14.0,15.0,28.0,17.0,8.0,28.0
2019-09-16 17:00:00,6.0,4.0,4.0,10.0,5.0,1.0,3.0,8.0,7.0,3.0,26.0,20.0,19.0,13.0,26.0,10.0,50.0,30.0,9.0,104.0,31.0,7.0,5.0,32.0,39.0,77.0,31.0,16.0,21.0,18.0,19.0,27.0,31.0,32.0,29.0,22.0,17.0,34.0,6.0,27.0,16.0,16.0,46.0,24.0,22.0,17.0,23.0,95.8,59.67,98.62,107.4,103.5,102.0,93.47,99.24,105.1,101.2,103.0,103.5,105.1,111.5,2.6,1.6,0.7,1.0,2.1,1.2,0.4,0.2,0.1,0.2,0.3,0.2,1.83,1.33,1.49,1.61,1.3,1.4,0.22,0.03,0.09,0.3,0.3,0.2,0.3,0.2,0.3,0.2,0.2,0.2,0.3,5.0,6.0,17.0,2.0,2.0,2.0,2.0,2.0,3.0,5.0,5.0,4.0,3.0,1.0,4.0,1.0,4.0,1.0,2.0,7.0,3.0,1.0,2.0,1.0,24.0,30.0,51.0,28.0,13.0,18.0,15.0,16.0,22.0,23.0,24.0,22.0,18.0,15.0,28.0,5.0,21.0,14.0,13.0,35.0,20.0,21.0,14.0,22.0,15.0,10.0,14.0,44.0,18.0,1.0,23.0
2019-09-16 18:00:00,6.0,4.0,4.0,10.0,5.0,1.0,4.0,8.0,7.0,3.0,19.0,16.0,17.0,15.0,36.0,16.0,54.0,20.0,20.0,103.0,23.0,8.0,11.0,32.0,43.0,75.0,30.0,19.0,19.0,13.0,22.0,25.0,59.0,37.0,31.0,28.0,16.0,54.0,5.0,78.0,14.0,18.0,47.0,42.0,24.0,18.0,26.0,98.53,68.04,99.12,108.9,111.8,106.3,103.6,99.47,112.9,106.7,102.4,102.6,109.3,106.7,2.3,3.1,0.9,0.9,1.9,1.4,0.5,0.4,0.1,0.2,0.3,0.1,1.78,1.29,1.6,1.56,1.26,1.46,0.22,0.03,0.13,0.3,0.3,0.2,0.3,0.2,0.2,0.2,0.2,0.1,0.3,4.0,6.0,14.0,1.0,2.0,2.0,1.0,2.0,2.0,13.0,6.0,2.0,4.0,1.0,5.0,1.0,18.0,1.0,2.0,7.0,5.0,1.0,2.0,1.0,26.0,34.0,55.0,28.0,15.0,17.0,11.0,20.0,22.0,40.0,28.0,28.0,22.0,14.0,45.0,4.0,51.0,13.0,15.0,36.0,34.0,22.0,16.0,24.0,10.0,8.0,25.0,49.0,10.0,7.0,15.0
2019-09-16 19:00:00,6.0,4.0,4.0,9.0,4.0,2.0,4.0,8.0,7.0,4.0,20.0,9.0,22.0,15.0,32.0,28.0,30.0,26.0,23.0,127.0,34.0,21.0,32.0,51.0,57.0,72.0,37.0,41.0,29.0,19.0,35.0,39.0,49.0,59.0,34.0,45.0,26.0,45.0,10.0,89.0,25.0,34.0,60.0,43.0,15.0,27.0,26.0,71.81,57.01,75.87,80.75,86.65,94.36,79.34,83.65,90.26,94.39,78.88,87.7,101.8,100.0,3.5,3.5,1.6,0.7,1.9,3.3,0.5,0.4,0.2,0.1,0.3,0.5,1.7,1.25,1.64,1.51,1.22,1.47,0.2,0.03,0.17,0.4,0.4,0.2,0.4,0.2,0.3,0.2,0.2,0.2,0.3,7.0,7.0,13.0,1.0,6.0,2.0,1.0,2.0,3.0,7.0,11.0,3.0,6.0,1.0,4.0,1.0,22.0,1.0,3.0,10.0,5.0,1.0,2.0,1.0,40.0,47.0,53.0,35.0,31.0,26.0,17.0,32.0,33.0,38.0,43.0,29.0,36.0,24.0,39.0,8.0,54.0,23.0,29.0,45.0,35.0,14.0,24.0,24.0,10.0,15.0,21.0,22.0,15.0,10.0,27.0
2019-09-16 20:00:00,7.0,4.0,5.0,8.0,4.0,2.0,4.0,9.0,8.0,4.0,23.0,12.0,16.0,19.0,23.0,19.0,32.0,21.0,12.0,91.0,27.0,8.0,9.0,74.0,72.0,121.0,63.0,57.0,44.0,26.0,47.0,49.0,64.0,99.0,33.0,76.0,44.0,52.0,14.0,117.0,49.0,33.0,88.0,63.0,16.0,44.0,27.0,55.27,36.37,56.65,67.1,72.54,72.54,67.15,76.3,71.28,65.66,61.51,74.43,78.58,91.98,5.8,5.1,2.0,0.8,3.0,3.1,0.6,0.6,0.2,0.2,0.4,0.4,1.72,1.26,1.53,1.52,1.23,1.42,0.2,0.03,0.11,0.4,0.5,0.3,0.4,0.2,0.4,0.3,0.2,0.3,0.3,8.0,5.0,21.0,1.0,6.0,2.0,1.0,3.0,3.0,6.0,19.0,1.0,7.0,1.0,2.0,1.0,28.0,1.0,3.0,15.0,8.0,1.0,2.0,1.0,62.0,65.0,90.0,61.0,48.0,41.0,24.0,43.0,44.0,54.0,70.0,31.0,65.0,42.0,49.0,13.0,75.0,47.0,29.0,64.0,51.0,14.0,41.0,26.0,15.0,11.0,15.0,24.0,12.0,2.0,20.0
2019-09-16 21:00:00,7.0,4.0,7.0,8.0,4.0,3.0,4.0,9.0,8.0,4.0,25.0,15.0,14.0,24.0,26.0,22.0,5.0,19.0,24.0,47.0,23.0,14.0,11.0,70.0,124.0,133.0,91.0,80.0,50.0,26.0,85.0,69.0,87.0,133.0,55.0,121.0,69.0,71.0,17.0,149.0,95.0,66.0,98.0,111.0,23.0,61.0,35.0,19.71,16.4,37.95,59.83,63.21,43.85,44.34,51.88,48.43,35.26,49.57,51.61,50.12,71.46,7.9,6.3,3.0,0.7,3.2,2.5,1.2,0.8,0.3,0.2,0.6,0.4,1.77,1.25,1.59,1.53,1.23,1.44,0.25,0.03,0.15,0.4,0.7,0.4,0.4,0.2,0.5,0.4,0.3,0.3,0.4,3.0,14.0,16.0,1.0,6.0,1.0,1.0,3.0,3.0,4.0,26.0,1.0,10.0,1.0,2.0,1.0,33.0,7.0,2.0,14.0,12.0,1.0,1.0,1.0,66.0,103.0,108.0,89.0,70.0,48.0,24.0,81.0,65.0,81.0,93.0,53.0,106.0,68.0,69.0,15.0,98.0,84.0,62.0,77.0,93.0,22.0,60.0,34.0,16.0,8.0,16.0,2.0,11.0,11.0,17.0
2019-09-16 22:00:00,8.0,4.0,8.0,7.0,4.0,4.0,4.0,9.0,9.0,6.0,34.0,15.0,16.0,26.0,28.0,43.0,22.0,23.0,27.0,32.0,25.0,19.0,16.0,96.0,192.0,209.0,176.0,116.0,70.0,47.0,102.0,111.0,183.0,164.0,61.0,190.0,97.0,99.0,23.0,156.0,140.0,77.0,92.0,145.0,32.0,77.0,43.0,3.79,2.62,12.1,35.46,36.73,23.23,10.01,40.11,31.28,3.73,33.6,27.09,25.01,43.71,10.8,9.2,3.0,0.9,5.0,3.4,1.7,1.2,0.4,0.2,1.0,0.6,1.9,1.27,1.64,1.56,1.22,1.47,0.35,0.04,0.17,0.5,1.0,0.7,0.5,0.2,0.8,0.7,0.4,0.3,0.5,8.0,47.0,49.0,41.0,11.0,3.0,1.0,5.0,11.0,43.0,38.0,3.0,40.0,1.0,5.0,1.0,31.0,18.0,3.0,6.0,20.0,1.0,2.0,1.0,84.0,121.0,135.0,113.0,99.0,65.0,46.0,94.0,94.0,117.0,106.0,57.0,128.0,96.0,91.0,21.0,108.0,112.0,72.0,82.0,115.0,30.0,73.0,41.0,17.0,11.0,16.0,12.0,14.0,14.0,18.0
2019-09-16 23:00:00,8.0,4.0,9.0,8.0,4.0,5.0,4.0,9.0,9.0,8.0,41.0,17.0,15.0,41.0,32.0,40.0,29.0,26.0,22.0,40.0,27.0,21.0,14.0,99.0,185.0,291.0,163.0,149.0,85.0,50.0,113.0,104.0,233.0,153.0,152.0,212.0,94.0,117.0,39.0,145.0,154.0,155.0,101.0,163.0,29.0,115.0,40.0,2.21,0.96,4.25,16.5,24.0,13.23,7.18,2.03,4.75,2.37,19.68,15.75,3.48,34.88,13.3,16.5,5.2,1.5,5.5,4.4,2.1,2.1,0.6,0.3,1.1,0.8,1.95,1.29,1.64,1.58,1.24,1.46,0.37,0.05,0.19,0.5,1.1,0.7,0.5,0.3,0.8,0.9,0.7,0.4,0.6,14.0,42.0,98.0,34.0,27.0,5.0,1.0,9.0,11.0,76.0,37.0,40.0,59.0,3.0,11.0,1.0,24.0,30.0,40.0,9.0,30.0,1.0,11.0,1.0,78.0,121.0,141.0,111.0,108.0,77.0,48.0,100.0,87.0,118.0,96.0,90.0,122.0,90.0,100.0,37.0,107.0,108.0,94.0,87.0,117.0,27.0,99.0,39.0,24.0,9.0,20.0,20.0,17.0,9.0,20.0
2019-09-17 00:00:00,8.0,5.0,10.0,8.0,4.0,5.0,4.0,9.0,10.0,9.0,44.0,16.0,18.0,51.0,32.0,48.0,24.0,29.0,28.0,42.0,30.0,22.0,11.0,124.0,268.0,248.0,162.0,178.0,81.0,60.0,140.0,131.0,245.0,164.0,221.0,291.0,109.0,160.0,50.0,195.0,162.0,167.0,122.0,175.0,29.0,118.0,32.0,2.08,0.99,4.16,9.09,12.56,5.07,4.61,1.53,2.93,2.2,11.79,9.06,1.7,43.05,14.5,16.5,9.3,1.8,6.4,5.3,2.3,1.9,0.7,0.4,1.2,0.9,2.06,1.29,1.75,1.63,1.24,1.51,0.43,0.05,0.24,0.6,1.3,0.6,0.6,0.3,0.8,0.8,0.9,0.4,0.7,31.0,93.0,76.0,37.0,50.0,5.0,2.0,22.0,32.0,87.0,45.0,83.0,104.0,15.0,33.0,7.0,52.0,40.0,52.0,25.0,41.0,2.0,15.0,1.0,75.0,126.0,131.0,104.0,101.0,73.0,56.0,105.0,83.0,112.0,95.0,94.0,133.0,86.0,109.0,40.0,116.0,101.0,86.0,85.0,113.0,26.0,94.0,31.0,26.0,11.0,20.0,15.0,19.0,13.0,22.0
2019-09-17 01:00:00,9.0,5.0,9.0,7.0,5.0,6.0,4.0,10.0,9.0,10.0,42.0,16.0,19.0,14.0,39.0,20.0,23.0,33.0,31.0,32.0,24.0,20.0,8.0,104.0,262.0,178.0,150.0,120.0,50.0,54.0,180.0,144.0,158.0,178.0,219.0,191.0,111.0,190.0,78.0,216.0,101.0,160.0,54.0,177.0,25.0,115.0,37.0,1.79,1.09,4.73,14.7,3.4,1.21,3.82,1.42,3.28,7.37,22.26,6.57,1.37,32.39,18.5,14.0,4.1,2.3,10.2,9.9,2.7,1.4,0.5,0.4,1.3,1.2,2.07,1.3,1.94,1.64,1.24,1.51,0.44,0.07,0.43,0.5,1.1,0.6,0.4,0.3,0.8,0.5,0.9,0.2,0.7,30.0,90.0,40.0,34.0,24.0,2.0,6.0,48.0,44.0,36.0,51.0,82.0,44.0,26.0,50.0,26.0,65.0,8.0,49.0,4.0,47.0,2.0,16.0,2.0,58.0,124.0,117.0,98.0,83.0,47.0,45.0,107.0,77.0,104.0,99.0,92.0,123.0,71.0,113.0,38.0,116.0,89.0,85.0,49.0,104.0,22.0,90.0,35.0,23.0,14.0,24.0,14.0,21.0,12.0,18.0
2019-09-17 02:00:00,8.0,5.0,9.0,7.0,4.0,5.0,4.0,10.0,9.0,9.0,33.0,12.0,16.0,12.0,37.0,21.0,25.0,26.0,25.0,22.0,21.0,16.0,10.0,67.0,222.0,124.0,123.0,83.0,38.0,35.0,138.0,86.0,121.0,145.0,188.0,143.0,75.0,123.0,63.0,190.0,77.0,125.0,50.0,96.0,23.0,94.0,34.0,1.36,1.36,4.57,16.66,6.95,0.97,2.76,1.08,2.53,13.02,13.83,5.54,4.18,35.06,14.3,8.6,2.5,2.3,11.2,1.0,2.0,0.9,0.3,0.4,1.3,1.1,1.97,1.29,2.38,1.62,1.24,1.59,0.36,0.06,0.79,0.4,0.9,0.6,0.4,0.2,0.8,0.4,0.8,0.2,0.5,16.0,71.0,13.0,19.0,10.0,2.0,3.0,34.0,26.0,15.0,38.0,69.0,21.0,18.0,15.0,17.0,57.0,2.0,32.0,3.0,11.0,2.0,7.0,2.0,42.0,112.0,104.0,94.0,67.0,35.0,29.0,86.0,47.0,98.0,86.0,81.0,111.0,47.0,101.0,37.0,103.0,75.0,77.0,45.0,79.0,20.0,83.0,32.0,19.0,12.0,23.0,17.0,17.0,11.0,17.0
2019-09-17 03:00:00,8.0,4.0,9.0,7.0,4.0,5.0,4.0,10.0,9.0,9.0,26.0,11.0,14.0,14.0,31.0,17.0,14.0,24.0,18.0,23.0,20.0,14.0,11.0,56.0,119.0,87.0,72.0,57.0,27.0,25.0,65.0,84.0,103.0,119.0,116.0,142.0,49.0,79.0,43.0,130.0,100.0,68.0,35.0,39.0,24.0,66.0,35.0,6.62,4.01,8.05,20.91,6.53,9.11,3.27,0.95,1.82,7.97,17.74,3.85,11.27,28.44,10.6,5.4,2.2,1.5,9.9,0.9,1.4,0.6,0.2,0.3,1.2,0.7,1.9,1.29,2.0,1.62,1.24,1.61,0.29,0.05,0.39,0.3,0.5,0.4,0.3,0.2,0.7,0.4,0.5,0.2,0.4,13.0,17.0,4.0,1.0,5.0,2.0,2.0,3.0,29.0,10.0,28.0,37.0,27.0,6.0,2.0,3.0,28.0,13.0,5.0,1.0,1.0,3.0,2.0,1.0,37.0,94.0,81.0,70.0,49.0,24.0,21.0,60.0,40.0,87.0,76.0,60.0,101.0,40.0,77.0,38.0,87.0,81.0,61.0,33.0,38.0,20.0,62.0,33.0,14.0,10.0,20.0,9.0,15.0,6.0,16.0
2019-09-17 04:00:00,8.0,4.0,9.0,7.0,4.0,5.0,4.0,9.0,8.0,8.0,22.0,10.0,11.0,12.0,26.0,9.0,26.0,21.0,13.0,22.0,17.0,13.0,6.0,45.0,42.0,37.0,31.0,45.0,22.0,21.0,47.0,86.0,53.0,68.0,59.0,48.0,43.0,35.0,27.0,50.0,49.0,10.0,30.0,21.0,24.0,22.0,26.0,33.18,13.87,9.16,22.32,5.0,16.09,5.24,2.39,11.24,25.66,19.01,3.76,36.31,43.35,7.3,3.5,1.8,1.2,7.2,0.7,0.9,0.3,0.2,0.2,0.9,0.2,1.77,1.3,1.51,1.55,1.25,1.45,0.21,0.05,0.07,0.3,0.3,0.2,0.3,0.2,0.5,0.2,0.3,0.1,0.3,8.0,1.0,1.0,1.0,3.0,1.0,2.0,1.0,28.0,4.0,10.0,10.0,1.0,4.0,1.0,1.0,5.0,1.0,1.0,1.0,1.0,3.0,1.0,1.0,32.0,40.0,35.0,29.0,40.0,21.0,18.0,45.0,43.0,48.0,53.0,44.0,46.0,37.0,34.0,25.0,42.0,48.0,9.0,29.0,19.0,20.0,21.0,24.0,13.0,7.0,17.0,20.0,13.0,5.0,13.0
2019-09-17 05:00:00,8.0,4.0,9.0,7.0,4.0,5.0,4.0,9.0,8.0,8.0,19.0,11.0,11.0,4.0,23.0,6.0,20.0,15.0,14.0,36.0,18.0,11.0,4.0,44.0,22.0,18.0,20.0,41.0,22.0,23.0,42.0,59.0,37.0,33.0,30.0,28.0,38.0,17.0,9.0,18.0,26.0,37.0,28.0,24.0,22.0,21.0,26.0,43.62,17.59,11.2,25.37,6.61,16.41,9.68,27.58,29.44,40.43,22.49,5.51,27.29,48.21,4.1,1.6,2.0,1.2,5.0,0.6,0.5,0.1,0.2,0.2,0.7,0.1,1.68,1.31,1.52,1.51,1.26,1.46,0.17,0.05,0.06,0.3,0.2,0.2,0.3,0.2,0.4,0.2,0.2,0.1,0.3,9.0,1.0,1.0,1.0,3.0,1.0,4.0,2.0,15.0,5.0,2.0,1.0,1.0,2.0,1.0,1.0,1.0,1.0,2.0,1.0,2.0,2.0,1.0,1.0,31.0,21.0,16.0,19.0,37.0,20.0,16.0,39.0,36.0,29.0,29.0,28.0,27.0,35.0,15.0,8.0,16.0,24.0,34.0,26.0,21.0,19.0,19.0,24.0,12.0,8.0,16.0,16.0,10.0,9.0,13.0
2019-09-17 06:00:00,8.0,4.0,9.0,7.0,4.0,4.0,4.0,9.0,8.0,7.0,16.0,10.0,10.0,14.0,17.0,4.0,14.0,15.0,18.0,20.0,17.0,11.0,3.0,49.0,22.0,16.0,16.0,41.0,25.0,18.0,47.0,38.0,16.0,26.0,23.0,16.0,32.0,19.0,7.0,20.0,23.0,33.0,33.0,20.0,23.0,17.0,23.0,42.51,19.73,14.06,20.02,16.35,11.77,27.15,38.52,43.17,35.56,20.6,3.89,28.33,52.83,3.1,1.4,1.8,0.9,3.7,0.6,0.4,0.1,0.2,0.2,0.5,0.1,1.64,1.32,1.52,1.5,1.27,1.44,0.15,0.05,0.09,0.3,0.2,0.2,0.3,0.2,0.3,0.2,0.2,0.1,0.2,13.0,1.0,1.0,1.0,5.0,1.0,2.0,6.0,4.0,1.0,3.0,1.0,1.0,1.0,3.0,1.0,1.0,1.0,3.0,3.0,1.0,3.0,1.0,1.0,30.0,21.0,14.0,14.0,33.0,23.0,15.0,38.0,32.0,14.0,22.0,21.0,15.0,31.0,14.0,6.0,18.0,22.0,28.0,29.0,18.0,18.0,16.0,21.0,11.0,7.0,11.0,10.0,9.0,12.0,13.0
2019-09-17 07:00:00,8.0,4.0,10.0,7.0,4.0,4.0,4.0,9.0,8.0,7.0,18.0,11.0,11.0,18.0,14.0,11.0,6.0,11.0,15.0,26.0,17.0,11.0,6.0,55.0,38.0,21.0,27.0,93.0,39.0,17.0,82.0,41.0,27.0,34.0,26.0,35.0,40.0,13.0,8.0,37.0,36.0,62.0,58.0,20.0,34.0,18.0,24.0,31.2,13.48,3.98,11.86,18.36,2.99,31.73,34.89,35.6,22.58,12.16,3.83,26.85,43.02,3.8,1.1,2.0,0.9,2.2,0.7,0.3,0.1,0.2,0.2,0.4,0.1,1.64,1.33,1.49,1.5,1.29,1.41,0.14,0.05,0.08,0.3,0.2,0.2,0.4,0.2,0.3,0.2,0.2,0.2,0.2,14.0,3.0,1.0,2.0,28.0,3.0,1.0,20.0,6.0,3.0,5.0,1.0,2.0,3.0,1.0,1.0,3.0,2.0,12.0,10.0,1.0,9.0,1.0,1.0,33.0,33.0,19.0,23.0,50.0,33.0,15.0,51.0,31.0,23.0,27.0,24.0,32.0,35.0,12.0,6.0,32.0,33.0,44.0,42.0,19.0,20.0,17.0,22.0,11.0,7.0,8.0,3.0,8.0,9.0,13.0
2019-09-17 08:00:00,9.0,4.0,11.0,7.0,4.0,4.0,4.0,9.0,8.0,7.0,17.0,11.0,12.0,13.0,16.0,20.0,46.0,19.0,12.0,29.0,19.0,14.0,10.0,115.0,111.0,45.0,58.0,138.0,68.0,18.0,148.0,75.0,108.0,96.0,46.0,88.0,90.0,37.0,13.0,49.0,89.0,110.0,109.0,38.0,58.0,28.0,38.0,7.72,5.14,3.17,6.25,11.99,1.0,15.95,18.2,22.42,11.97,6.69,3.15,19.73,24.96,3.1,0.8,2.9,0.8,2.0,0.8,0.4,0.1,0.4,0.1,0.4,0.2,1.66,1.33,1.51,1.49,1.3,1.41,0.17,0.03,0.09,0.4,0.4,0.3,0.5,0.2,0.4,0.4,0.3,0.4,0.2,42.0,27.0,2.0,7.0,51.0,16.0,1.0,53.0,14.0,34.0,23.0,2.0,14.0,27.0,3.0,1.0,5.0,23.0,38.0,33.0,3.0,20.0,1.0,10.0,51.0,70.0,41.0,47.0,60.0,43.0,16.0,68.0,53.0,56.0,61.0,43.0,66.0,48.0,33.0,11.0,42.0,53.0,53.0,58.0,32.0,27.0,27.0,22.0,7.0,9.0,10.0,43.0,11.0,4.0,14.0
2019-09-17 09:00:00,11.0,5.0,16.0,7.0,4.0,5.0,4.0,11.0,9.0,7.0,26.0,14.0,9.0,18.0,20.0,24.0,60.0,19.0,18.0,34.0,22.0,18.0,13.0,222.0,177.0,85.0,86.0,274.0,105.0,29.0,179.0,180.0,187.0,192.0,88.0,112.0,178.0,93.0,22.0,103.0,134.0,166.0,154.0,89.0,51.0,63.0,49.0,3.17,1.84,3.98,1.75,9.79,2.31,4.21,6.79,5.76,5.17,6.84,3.83,7.74,15.58,5.0,1.7,4.3,0.6,3.1,1.1,1.0,0.2,0.7,0.2,0.7,0.5,1.72,1.24,1.55,1.5,1.2,1.43,0.21,0.04,0.12,0.6,0.6,0.4,0.6,0.2,0.7,0.6,0.4,0.4,0.3,105.0,60.0,14.0,19.0,132.0,32.0,5.0,71.0,74.0,74.0,70.0,16.0,25.0,76.0,18.0,1.0,23.0,46.0,69.0,57.0,19.0,19.0,12.0,16.0,62.0,85.0,63.0,57.0,72.0,56.0,21.0,70.0,67.0,73.0,85.0,64.0,73.0,61.0,65.0,20.0,67.0,64.0,61.0,66.0,60.0,22.0,43.0,25.0,12.0,5.0,11.0,56.0,10.0,8.0,15.0
2019-09-17 10:00:00,11.0,4.0,13.0,9.0,5.0,7.0,4.0,10.0,9.0,7.0,31.0,17.0,15.0,21.0,30.0,25.0,45.0,22.0,21.0,32.0,30.0,18.0,26.0,279.0,153.0,110.0,88.0,224.0,152.0,53.0,107.0,224.0,140.0,150.0,118.0,103.0,252.0,80.0,27.0,111.0,175.0,121.0,187.0,81.0,36.0,53.0,54.0,8.78,3.3,4.47,3.66,3.9,6.85,4.74,6.51,8.18,6.93,9.35,8.95,16.14,18.94,6.6,3.2,6.3,10.6,3.9,1.5,1.2,0.4,0.8,0.2,1.0,0.5,1.73,1.36,1.53,1.5,1.32,1.43,0.23,0.04,0.09,0.9,0.6,0.3,0.6,0.2,0.7,0.6,0.4,0.5,0.4,135.0,47.0,27.0,21.0,96.0,59.0,21.0,34.0,95.0,47.0,49.0,32.0,23.0,119.0,16.0,3.0,29.0,68.0,44.0,78.0,18.0,11.0,10.0,22.0,72.0,80.0,68.0,57.0,76.0,61.0,21.0,55.0,78.0,68.0,75.0,68.0,68.0,69.0,56.0,22.0,67.0,71.0,54.0,68.0,53.0,19.0,37.0,21.0,14.0,10.0,16.0,37.0,11.0,9.0,20.0
2019-09-17 11:00:00,11.0,4.0,11.0,9.0,5.0,5.0,4.0,10.0,8.0,8.0,32.0,11.0,18.0,34.0,29.0,26.0,35.0,26.0,19.0,36.0,34.0,17.0,20.0,254.0,118.0,106.0,48.0,166.0,145.0,112.0,89.0,134.0,53.0,132.0,89.0,77.0,115.0,67.0,21.0,64.0,91.0,82.0,196.0,54.0,32.0,34.0,32.0,21.31,12.26,10.02,9.85,15.12,18.07,16.36,23.2,27.87,23.6,16.4,27.28,34.22,46.63,6.5,6.3,2.8,2.5,3.5,1.0,1.0,0.6,0.6,0.5,0.8,0.3,1.7,1.35,1.53,1.49,1.26,1.46,0.21,0.09,0.07,0.8,0.4,0.2,0.6,0.4,0.7,0.3,0.4,0.5,0.3,113.0,33.0,31.0,9.0,58.0,51.0,38.0,30.0,40.0,12.0,39.0,22.0,17.0,34.0,15.0,1.0,15.0,25.0,29.0,75.0,12.0,8.0,7.0,8.0,80.0,67.0,58.0,35.0,76.0,67.0,53.0,44.0,72.0,34.0,71.0,54.0,51.0,63.0,44.0,20.0,41.0,53.0,38.0,80.0,37.0,21.0,23.0,20.0,16.0,9.0,13.0,23.0,14.0,4.0,22.0
2019-09-17 12:00:00,8.0,4.0,9.0,11.0,5.0,4.0,4.0,9.0,8.0,7.0,23.0,27.0,26.0,27.0,28.0,25.0,39.0,25.0,20.0,38.0,33.0,15.0,21.0,104.0,86.0,58.0,38.0,78.0,112.0,85.0,61.0,98.0,60.0,96.0,52.0,67.0,61.0,36.0,18.0,38.0,59.0,44.0,126.0,32.0,13.0,40.0,28.0,40.57,21.39,37.48,32.42,36.78,36.16,33.48,45.49,48.99,44.53,50.65,75.28,47.74,62.71,5.3,4.4,2.2,4.9,3.6,0.8,0.7,0.3,0.4,0.7,0.7,0.2,1.67,1.33,1.49,1.49,1.24,1.42,0.18,0.09,0.08,0.5,0.4,1.1,0.6,0.3,0.5,0.2,0.3,0.3,0.3,30.0,19.0,14.0,4.0,17.0,33.0,23.0,14.0,24.0,13.0,28.0,10.0,13.0,11.0,5.0,1.0,7.0,10.0,12.0,38.0,6.0,2.0,9.0,6.0,58.0,57.0,38.0,33.0,53.0,62.0,50.0,39.0,61.0,40.0,53.0,37.0,48.0,45.0,27.0,16.0,26.0,43.0,26.0,68.0,23.0,11.0,27.0,19.0,9.0,11.0,13.0,28.0,15.0,8.0,22.0
2019-09-17 13:00:00,7.0,4.0,7.0,12.0,5.0,3.0,4.0,8.0,8.0,6.0,24.0,29.0,28.0,25.0,30.0,13.0,36.0,24.0,18.0,9.0,28.0,16.0,15.0,85.0,75.0,59.0,33.0,43.0,41.0,42.0,33.0,68.0,47.0,55.0,29.0,34.0,44.0,27.0,17.0,26.0,45.0,28.0,76.0,31.0,10.0,30.0,20.0,64.47,37.49,76.36,82.52,79.59,73.72,61.67,83.0,72.82,73.15,61.44,101.0,75.65,93.84,4.3,2.2,2.8,4.7,2.8,1.7,0.6,0.2,0.4,0.5,0.4,0.1,1.64,1.28,1.56,1.49,1.22,1.43,0.16,0.07,0.12,0.4,0.3,0.6,0.4,0.2,0.4,0.2,0.2,0.2,0.3,23.0,14.0,11.0,3.0,6.0,6.0,7.0,6.0,13.0,8.0,13.0,4.0,4.0,5.0,4.0,1.0,5.0,5.0,5.0,16.0,7.0,1.0,5.0,1.0,51.0,54.0,43.0,29.0,34.0,32.0,31.0,25.0,49.0,35.0,34.0,23.0,28.0,36.0,22.0,15.0,19.0,37.0,20.0,52.0,20.0,9.0,22.0,19.0,11.0,14.0,17.0,26.0,12.0,8.0,18.0
2019-09-17 14:00:00,6.0,4.0,5.0,12.0,5.0,1.0,4.0,8.0,8.0,5.0,23.0,23.0,30.0,26.0,27.0,7.0,31.0,14.0,14.0,29.0,33.0,9.0,9.0,61.0,51.0,49.0,25.0,36.0,34.0,36.0,14.0,86.0,32.0,45.0,24.0,34.0,31.0,32.0,11.0,29.0,26.0,18.0,69.0,27.0,15.0,16.0,20.0,89.6,54.79,90.18,99.12,95.73,108.0,69.35,97.06,99.01,102.4,78.41,111.1,110.7,111.6,3.7,2.0,1.8,2.9,2.0,1.1,0.5,0.3,0.2,0.3,0.4,0.1,1.64,1.28,1.54,1.48,1.22,1.43,0.16,0.06,0.11,0.4,0.3,0.6,0.4,0.2,0.4,0.2,0.2,0.2,0.3,12.0,6.0,10.0,1.0,5.0,4.0,5.0,1.0,18.0,4.0,8.0,3.0,5.0,3.0,4.0,1.0,4.0,1.0,2.0,13.0,5.0,1.0,2.0,1.0,44.0,42.0,34.0,24.0,29.0,28.0,28.0,12.0,59.0,25.0,33.0,20.0,27.0,27.0,26.0,10.0,22.0,25.0,15.0,50.0,20.0,13.0,13.0,18.0,10.0,17.0,15.0,20.0,3.0,3.0,20.0
2019-09-17 15:00:00,6.0,4.0,5.0,12.0,5.0,1.0,4.0,8.0,8.0,4.0,34.0,8.0,24.0,28.0,36.0,6.0,38.0,21.0,26.0,19.0,32.0,10.0,5.0,49.0,39.0,37.0,18.0,21.0,26.0,21.0,14.0,55.0,25.0,43.0,26.0,32.0,23.0,25.0,7.0,21.0,26.0,16.0,68.0,30.0,16.0,12.0,21.0,105.8,73.4,104.3,110.3,112.9,120.5,88.0,105.7,114.6,107.0,87.12,114.4,123.8,120.7,3.3,2.0,1.6,2.4,1.8,0.7,0.5,0.2,0.2,0.3,0.3,0.1,1.65,1.25,1.52,1.47,1.18,1.43,0.18,0.07,0.1,0.4,0.3,0.2,0.3,0.2,0.4,0.2,0.2,0.2,0.3,8.0,5.0,5.0,1.0,3.0,2.0,3.0,2.0,9.0,4.0,9.0,3.0,5.0,2.0,3.0,1.0,3.0,1.0,1.0,13.0,4.0,1.0,1.0,1.0,37.0,31.0,29.0,16.0,17.0,22.0,17.0,12.0,42.0,19.0,30.0,21.0,24.0,21.0,20.0,5.0,17.0,25.0,14.0,48.0,23.0,14.0,10.0,19.0,22.0,14.0,24.0,31.0,12.0,11.0,23.0
2019-09-17 16:00:00,6.0,5.0,4.0,12.0,5.0,8.0,4.0,8.0,7.0,3.0,23.0,6.0,18.0,24.0,16.0,10.0,17.0,17.0,21.0,6.0,16.0,6.0,8.0,39.0,48.0,34.0,20.0,16.0,21.0,16.0,17.0,30.0,19.0,36.0,18.0,33.0,16.0,15.0,6.0,16.0,16.0,17.0,56.0,17.0,13.0,11.0,18.0,104.2,78.56,113.6,120.3,121.6,121.0,105.9,125.9,120.9,115.8,99.92,124.8,124.8,142.1,2.4,1.6,1.1,1.1,1.7,4.7,0.5,0.2,0.2,0.2,0.3,3.0,1.72,1.24,1.53,1.48,1.18,1.41,0.24,0.06,0.12,0.3,0.3,0.2,0.3,0.2,0.3,0.2,0.2,0.2,0.2,6.0,7.0,5.0,1.0,2.0,2.0,2.0,2.0,3.0,3.0,6.0,2.0,6.0,1.0,1.0,1.0,2.0,1.0,2.0,10.0,2.0,1.0,1.0,1.0,30.0,37.0,27.0,18.0,13.0,18.0,13.0,14.0,25.0,15.0,26.0,15.0,23.0,14.0,13.0,5.0,13.0,15.0,14.0,40.0,14.0,12.0,9.0,17.0,15.0,9.0,7.0,10.0,7.0,11.0,7.0
2019-09-17 17:00:00,6.0,5.0,3.0,12.0,5.0,9.0,4.0,9.0,7.0,3.0,15.0,15.0,16.0,6.0,16.0,18.0,24.0,22.0,19.0,21.0,18.0,8.0,3.0,40.0,30.0,44.0,24.0,16.0,18.0,14.0,10.0,33.0,29.0,29.0,23.0,18.0,13.0,20.0,4.0,18.0,17.0,14.0,55.0,22.0,12.0,9.0,20.0,118.2,82.88,118.5,129.4,127.1,126.3,112.0,125.0,128.9,117.1,108.4,136.1,130.2,138.6,2.8,2.1,0.9,0.7,1.7,1.2,0.7,0.2,0.2,0.2,0.3,0.5,1.81,1.26,1.54,1.5,1.2,1.43,0.31,0.05,0.12,0.3,0.2,0.2,0.3,0.2,0.3,0.2,0.2,0.1,0.2,5.0,3.0,7.0,1.0,2.0,1.0,1.0,1.0,4.0,5.0,4.0,2.0,2.0,1.0,2.0,1.0,2.0,1.0,1.0,10.0,3.0,1.0,1.0,3.0,32.0,25.0,33.0,22.0,13.0,16.0,12.0,9.0,27.0,22.0,23.0,20.0,15.0,12.0,16.0,3.0,15.0,16.0,11.0,40.0,18.0,11.0,7.0,16.0,6.0,7.0,6.0,16.0,13.0,8.0,9.0
2019-09-17 18:00:00,7.0,5.0,3.0,11.0,5.0,9.0,4.0,9.0,7.0,3.0,13.0,14.0,17.0,24.0,19.0,14.0,26.0,20.0,13.0,26.0,31.0,8.0,15.0,48.0,45.0,49.0,25.0,18.0,19.0,11.0,13.0,30.0,21.0,39.0,23.0,25.0,14.0,20.0,5.0,28.0,25.0,19.0,69.0,24.0,16.0,10.0,20.0,106.3,74.84,114.1,124.7,129.3,122.7,114.4,124.4,124.3,111.1,99.94,136.2,128.6,141.6,2.5,1.4,0.7,0.5,1.8,1.9,0.6,0.2,0.1,0.1,0.3,0.3,1.79,1.26,1.53,1.49,1.2,1.4,0.3,0.06,0.13,0.3,0.3,0.2,0.3,0.2,0.3,0.2,0.2,0.2,0.3,5.0,5.0,8.0,2.0,2.0,1.0,1.0,1.0,4.0,3.0,7.0,2.0,3.0,1.0,2.0,1.0,4.0,1.0,2.0,11.0,3.0,1.0,1.0,2.0,40.0,37.0,37.0,23.0,15.0,17.0,10.0,11.0,25.0,17.0,29.0,20.0,21.0,12.0,18.0,4.0,22.0,24.0,17.0,51.0,20.0,14.0,9.0,17.0,5.0,9.0,9.0,18.0,10.0,2.0,23.0
2019-09-17 19:00:00,6.0,5.0,4.0,11.0,5.0,11.0,4.0,9.0,7.0,4.0,20.0,16.0,21.0,29.0,24.0,23.0,29.0,19.0,21.0,30.0,23.0,14.0,15.0,40.0,51.0,49.0,56.0,35.0,32.0,20.0,22.0,38.0,40.0,42.0,27.0,43.0,18.0,38.0,6.0,20.0,34.0,40.0,96.0,27.0,18.0,14.0,21.0,94.45,59.99,95.07,104.7,111.1,109.2,98.73,107.0,97.48,98.87,74.27,125.6,112.9,129.2,2.8,1.2,0.9,0.6,1.6,1.6,0.6,0.2,0.2,0.1,0.3,0.5,1.73,1.28,1.57,1.5,1.22,1.43,0.23,0.06,0.15,0.3,0.3,0.2,0.3,0.2,0.3,0.2,0.2,0.2,0.3,3.0,4.0,7.0,4.0,3.0,2.0,1.0,1.0,3.0,3.0,5.0,1.0,4.0,1.0,2.0,1.0,1.0,1.0,3.0,15.0,2.0,1.0,1.0,1.0,35.0,45.0,39.0,49.0,30.0,29.0,19.0,21.0,34.0,36.0,34.0,25.0,36.0,17.0,36.0,5.0,19.0,32.0,35.0,74.0,23.0,16.0,13.0,20.0,9.0,13.0,12.0,21.0,10.0,9.0,14.0
2019-09-17 20:00:00,6.0,4.0,5.0,10.0,5.0,14.0,4.0,8.0,8.0,4.0,21.0,13.0,22.0,24.0,24.0,27.0,28.0,19.0,14.0,34.0,24.0,10.0,16.0,49.0,66.0,156.0,56.0,53.0,41.0,21.0,51.0,47.0,75.0,57.0,43.0,60.0,30.0,52.0,10.0,66.0,42.0,54.0,128.0,40.0,25.0,31.0,28.0,81.39,52.65,82.33,94.98,107.2,86.68,87.66,86.11,85.18,86.46,55.84,105.5,101.0,112.1,3.0,3.7,3.1,1.1,2.2,2.8,0.6,0.5,0.3,0.2,0.4,1.0,1.69,1.24,1.64,1.51,1.18,1.5,0.18,0.06,0.14,0.3,0.4,0.3,0.4,0.2,0.4,0.3,0.3,0.2,0.3,3.0,6.0,32.0,1.0,5.0,2.0,1.0,2.0,3.0,6.0,6.0,2.0,4.0,1.0,1.0,1.0,5.0,1.0,3.0,19.0,2.0,1.0,1.0,1.0,45.0,57.0,107.0,55.0,45.0,38.0,20.0,49.0,43.0,65.0,48.0,41.0,53.0,29.0,50.0,8.0,58.0,40.0,49.0,100.0,37.0,23.0,30.0,26.0,9.0,13.0,11.0,20.0,9.0,4.0,15.0
2019-09-17 21:00:00,6.0,4.0,6.0,9.0,4.0,14.0,4.0,8.0,8.0,4.0,27.0,18.0,21.0,30.0,27.0,17.0,30.0,22.0,15.0,32.0,27.0,18.0,12.0,23.0,59.0,34.0,35.0,38.0,19.0,9.0,40.0,26.0,41.0,33.0,40.0,40.0,21.0,34.0,7.0,72.0,26.0,36.0,58.0,38.0,13.0,24.0,24.0,68.67,58.25,76.45,91.3,99.91,85.87,86.27,79.0,94.81,88.0,80.87,99.93,98.86,99.98,3.1,3.5,1.8,0.7,2.3,2.0,0.6,0.5,0.2,0.1,0.4,0.7,1.62,1.2,1.56,1.46,1.15,1.43,0.16,0.05,0.13,0.2,0.4,0.2,0.3,0.1,0.3,0.2,0.3,0.2,0.3,2.0,6.0,3.0,1.0,5.0,1.0,1.0,1.0,2.0,4.0,4.0,3.0,5.0,1.0,2.0,1.0,16.0,1.0,2.0,12.0,3.0,1.0,1.0,1.0,21.0,50.0,30.0,33.0,30.0,17.0,7.0,38.0,23.0,34.0,27.0,35.0,33.0,20.0,31.0,6.0,47.0,25.0,33.0,39.0,34.0,11.0,22.0,22.0,11.0,11.0,10.0,21.0,9.0,2.0,17.0
2019-09-17 22:00:00,8.0,4.0,8.0,8.0,4.0,14.0,4.0,8.0,8.0,5.0,13.0,8.0,10.0,19.0,10.0,3.0,32.0,15.0,12.0,21.0,17.0,11.0,11.0,23.0,48.0,46.0,29.0,38.0,27.0,10.0,32.0,28.0,38.0,43.0,29.0,42.0,19.0,33.0,7.0,85.0,23.0,25.0,43.0,38.0,18.0,22.0,23.0,67.92,53.66,69.45,78.63,90.59,82.1,79.9,81.82,88.77,83.06,77.1,84.25,89.69,95.38,2.5,1.2,1.0,0.2,1.5,1.4,0.5,0.1,0.1,0.1,0.4,0.4,1.61,1.2,1.52,1.45,1.16,1.37,0.16,0.04,0.15,0.2,0.3,0.2,0.3,0.1,0.3,0.2,0.2,0.1,0.3,1.0,3.0,5.0,1.0,4.0,1.0,1.0,1.0,1.0,3.0,5.0,2.0,4.0,1.0,1.0,1.0,21.0,1.0,1.0,4.0,2.0,1.0,1.0,1.0,22.0,44.0,38.0,27.0,32.0,25.0,9.0,30.0,26.0,33.0,35.0,26.0,36.0,17.0,32.0,5.0,53.0,21.0,23.0,37.0,35.0,16.0,21.0,22.0,5.0,6.0,3.0,27.0,7.0,1.0,11.0
2019-09-17 23:00:00,7.0,4.0,8.0,6.0,4.0,15.0,4.0,8.0,8.0,5.0,15.0,8.0,12.0,13.0,11.0,14.0,30.0,10.0,11.0,22.0,14.0,14.0,9.0,43.0,50.0,61.0,45.0,40.0,31.0,18.0,47.0,41.0,43.0,54.0,32.0,46.0,33.0,35.0,10.0,82.0,40.0,45.0,57.0,39.0,23.0,32.0,27.0,60.95,38.68,60.06,70.88,75.01,60.27,65.87,71.1,66.97,62.64,63.71,65.84,69.45,84.24,2.8,2.7,1.6,0.2,1.4,1.3,0.5,0.4,0.2,0.1,0.4,0.8,1.65,1.22,1.55,1.48,1.16,1.4,0.17,0.06,0.15,0.3,0.4,0.2,0.3,0.1,0.4,0.2,0.2,0.2,0.3,2.0,2.0,6.0,1.0,2.0,1.0,1.0,1.0,2.0,2.0,5.0,1.0,2.0,1.0,1.0,1.0,15.0,1.0,2.0,7.0,2.0,1.0,1.0,1.0,40.0,47.0,52.0,43.0,36.0,30.0,17.0,45.0,38.0,40.0,47.0,31.0,43.0,32.0,33.0,8.0,59.0,38.0,43.0,47.0,35.0,22.0,31.0,26.0,9.0,8.0,4.0,27.0,3.0,2.0,10.0
2019-09-18 00:00:00,8.0,4.0,9.0,7.0,4.0,15.0,4.0,8.0,8.0,6.0,10.0,9.0,13.0,16.0,10.0,25.0,25.0,14.0,14.0,28.0,13.0,18.0,24.0,42.0,50.0,24.0,29.0,56.0,40.0,28.0,51.0,52.0,45.0,37.0,29.0,51.0,43.0,23.0,14.0,25.0,51.0,44.0,96.0,20.0,22.0,25.0,21.0,57.63,37.87,44.76,55.87,53.57,51.6,55.1,70.81,53.68,43.25,32.99,59.85,66.59,91.06,3.5,2.0,2.1,0.3,1.9,1.1,0.6,0.2,0.3,0.1,0.4,0.4,1.62,1.24,1.56,1.47,1.19,1.43,0.16,0.05,0.13,0.4,0.3,0.2,0.4,0.2,0.4,0.2,0.2,0.3,0.2,4.0,2.0,1.0,1.0,3.0,1.0,1.0,2.0,5.0,2.0,2.0,1.0,1.0,1.0,1.0,1.0,1.0,1.0,1.0,11.0,3.0,1.0,1.0,1.0,36.0,47.0,23.0,27.0,52.0,38.0,27.0,47.0,44.0,41.0,34.0,27.0,49.0,41.0,21.0,12.0,23.0,50.0,42.0,78.0,16.0,21.0,24.0,19.0,3.0,8.0,4.0,20.0,8.0,5.0,8.0
2019-09-18 01:00:00,10.0,4.0,9.0,6.0,4.0,15.0,4.0,8.0,8.0,5.0,11.0,9.0,12.0,16.0,16.0,14.0,27.0,11.0,10.0,27.0,16.0,14.0,10.0,30.0,39.0,20.0,23.0,38.0,34.0,24.0,21.0,25.0,32.0,18.0,21.0,54.0,51.0,12.0,7.0,14.0,35.0,19.0,54.0,10.0,19.0,22.0,18.0,60.82,40.23,56.43,58.94,53.07,62.21,71.07,73.55,68.5,47.47,51.88,62.52,62.07,93.06,2.3,0.8,2.4,0.6,1.4,1.4,0.4,0.1,0.3,0.2,0.3,0.7,1.66,1.23,1.5,1.53,1.17,1.39,0.13,0.06,0.12,0.2,0.3,0.2,0.3,0.2,0.3,0.2,0.2,0.2,0.2,2.0,3.0,2.0,1.0,2.0,1.0,1.0,1.0,1.0,2.0,1.0,1.0,2.0,1.0,1.0,1.0,1.0,1.0,1.0,3.0,1.0,1.0,1.0,1.0,27.0,35.0,17.0,21.0,35.0,33.0,23.0,20.0,24.0,30.0,16.0,19.0,51.0,50.0,10.0,5.0,12.0,34.0,18.0,49.0,8.0,17.0,21.0,16.0,4.0,6.0,10.0,21.0,7.0,4.0,10.0
2019-09-18 02:00:00,14.0,4.0,9.0,6.0,4.0,15.0,4.0,9.0,8.0,6.0,8.0,8.0,9.0,14.0,14.0,9.0,26.0,7.0,5.0,18.0,14.0,6.0,3.0,29.0,51.0,27.0,17.0,21.0,18.0,15.0,21.0,38.0,22.0,33.0,19.0,44.0,31.0,26.0,15.0,21.0,31.0,27.0,23.0,13.0,18.0,13.0,19.0,42.03,37.37,62.96,70.08,70.42,53.56,50.21,70.53,39.19,48.75,74.06,62.32,59.08,86.05,2.7,1.4,1.5,0.5,1.3,1.2,0.4,0.1,0.2,0.1,0.3,0.3,1.86,1.22,1.5,1.72,1.16,1.38,0.14,0.06,0.11,0.3,0.3,0.1,0.3,0.1,0.4,0.1,0.2,0.1,0.2,2.0,2.0,1.0,1.0,1.0,1.0,1.0,1.0,1.0,2.0,1.0,1.0,2.0,1.0,1.0,1.0,1.0,1.0,1.0,1.0,1.0,1.0,1.0,1.0,27.0,48.0,26.0,15.0,19.0,16.0,13.0,19.0,36.0,20.0,31.0,18.0,41.0,29.0,25.0,13.0,19.0,30.0,25.0,20.0,12.0,17.0,12.0,17.0,2.0,5.0,8.0,18.0,4.0,1.0,10.0
2019-09-18 03:00:00,9.0,4.0,9.0,5.0,4.0,15.0,4.0,9.0,9.0,6.0,8.0,7.0,5.0,16.0,17.0,15.0,27.0,8.0,9.0,18.0,9.0,9.0,5.0,31.0,36.0,26.0,27.0,22.0,17.0,17.0,31.0,35.0,21.0,34.0,22.0,22.0,19.0,22.0,10.0,42.0,22.0,28.0,26.0,18.0,19.0,19.0,20.0,44.92,24.46,56.51,65.93,56.66,42.6,47.24,58.16,45.89,52.74,65.58,52.91,50.03,73.83,2.6,1.6,1.4,0.3,1.3,1.2,0.3,0.1,0.1,0.1,0.3,0.3,1.72,1.23,1.53,1.58,1.18,1.4,0.14,0.06,0.13,0.3,0.3,0.2,0.3,0.1,0.4,0.1,0.2,0.1,0.2,1.0,1.0,1.0,1.0,1.0,1.0,1.0,1.0,2.0,2.0,4.0,1.0,1.0,1.0,1.0,1.0,8.0,1.0,1.0,1.0,1.0,1.0,1.0,1.0,29.0,34.0,24.0,25.0,20.0,15.0,15.0,29.0,32.0,19.0,29.0,21.0,21.0,17.0,21.0,9.0,30.0,20.0,26.0,24.0,17.0,17.0,18.0,19.0,3.0,3.0,10.0,22.0,4.0,3.0,8.0
2019-09-18 04:00:00,8.0,4.0,9.0,5.0,4.0,16.0,4.0,8.0,8.0,6.0,12.0,6.0,8.0,11.0,13.0,9.0,21.0,11.0,9.0,22.0,12.0,8.0,3.0,16.0,21.0,15.0,22.0,31.0,22.0,21.0,21.0,23.0,25.0,14.0,16.0,20.0,26.0,10.0,8.0,16.0,35.0,16.0,29.0,10.0,13.0,21.0,17.0,57.01,25.57,42.83,51.72,46.54,47.55,52.53,63.2,56.19,33.35,57.62,56.17,45.27,79.8,3.5,2.3,2.5,0.7,1.2,1.2,0.3,0.1,0.2,0.1,0.2,0.3,1.61,1.26,1.59,1.49,1.2,1.46,0.13,0.06,0.13,0.2,0.2,0.1,0.3,0.1,0.3,0.1,0.2,0.1,0.2,1.0,1.0,1.0,1.0,1.0,1.0,1.0,1.0,2.0,2.0,1.0,1.0,1.0,1.0,1.0,1.0,1.0,1.0,1.0,1.0,1.0,1.0,1.0,1.0,15.0,19.0,14.0,21.0,28.0,20.0,19.0,19.0,21.0,22.0,12.0,15.0,19.0,25.0,8.0,6.0,15.0,33.0,14.0,27.0,9.0,12.0,19.0,15.0,4.0,4.0,7.0,16.0,6.0,3.0,10.0
2019-09-18 05:00:00,8.0,4.0,9.0,6.0,4.0,15.0,4.0,9.0,8.0,6.0,8.0,6.0,7.0,13.0,12.0,5.0,23.0,5.0,7.0,21.0,16.0,9.0,3.0,20.0,23.0,14.0,16.0,27.0,18.0,19.0,21.0,36.0,22.0,16.0,11.0,23.0,21.0,11.0,7.0,18.0,24.0,18.0,28.0,9.0,11.0,13.0,17.0,50.17,27.75,41.46,53.4,41.83,48.5,44.46,65.52,54.27,41.44,53.29,55.44,53.93,79.07,2.7,2.7,2.2,0.9,2.1,7.5,0.2,0.1,0.1,0.1,0.2,0.3,1.66,1.26,1.63,1.54,1.21,1.46,0.13,0.06,0.17,0.2,0.2,0.1,0.3,0.1,0.3,0.1,0.2,0.1,0.2,1.0,1.0,1.0,1.0,2.0,1.0,1.0,1.0,5.0,2.0,1.0,1.0,1.0,1.0,1.0,1.0,1.0,1.0,1.0,1.0,1.0,1.0,1.0,1.0,18.0,22.0,12.0,15.0,24.0,17.0,18.0,19.0,28.0,19.0,14.0,10.0,22.0,19.0,9.0,5.0,16.0,22.0,16.0,26.0,8.0,10.0,12.0,15.0,1.0,3.0,6.0,18.0,2.0,2.0,11.0
2019-09-18 06:00:00,7.0,4.0,9.0,6.0,4.0,15.0,4.0,8.0,8.0,6.0,10.0,6.0,8.0,16.0,8.0,9.0,24.0,7.0,4.0,19.0,16.0,9.0,7.0,17.0,21.0,13.0,19.0,40.0,18.0,12.0,27.0,31.0,24.0,15.0,13.0,27.0,21.0,8.0,7.0,12.0,23.0,22.0,42.0,10.0,15.0,14.0,18.0,53.32,26.64,28.74,48.12,52.21,39.46,44.76,61.99,52.3,45.24,46.91,40.62,49.87,72.2,3.7,2.9,2.0,0.9,1.8,11.1,0.2,0.1,0.1,0.1,0.2,0.2,1.65,1.23,1.58,1.53,1.18,1.44,0.12,0.05,0.15,0.2,0.2,0.1,0.3,0.1,0.3,0.1,0.2,0.1,0.2,1.0,1.0,1.0,1.0,3.0,1.0,1.0,1.0,4.0,1.0,1.0,1.0,1.0,1.0,1.0,1.0,1.0,1.0,1.0,9.0,1.0,1.0,1.0,1.0,16.0,20.0,12.0,18.0,36.0,17.0,11.0,25.0,24.0,22.0,14.0,12.0,26.0,19.0,7.0,5.0,10.0,22.0,20.0,28.0,9.0,13.0,13.0,17.0,3.0,3.0,3.0,19.0,2.0,1.0,11.0
2019-09-18 07:00:00,10.0,4.0,9.0,6.0,4.0,16.0,4.0,9.0,8.0,5.0,9.0,6.0,8.0,16.0,10.0,8.0,23.0,9.0,4.0,21.0,13.0,9.0,5.0,59.0,31.0,18.0,24.0,37.0,23.0,10.0,52.0,34.0,36.0,39.0,22.0,31.0,26.0,11.0,7.0,27.0,36.0,58.0,30.0,26.0,29.0,15.0,20.0,47.42,23.98,32.64,44.47,54.84,23.15,45.9,49.59,48.1,37.24,48.23,24.81,47.3,63.29,2.6,2.0,1.6,0.4,1.6,5.9,0.2,0.1,0.1,0.1,0.2,0.2,1.6,1.21,1.59,1.48,1.17,1.46,0.12,0.04,0.13,0.2,0.2,0.1,0.3,0.1,0.3,0.2,0.2,0.1,0.2,11.0,2.0,1.0,1.0,2.0,1.0,1.0,7.0,5.0,5.0,5.0,1.0,2.0,1.0,1.0,1.0,1.0,1.0,7.0,2.0,1.0,2.0,1.0,1.0,41.0,29.0,17.0,22.0,35.0,22.0,9.0,42.0,26.0,29.0,32.0,21.0,29.0,24.0,9.0,5.0,25.0,34.0,47.0,27.0,25.0,27.0,13.0,18.0,2.0,5.0,4.0,19.0,5.0,1.0,9.0
2019-09-18 08:00:00,12.0,4.0,9.0,6.0,4.0,17.0,4.0,9.0,8.0,6.0,8.0,8.0,5.0,16.0,13.0,12.0,25.0,3.0,11.0,18.0,14.0,11.0,7.0,79.0,67.0,38.0,43.0,74.0,47.0,15.0,92.0,56.0,50.0,57.0,46.0,50.0,52.0,26.0,10.0,42.0,87.0,102.0,89.0,38.0,51.0,35.0,33.0,27.97,15.52,9.48,27.73,43.59,7.89,33.9,28.39,40.52,11.6,24.4,8.61,30.69,41.93,2.0,0.8,2.3,0.6,1.4,3.7,0.3,0.1,0.2,0.1,0.3,0.3,1.58,1.21,1.53,1.45,1.18,1.4,0.13,0.03,0.13,0.4,0.3,0.2,0.4,0.1,0.4,0.2,0.2,0.2,0.2,15.0,7.0,1.0,1.0,6.0,5.0,1.0,17.0,8.0,7.0,10.0,2.0,2.0,2.0,1.0,1.0,2.0,15.0,26.0,21.0,2.0,8.0,1.0,3.0,55.0,55.0,36.0,41.0,64.0,40.0,14.0,66.0,43.0,39.0,42.0,44.0,47.0,49.0,25.0,9.0,39.0,64.0,63.0,56.0,34.0,39.0,33.0,28.0,1.0,2.0,7.0,21.0,1.0,4.0,10.0
2019-09-18 09:00:00,10.0,4.0,10.0,6.0,4.0,17.0,4.0,9.0,8.0,5.0,18.0,10.0,8.0,15.0,15.0,12.0,23.0,11.0,18.0,18.0,17.0,15.0,11.0,224.0,110.0,56.0,81.0,90.0,88.0,23.0,55.0,84.0,136.0,106.0,66.0,76.0,87.0,46.0,16.0,70.0,140.0,78.0,153.0,65.0,55.0,76.0,40.0,11.43,4.5,6.84,11.06,36.93,24.55,21.55,18.6,25.84,4.91,16.41,6.82,8.62,30.33,2.7,1.5,2.8,0.4,1.9,2.0,0.5,0.2,0.4,0.1,0.4,0.3,1.63,1.22,1.53,1.46,1.19,1.39,0.16,0.04,0.15,0.7,0.5,0.3,0.5,0.1,0.5,0.4,0.3,0.3,0.3,88.0,23.0,3.0,9.0,14.0,14.0,1.0,4.0,15.0,39.0,28.0,4.0,9.0,10.0,2.0,1.0,7.0,42.0,16.0,44.0,7.0,11.0,10.0,6.0,89.0,75.0,52.0,67.0,68.0,67.0,21.0,49.0,61.0,77.0,63.0,59.0,62.0,72.0,43.0,14.0,60.0,75.0,53.0,85.0,54.0,38.0,61.0,30.0,8.0,5.0,7.0,19.0,6.0,6.0,12.0
2019-09-18 10:00:00,9.0,5.0,10.0,7.0,5.0,17.0,4.0,9.0,8.0,5.0,23.0,13.0,10.0,27.0,17.0,22.0,28.0,16.0,21.0,17.0,24.0,17.0,14.0,147.0,145.0,72.0,72.0,94.0,109.0,72.0,25.0,139.0,103.0,114.0,68.0,109.0,94.0,56.0,25.0,86.0,134.0,62.0,192.0,90.0,41.0,37.0,45.0,9.71,7.89,10.04,11.39,16.37,43.79,10.16,24.58,11.86,9.26,12.38,15.92,36.2,29.82,5.4,1.8,2.8,1.4,2.5,1.7,1.1,0.2,0.5,0.3,0.6,0.4,1.67,1.3,1.54,1.47,1.2,1.4,0.2,0.1,0.14,0.6,0.5,0.3,0.5,0.3,0.6,0.3,0.3,0.4,0.4,46.0,40.0,8.0,10.0,22.0,25.0,15.0,2.0,40.0,26.0,32.0,9.0,26.0,17.0,6.0,1.0,16.0,42.0,14.0,67.0,19.0,8.0,5.0,14.0,76.0,83.0,59.0,57.0,60.0,71.0,50.0,21.0,78.0,63.0,66.0,54.0,69.0,68.0,47.0,23.0,62.0,69.0,41.0,90.0,61.0,28.0,30.0,24.0,12.0,6.0,8.0,23.0,9.0,9.0,16.0
2019-09-18 11:00:00,9.0,4.0,10.0,8.0,5.0,15.0,4.0,9.0,8.0,7.0,24.0,17.0,14.0,25.0,16.0,25.0,33.0,11.0,17.0,22.0,25.0,16.0,10.0,116.0,125.0,50.0,67.0,114.0,103.0,87.0,30.0,103.0,101.0,79.0,75.0,108.0,97.0,48.0,24.0,47.0,93.0,52.0,121.0,56.0,43.0,28.0,25.0,17.08,6.35,12.47,22.41,19.0,43.84,20.62,29.27,17.89,21.42,29.05,36.02,48.4,54.88,6.5,2.5,4.1,3.4,2.3,1.2,1.0,0.2,0.5,0.5,0.5,0.3,1.65,1.3,1.53,1.47,1.2,1.41,0.17,0.1,0.12,0.5,0.5,0.2,0.5,0.3,0.6,0.2,0.3,0.3,0.3,31.0,34.0,7.0,13.0,34.0,27.0,23.0,6.0,25.0,28.0,20.0,16.0,29.0,22.0,8.0,1.0,10.0,27.0,14.0,34.0,12.0,9.0,5.0,5.0,69.0,73.0,39.0,47.0,61.0,62.0,52.0,22.0,65.0,59.0,48.0,50.0,63.0,63.0,36.0,23.0,31.0,53.0,31.0,68.0,38.0,29.0,20.0,18.0,9.0,7.0,7.0,26.0,4.0,9.0,17.0
2019-09-18 12:00:00,8.0,5.0,10.0,9.0,5.0,7.0,4.0,9.0,9.0,6.0,17.0,18.0,14.0,28.0,15.0,14.0,31.0,12.0,12.0,24.0,20.0,13.0,7.0,87.0,86.0,69.0,61.0,85.0,77.0,58.0,23.0,113.0,102.0,70.0,51.0,75.0,105.0,54.0,26.0,41.0,59.0,37.0,103.0,50.0,28.0,32.0,21.0,19.55,8.94,26.17,37.27,47.96,55.95,24.71,46.85,24.51,40.15,45.0,66.53,52.25,64.15,5.3,2.4,3.0,4.1,2.3,1.2,0.7,0.3,0.3,0.5,0.5,0.3,1.67,1.28,1.53,1.49,1.19,1.4,0.18,0.09,0.13,0.4,0.4,0.2,0.4,0.2,0.5,0.3,0.3,0.2,0.2,23.0,19.0,17.0,11.0,22.0,19.0,13.0,4.0,34.0,31.0,19.0,10.0,18.0,30.0,12.0,1.0,9.0,13.0,9.0,29.0,11.0,4.0,7.0,3.0,52.0,57.0,43.0,44.0,51.0,48.0,38.0,16.0,61.0,55.0,40.0,36.0,48.0,60.0,35.0,24.0,27.0,39.0,23.0,58.0,33.0,22.0,21.0,16.0,6.0,4.0,7.0,22.0,4.0,5.0,12.0
2019-09-18 13:00:00,6.0,5.0,8.0,11.0,5.0,3.0,4.0,9.0,9.0,6.0,21.0,16.0,15.0,26.0,18.0,12.0,26.0,13.0,11.0,25.0,19.0,11.0,8.0,91.0,75.0,58.0,49.0,46.0,54.0,73.0,18.0,96.0,60.0,72.0,48.0,62.0,67.0,56.0,25.0,41.0,29.0,28.0,101.0,46.0,22.0,26.0,23.0,32.69,20.8,48.07,57.3,46.54,65.97,35.52,59.89,35.43,63.8,49.69,76.14,60.37,72.94,3.9,3.6,2.6,4.6,2.1,1.5,0.5,0.3,0.2,0.4,0.3,0.3,1.64,1.29,1.5,1.49,1.19,1.38,0.16,0.1,0.12,0.4,0.3,0.2,0.4,0.2,0.5,0.2,0.3,0.2,0.2,24.0,14.0,11.0,8.0,9.0,11.0,18.0,3.0,25.0,12.0,18.0,9.0,13.0,13.0,12.0,1.0,9.0,2.0,6.0,28.0,10.0,3.0,6.0,3.0,55.0,54.0,41.0,37.0,32.0,38.0,46.0,14.0,58.0,40.0,45.0,34.0,41.0,47.0,37.0,24.0,27.0,26.0,19.0,58.0,30.0,18.0,18.0,17.0,11.0,5.0,8.0,15.0,4.0,4.0,11.0
2019-09-18 14:00:00,6.0,6.0,6.0,12.0,5.0,1.0,4.0,9.0,8.0,5.0,22.0,17.0,15.0,23.0,20.0,15.0,35.0,18.0,13.0,22.0,26.0,7.0,5.0,87.0,51.0,85.0,50.0,42.0,48.0,51.0,21.0,75.0,56.0,84.0,47.0,77.0,48.0,64.0,23.0,58.0,29.0,24.0,92.0,37.0,21.0,21.0,23.0,89.6,28.63,60.52,67.78,67.44,78.33,47.85,68.61,49.78,73.46,57.36,87.52,75.9,81.66,3.7,2.4,2.3,5.7,2.4,1.2,0.5,0.2,0.2,0.4,0.3,0.2,1.55,1.26,1.51,1.46,1.18,1.38,0.09,0.08,0.13,0.3,0.4,0.2,0.4,0.2,0.4,0.2,0.3,0.2,0.3,23.0,6.0,20.0,7.0,7.0,8.0,10.0,3.0,15.0,10.0,20.0,8.0,19.0,6.0,13.0,1.0,15.0,1.0,4.0,24.0,7.0,3.0,4.0,3.0,52.0,42.0,55.0,39.0,31.0,36.0,36.0,16.0,52.0,41.0,53.0,34.0,48.0,39.0,43.0,22.0,35.0,27.0,18.0,55.0,27.0,17.0,15.0,18.0,12.0,4.0,9.0,25.0,9.0,5.0,17.0
2019-09-18 15:00:00,6.0,6.0,6.0,12.0,5.0,1.0,4.0,8.0,9.0,4.0,21.0,12.0,12.0,21.0,27.0,11.0,26.0,26.0,22.0,22.0,28.0,11.0,8.0,51.0,76.0,99.0,60.0,50.0,51.0,41.0,37.0,56.0,60.0,74.0,39.0,70.0,46.0,85.0,19.0,66.0,34.0,37.0,81.0,48.0,29.0,39.0,24.0,63.39,34.69,67.17,72.36,79.71,80.72,66.99,82.99,70.27,78.4,68.05,90.91,75.58,88.56,4.0,4.5,2.4,3.2,2.7,1.3,0.8,0.4,0.3,0.3,0.3,0.2,1.64,1.26,1.54,1.46,1.18,1.39,0.18,0.07,0.15,0.3,0.3,0.3,0.4,0.2,0.4,0.2,0.3,0.2,0.3,9.0,14.0,19.0,8.0,9.0,8.0,7.0,5.0,9.0,9.0,16.0,6.0,16.0,5.0,18.0,1.0,15.0,2.0,6.0,18.0,9.0,4.0,7.0,3.0,38.0,55.0,70.0,47.0,37.0,39.0,31.0,28.0,42.0,45.0,50.0,30.0,45.0,38.0,58.0,18.0,43.0,30.0,27.0,54.0,34.0,24.0,28.0,20.0,9.0,3.0,14.0,17.0,17.0,12.0,19.0
2019-09-18 16:00:00,6.0,6.0,5.0,12.0,5.0,1.0,4.0,9.0,8.0,4.0,14.0,23.0,11.0,19.0,22.0,14.0,18.0,20.0,22.0,28.0,25.0,7.0,7.0,64.0,68.0,74.0,57.0,42.0,42.0,37.0,41.0,50.0,54.0,54.0,40.0,54.0,44.0,56.0,17.0,75.0,34.0,43.0,83.0,64.0,32.0,45.0,25.0,74.22,42.72,78.55,83.57,87.73,85.57,75.73,89.17,80.87,85.12,74.27,94.54,79.71,98.38,4.2,4.9,2.1,2.4,2.4,1.9,0.7,0.4,0.3,0.3,0.3,0.3,1.75,1.27,1.57,1.48,1.2,1.42,0.26,0.07,0.15,0.3,0.3,0.2,0.3,0.2,0.3,0.2,0.2,0.2,0.3,11.0,11.0,12.0,7.0,6.0,5.0,6.0,5.0,7.0,8.0,11.0,5.0,9.0,5.0,9.0,1.0,16.0,2.0,6.0,18.0,12.0,3.0,7.0,2.0,47.0,50.0,55.0,46.0,33.0,35.0,29.0,32.0,39.0,42.0,37.0,31.0,40.0,37.0,41.0,16.0,50.0,32.0,34.0,55.0,46.0,28.0,34.0,21.0,4.0,3.0,11.0,9.0,10.0,10.0,16.0
2019-09-18 17:00:00,6.0,6.0,4.0,11.0,5.0,1.0,4.0,10.0,8.0,4.0,15.0,26.0,18.0,25.0,30.0,16.0,22.0,23.0,21.0,35.0,19.0,12.0,4.0,55.0,59.0,76.0,57.0,39.0,39.0,31.0,38.0,48.0,55.0,58.0,44.0,51.0,37.0,64.0,15.0,46.0,31.0,39.0,81.0,50.0,29.0,38.0,22.0,82.87,48.22,90.1,93.62,98.07,92.25,80.58,88.89,90.14,95.84,83.68,101.6,89.9,105.5,4.4,3.9,2.2,2.2,2.1,2.2,0.7,0.4,0.2,0.2,0.3,0.4,1.88,1.28,1.64,1.56,1.21,1.47,0.32,0.07,0.16,0.3,0.3,0.2,0.3,0.2,0.3,0.2,0.3,0.1,0.3,8.0,9.0,12.0,6.0,5.0,4.0,4.0,4.0,6.0,9.0,10.0,6.0,9.0,3.0,10.0,1.0,6.0,1.0,5.0,18.0,7.0,2.0,5.0,1.0,43.0,45.0,58.0,47.0,31.0,32.0,25.0,31.0,39.0,41.0,42.0,35.0,37.0,32.0,48.0,13.0,36.0,29.0,32.0,54.0,40.0,25.0,30.0,21.0,4.0,9.0,13.0,13.0,11.0,9.0,8.0
2019-09-18 18:00:00,6.0,6.0,4.0,11.0,5.0,1.0,4.0,10.0,7.0,4.0,11.0,19.0,16.0,33.0,38.0,12.0,26.0,15.0,15.0,37.0,33.0,12.0,13.0,59.0,64.0,83.0,53.0,38.0,32.0,22.0,37.0,42.0,44.0,49.0,45.0,45.0,29.0,67.0,12.0,54.0,25.0,38.0,84.0,48.0,28.0,30.0,25.0,89.09,53.64,95.93,105.7,111.4,99.2,91.33,91.81,103.3,107.5,86.88,105.8,98.81,107.0,4.7,3.9,2.1,2.2,2.3,2.2,0.7,0.3,0.2,0.2,0.3,0.4,1.94,1.3,1.74,1.63,1.22,1.57,0.31,0.08,0.16,0.3,0.3,0.2,0.3,0.2,0.3,0.2,0.2,0.2,0.3,8.0,9.0,16.0,4.0,5.0,3.0,2.0,3.0,4.0,5.0,8.0,4.0,5.0,1.0,9.0,1.0,9.0,1.0,4.0,16.0,5.0,1.0,3.0,3.0,47.0,50.0,59.0,46.0,30.0,28.0,19.0,32.0,36.0,36.0,38.0,39.0,37.0,27.0,54.0,11.0,40.0,24.0,31.0,59.0,40.0,26.0,26.0,21.0,1.0,7.0,16.0,18.0,3.0,3.0,23.0
2019-09-18 19:00:00,6.0,6.0,4.0,11.0,5.0,1.0,4.0,10.0,8.0,4.0,25.0,16.0,15.0,25.0,52.0,13.0,31.0,21.0,11.0,39.0,29.0,11.0,14.0,46.0,56.0,105.0,53.0,45.0,31.0,14.0,33.0,37.0,40.0,45.0,39.0,42.0,25.0,62.0,11.0,35.0,27.0,36.0,90.0,36.0,17.0,21.0,26.0,94.91,57.5,95.38,108.8,120.9,105.6,97.91,98.91,103.8,107.5,82.78,121.2,111.1,112.0,4.8,4.1,2.5,1.5,2.3,2.2,0.7,0.4,0.3,0.1,0.3,0.4,1.85,1.26,1.79,1.59,1.2,1.62,0.26,0.07,0.17,0.3,0.3,0.2,0.3,0.1,0.3,0.2,0.2,0.2,0.3,5.0,7.0,22.0,2.0,8.0,2.0,1.0,2.0,3.0,3.0,5.0,2.0,5.0,1.0,7.0,1.0,3.0,1.0,3.0,15.0,2.0,1.0,2.0,1.0,39.0,46.0,71.0,49.0,33.0,28.0,13.0,30.0,33.0,35.0,37.0,35.0,35.0,24.0,52.0,10.0,31.0,25.0,31.0,67.0,33.0,16.0,19.0,24.0,12.0,6.0,19.0,23.0,11.0,1.0,18.0
2019-09-18 20:00:00,5.0,5.0,5.0,10.0,5.0,1.0,4.0,10.0,8.0,4.0,22.0,17.0,15.0,21.0,26.0,28.0,40.0,19.0,18.0,33.0,29.0,11.0,14.0,37.0,68.0,89.0,57.0,35.0,41.0,24.0,34.0,38.0,41.0,70.0,42.0,58.0,26.0,52.0,10.0,40.0,36.0,42.0,135.0,38.0,21.0,19.0,28.0,81.7,51.53,95.86,99.56,109.2,102.5,99.92,90.74,88.49,95.67,61.51,114.4,111.0,109.7,4.2,3.6,2.0,1.3,2.3,1.8,0.8,0.3,0.3,0.2,0.3,0.3,1.77,1.27,1.7,1.54,1.21,1.53,0.23,0.06,0.17,0.3,0.3,0.2,0.4,0.2,0.4,0.2,0.3,0.2,0.3,2.0,6.0,14.0,1.0,2.0,2.0,1.0,1.0,2.0,2.0,10.0,1.0,8.0,1.0,2.0,1.0,1.0,1.0,3.0,25.0,1.0,1.0,1.0,1.0,34.0,58.0,68.0,55.0,32.0,39.0,23.0,32.0,35.0,37.0,54.0,40.0,46.0,24.0,50.0,8.0,38.0,34.0,37.0,96.0,37.0,20.0,17.0,27.0,9.0,6.0,11.0,29.0,9.0,8.0,19.0
2019-09-18 21:00:00,6.0,5.0,6.0,10.0,5.0,1.0,4.0,9.0,8.0,4.0,28.0,13.0,21.0,25.0,22.0,33.0,40.0,18.0,15.0,32.0,35.0,17.0,18.0,52.0,95.0,116.0,101.0,65.0,79.0,44.0,58.0,50.0,84.0,94.0,61.0,79.0,51.0,73.0,12.0,63.0,59.0,72.0,280.0,59.0,36.0,58.0,37.0,53.27,24.97,61.76,58.45,83.45,78.3,82.2,66.94,75.19,69.06,9.2,84.51,62.39,85.95,5.3,5.0,2.2,2.0,2.7,1.7,1.2,0.5,0.3,0.3,0.5,0.4,1.89,1.28,1.67,1.61,1.21,1.47,0.28,0.07,0.2,0.3,0.6,0.3,0.5,0.2,0.5,0.3,0.3,0.7,0.3,3.0,7.0,14.0,4.0,2.0,3.0,1.0,1.0,3.0,3.0,12.0,1.0,4.0,1.0,1.0,1.0,4.0,1.0,3.0,77.0,2.0,1.0,1.0,1.0,48.0,85.0,94.0,95.0,62.0,75.0,43.0,56.0,46.0,79.0,75.0,59.0,72.0,49.0,71.0,10.0,56.0,57.0,68.0,161.0,57.0,34.0,57.0,35.0,9.0,11.0,6.0,29.0,8.0,4.0,24.0
2019-09-18 22:00:00,7.0,5.0,8.0,9.0,4.0,1.0,4.0,9.0,9.0,5.0,36.0,13.0,14.0,33.0,21.0,30.0,34.0,19.0,21.0,36.0,30.0,13.0,8.0,73.0,132.0,114.0,99.0,99.0,50.0,27.0,81.0,65.0,125.0,85.0,42.0,92.0,54.0,71.0,17.0,118.0,78.0,93.0,116.0,52.0,28.0,72.0,27.0,23.08,16.67,28.38,60.2,75.34,48.33,56.21,72.84,58.13,47.74,35.55,70.0,43.71,86.43,7.3,5.7,3.4,1.4,2.9,2.7,1.7,0.7,0.5,0.2,0.6,0.6,1.93,1.23,1.75,1.58,1.18,1.49,0.35,0.05,0.26,0.4,0.8,0.4,0.4,0.2,0.5,0.4,0.2,0.3,0.3,4.0,18.0,18.0,3.0,6.0,1.0,1.0,3.0,5.0,11.0,10.0,3.0,4.0,1.0,4.0,1.0,27.0,2.0,6.0,15.0,2.0,1.0,2.0,1.0,67.0,106.0,87.0,95.0,90.0,48.0,25.0,77.0,58.0,109.0,70.0,37.0,86.0,53.0,66.0,15.0,77.0,75.0,83.0,94.0,49.0,27.0,70.0,25.0,14.0,8.0,7.0,25.0,9.0,9.0,19.0
2019-09-18 23:00:00,7.0,5.0,9.0,8.0,4.0,1.0,4.0,9.0,9.0,5.0,24.0,12.0,7.0,24.0,18.0,28.0,25.0,13.0,17.0,32.0,22.0,14.0,14.0,77.0,159.0,147.0,122.0,121.0,61.0,27.0,64.0,67.0,117.0,92.0,107.0,142.0,107.0,48.0,24.0,81.0,152.0,54.0,181.0,102.0,26.0,60.0,27.0,8.08,4.74,12.23,41.14,70.61,49.28,44.28,16.26,38.79,4.15,23.09,55.73,46.0,74.05,8.9,7.2,3.4,0.6,2.7,3.4,1.9,1.0,0.5,0.2,0.6,0.7,2.0,1.24,1.67,1.53,1.18,1.46,0.46,0.05,0.21,0.5,0.9,0.5,0.5,0.2,0.6,0.5,0.5,0.5,0.4,5.0,29.0,25.0,9.0,14.0,2.0,1.0,2.0,4.0,9.0,11.0,14.0,13.0,6.0,1.0,1.0,9.0,21.0,2.0,51.0,7.0,1.0,1.0,1.0,70.0,115.0,109.0,108.0,99.0,59.0,25.0,61.0,61.0,104.0,76.0,86.0,121.0,97.0,47.0,22.0,66.0,119.0,52.0,102.0,92.0,25.0,58.0,26.0,10.0,4.0,11.0,19.0,8.0,8.0,15.0
2019-09-19 00:00:00,8.0,6.0,10.0,8.0,4.0,2.0,4.0,11.0,9.0,7.0,25.0,15.0,6.0,25.0,27.0,22.0,22.0,8.0,14.0,30.0,30.0,18.0,13.0,112.0,288.0,170.0,117.0,164.0,82.0,27.0,119.0,81.0,112.0,154.0,175.0,129.0,128.0,86.0,32.0,143.0,161.0,163.0,266.0,128.0,32.0,82.0,36.0,2.46,3.7,3.82,19.18,65.13,13.21,26.0,0.85,20.82,3.11,4.77,41.55,18.36,48.51,24.0,9.5,6.5,0.6,3.7,3.4,2.8,1.0,0.7,0.2,0.8,0.7,2.14,1.24,1.67,1.55,1.17,1.43,0.58,0.07,0.24,0.6,1.2,0.5,0.6,0.2,0.7,0.5,0.8,0.8,0.5,14.0,102.0,45.0,12.0,37.0,4.0,1.0,9.0,4.0,12.0,32.0,47.0,13.0,14.0,8.0,1.0,36.0,30.0,38.0,97.0,18.0,1.0,2.0,1.0,91.0,131.0,101.0,98.0,108.0,76.0,26.0,106.0,75.0,94.0,105.0,103.0,110.0,107.0,74.0,30.0,87.0,115.0,105.0,117.0,100.0,30.0,80.0,34.0,10.0,4.0,17.0,15.0,5.0,7.0,21.0
2019-09-19 01:00:00,9.0,5.0,11.0,8.0,4.0,3.0,4.0,10.0,9.0,7.0,32.0,18.0,11.0,24.0,27.0,34.0,34.0,18.0,35.0,28.0,27.0,16.0,20.0,136.0,212.0,93.0,113.0,173.0,76.0,50.0,157.0,116.0,146.0,118.0,141.0,174.0,147.0,102.0,45.0,140.0,151.0,171.0,116.0,41.0,33.0,65.0,35.0,5.65,5.18,3.72,18.07,28.01,2.12,11.31,11.06,6.22,2.24,18.93,32.56,24.16,47.67,2.3,12.2,7.9,1.1,6.1,3.6,2.5,1.4,0.7,0.3,1.1,0.6,2.22,1.26,1.9,1.56,1.19,1.68,0.66,0.07,0.22,0.6,0.9,0.5,0.5,0.2,0.7,0.5,0.6,0.3,0.4,31.0,60.0,10.0,14.0,49.0,7.0,1.0,35.0,17.0,25.0,22.0,36.0,33.0,28.0,10.0,4.0,37.0,29.0,48.0,23.0,1.0,1.0,1.0,1.0,89.0,121.0,78.0,92.0,98.0,66.0,48.0,103.0,89.0,108.0,85.0,87.0,124.0,104.0,87.0,39.0,83.0,105.0,97.0,80.0,39.0,31.0,62.0,34.0,16.0,6.0,16.0,28.0,13.0,14.0,19.0
2019-09-19 02:00:00,9.0,4.0,10.0,7.0,4.0,3.0,4.0,9.0,9.0,7.0,15.0,11.0,13.0,21.0,17.0,33.0,30.0,15.0,19.0,32.0,18.0,14.0,13.0,97.0,74.0,34.0,71.0,105.0,57.0,45.0,93.0,70.0,95.0,49.0,29.0,74.0,121.0,35.0,40.0,38.0,74.0,156.0,71.0,19.0,33.0,37.0,22.0,27.63,7.83,5.04,21.39,27.01,14.01,27.93,56.57,8.54,22.07,22.4,22.94,40.1,72.64,2.7,2.8,3.4,1.0,3.9,3.7,1.2,0.2,0.3,0.2,0.7,0.6,1.87,1.28,1.81,1.53,1.21,1.61,0.34,0.07,0.21,0.5,0.3,0.3,0.4,0.2,0.5,0.3,0.2,0.2,0.2,18.0,3.0,1.0,1.0,12.0,2.0,1.0,10.0,4.0,11.0,2.0,1.0,7.0,17.0,1.0,3.0,1.0,3.0,46.0,3.0,1.0,1.0,1.0,1.0,69.0,70.0,33.0,69.0,86.0,54.0,44.0,78.0,64.0,78.0,46.0,27.0,63.0,95.0,33.0,36.0,37.0,69.0,85.0,66.0,17.0,31.0,35.0,20.0,5.0,8.0,8.0,24.0,12.0,8.0,12.0
2019-09-19 03:00:00,8.0,4.0,10.0,7.0,4.0,4.0,4.0,9.0,8.0,6.0,15.0,12.0,10.0,20.0,19.0,15.0,30.0,13.0,8.0,22.0,15.0,11.0,6.0,66.0,52.0,16.0,23.0,100.0,50.0,41.0,28.0,58.0,45.0,28.0,17.0,33.0,83.0,22.0,30.0,12.0,23.0,31.0,63.0,14.0,34.0,15.0,23.0,38.88,24.79,3.31,23.72,24.44,45.04,31.36,64.77,16.26,53.54,19.06,17.05,58.94,67.91,31.5,1.6,4.1,1.5,2.3,6.2,0.6,0.1,0.3,0.3,0.4,0.5,1.74,1.3,1.62,1.51,1.23,1.46,0.23,0.08,0.16,0.4,0.2,0.2,0.4,0.2,0.4,0.2,0.2,0.2,0.2,7.0,2.0,1.0,1.0,13.0,2.0,1.0,1.0,5.0,2.0,2.0,1.0,1.0,2.0,1.0,1.0,1.0,1.0,1.0,2.0,1.0,1.0,1.0,1.0,55.0,49.0,15.0,22.0,79.0,48.0,39.0,26.0,51.0,42.0,25.0,15.0,31.0,79.0,20.0,28.0,11.0,22.0,30.0,60.0,13.0,32.0,14.0,22.0,7.0,5.0,11.0,23.0,9.0,1.0,10.0
2019-09-19 04:00:00,8.0,4.0,10.0,6.0,4.0,4.0,4.0,9.0,8.0,6.0,13.0,15.0,9.0,12.0,12.0,5.0,26.0,9.0,4.0,13.0,17.0,8.0,3.0,55.0,22.0,11.0,13.0,77.0,35.0,31.0,16.0,24.0,12.0,24.0,15.0,17.0,49.0,14.0,9.0,12.0,27.0,12.0,58.0,14.0,32.0,15.0,18.0,59.5,32.85,7.42,30.5,29.74,45.39,52.79,64.25,45.41,49.95,22.92,13.29,54.45,78.96,14.9,1.2,3.3,1.9,1.4,5.8,0.4,0.1,0.2,0.3,0.3,0.2,1.63,1.31,1.53,1.46,1.23,1.39,0.17,0.08,0.14,0.3,0.2,0.1,0.3,0.2,0.4,0.1,0.2,0.1,0.2,5.0,1.0,1.0,1.0,6.0,1.0,1.0,1.0,1.0,1.0,3.0,1.0,1.0,1.0,1.0,1.0,1.0,1.0,1.0,5.0,1.0,1.0,1.0,1.0,47.0,20.0,9.0,11.0,68.0,33.0,30.0,14.0,23.0,10.0,20.0,13.0,15.0,47.0,12.0,8.0,11.0,25.0,10.0,50.0,12.0,31.0,13.0,16.0,8.0,3.0,8.0,21.0,7.0,1.0,12.0
2019-09-19 05:00:00,8.0,4.0,9.0,6.0,4.0,4.0,4.0,9.0,8.0,6.0,12.0,10.0,9.0,11.0,13.0,4.0,22.0,9.0,5.0,20.0,17.0,9.0,5.0,49.0,20.0,11.0,12.0,67.0,44.0,23.0,39.0,30.0,12.0,14.0,19.0,18.0,33.0,7.0,5.0,21.0,16.0,24.0,52.0,14.0,28.0,12.0,18.0,58.15,32.06,10.23,13.75,32.85,31.06,49.16,58.35,53.98,54.38,21.43,15.95,49.83,72.28,9.0,1.2,3.1,1.8,1.2,7.5,0.3,0.1,0.2,0.2,0.3,0.1,1.61,1.3,1.72,1.45,1.23,1.46,0.16,0.07,0.26,0.3,0.2,0.1,0.3,0.1,0.4,0.1,0.2,0.1,0.2,5.0,1.0,1.0,1.0,5.0,4.0,1.0,1.0,3.0,1.0,1.0,1.0,1.0,1.0,1.0,1.0,1.0,1.0,1.0,3.0,1.0,1.0,1.0,1.0,40.0,19.0,10.0,11.0,59.0,38.0,21.0,37.0,26.0,10.0,12.0,17.0,16.0,32.0,5.0,3.0,20.0,15.0,22.0,47.0,12.0,27.0,11.0,17.0,8.0,4.0,8.0,19.0,7.0,1.0,12.0
2019-09-19 06:00:00,8.0,4.0,9.0,6.0,4.0,5.0,4.0,9.0,8.0,5.0,12.0,8.0,11.0,10.0,3.0,2.0,26.0,6.0,11.0,21.0,15.0,10.0,6.0,52.0,23.0,13.0,13.0,68.0,35.0,20.0,61.0,30.0,17.0,21.0,20.0,17.0,16.0,9.0,6.0,34.0,17.0,43.0,69.0,15.0,31.0,13.0,18.0,53.89,30.31,9.34,25.61,29.93,18.35,47.37,56.51,53.12,55.8,20.23,12.48,49.41,67.13,7.3,1.6,3.3,1.4,1.1,11.1,0.3,0.1,0.2,0.2,0.2,0.1,1.59,1.3,1.7,1.45,1.24,1.51,0.14,0.06,0.2,0.3,0.2,0.1,0.3,0.1,0.4,0.1,0.2,0.1,0.2,8.0,1.0,1.0,1.0,7.0,2.0,1.0,3.0,2.0,2.0,3.0,1.0,1.0,1.0,1.0,1.0,2.0,1.0,2.0,13.0,1.0,2.0,1.0,1.0,39.0,21.0,12.0,12.0,57.0,31.0,19.0,56.0,27.0,14.0,17.0,18.0,16.0,14.0,7.0,4.0,31.0,16.0,40.0,49.0,13.0,28.0,11.0,17.0,7.0,8.0,1.0,23.0,5.0,4.0,11.0
2019-09-19 07:00:00,9.0,4.0,10.0,7.0,4.0,5.0,4.0,9.0,8.0,5.0,12.0,9.0,10.0,15.0,12.0,7.0,20.0,5.0,4.0,21.0,17.0,10.0,4.0,79.0,34.0,24.0,24.0,87.0,44.0,21.0,95.0,31.0,25.0,41.0,29.0,31.0,24.0,17.0,10.0,33.0,39.0,76.0,72.0,18.0,36.0,15.0,21.0,44.06,24.99,5.58,16.97,22.04,9.03,45.77,43.14,46.74,34.2,18.51,8.95,44.83,60.25,5.2,0.7,3.1,1.1,1.1,5.9,0.3,0.1,0.2,0.1,0.3,0.2,1.59,1.31,1.78,1.45,1.25,1.58,0.14,0.06,0.2,0.3,0.2,0.1,0.3,0.1,0.4,0.1,0.2,0.2,0.2,24.0,2.0,1.0,1.0,16.0,3.0,1.0,18.0,2.0,3.0,7.0,1.0,2.0,1.0,1.0,1.0,1.0,1.0,10.0,13.0,1.0,4.0,1.0,1.0,42.0,32.0,22.0,23.0,63.0,39.0,19.0,68.0,27.0,21.0,31.0,28.0,28.0,22.0,15.0,9.0,31.0,37.0,61.0,52.0,17.0,30.0,14.0,19.0,6.0,7.0,7.0,18.0,3.0,1.0,12.0
2019-09-19 08:00:00,12.0,4.0,10.0,7.0,4.0,6.0,4.0,9.0,8.0,5.0,9.0,10.0,10.0,15.0,15.0,14.0,20.0,12.0,13.0,20.0,17.0,12.0,10.0,122.0,98.0,46.0,41.0,111.0,71.0,21.0,103.0,68.0,58.0,77.0,56.0,84.0,68.0,41.0,16.0,64.0,129.0,106.0,125.0,42.0,71.0,33.0,35.0,12.86,16.96,2.7,1.72,28.98,5.89,24.52,21.36,31.06,3.87,9.19,4.24,28.52,33.35,4.3,0.7,3.3,1.3,1.1,7.3,0.4,0.1,0.4,0.1,0.3,0.1,1.62,1.3,1.65,1.46,1.25,1.47,0.16,0.05,0.18,0.5,0.3,0.2,0.4,0.1,0.5,0.2,0.3,0.3,0.2,39.0,16.0,2.0,2.0,27.0,12.0,1.0,21.0,9.0,9.0,17.0,3.0,10.0,6.0,2.0,1.0,5.0,36.0,26.0,36.0,2.0,22.0,1.0,4.0,62.0,74.0,43.0,37.0,70.0,52.0,20.0,70.0,54.0,44.0,51.0,52.0,68.0,59.0,37.0,14.0,56.0,74.0,66.0,70.0,38.0,37.0,32.0,29.0,2.0,8.0,8.0,16.0,7.0,5.0,12.0
2019-09-19 09:00:00,12.0,5.0,11.0,8.0,4.0,7.0,4.0,11.0,9.0,5.0,16.0,13.0,12.0,26.0,21.0,16.0,25.0,16.0,10.0,22.0,23.0,15.0,13.0,133.0,153.0,78.0,72.0,134.0,137.0,45.0,152.0,111.0,138.0,204.0,73.0,125.0,109.0,66.0,32.0,89.0,109.0,143.0,242.0,75.0,69.0,69.0,48.0,5.92,5.6,3.9,1.51,19.04,2.65,9.18,14.22,8.08,9.63,6.2,4.74,12.2,20.22,5.5,1.7,4.6,1.6,2.2,4.8,0.7,0.2,0.6,0.2,0.5,0.5,1.66,1.31,1.69,1.47,1.25,1.48,0.19,0.06,0.21,0.6,0.5,0.3,0.7,0.2,0.6,0.4,0.3,0.7,0.3,42.0,43.0,9.0,8.0,40.0,46.0,4.0,46.0,25.0,42.0,72.0,8.0,29.0,22.0,7.0,3.0,15.0,28.0,46.0,98.0,16.0,22.0,13.0,14.0,69.0,87.0,64.0,61.0,73.0,66.0,38.0,82.0,73.0,73.0,94.0,61.0,81.0,75.0,56.0,27.0,66.0,66.0,72.0,91.0,51.0,35.0,49.0,27.0,6.0,8.0,11.0,19.0,10.0,1.0,15.0
2019-09-19 10:00:00,15.0,5.0,11.0,10.0,5.0,7.0,4.0,11.0,9.0,6.0,26.0,20.0,15.0,28.0,26.0,31.0,30.0,20.0,18.0,31.0,28.0,19.0,17.0,473.0,151.0,82.0,79.0,144.0,159.0,77.0,129.0,144.0,119.0,187.0,93.0,108.0,126.0,75.0,29.0,85.0,163.0,133.0,225.0,94.0,32.0,88.0,54.0,11.86,8.1,7.7,5.04,12.58,12.87,9.68,15.12,11.61,9.94,10.38,18.43,18.05,23.68,7.7,3.4,9.5,1.8,3.5,3.7,1.2,0.4,1.0,0.2,0.8,0.6,1.7,1.32,1.7,1.47,1.25,1.51,0.23,0.08,0.2,1.1,0.6,0.3,0.7,0.2,0.7,0.4,0.4,0.6,0.3,241.0,45.0,14.0,15.0,45.0,58.0,21.0,36.0,43.0,34.0,68.0,21.0,26.0,34.0,14.0,1.0,19.0,61.0,44.0,89.0,23.0,7.0,24.0,24.0,104.0,83.0,60.0,56.0,75.0,70.0,44.0,73.0,78.0,67.0,84.0,61.0,67.0,75.0,54.0,27.0,56.0,70.0,66.0,89.0,59.0,21.0,51.0,17.0,11.0,10.0,12.0,23.0,10.0,7.0,18.0
2019-09-19 11:00:00,10.0,5.0,10.0,10.0,5.0,5.0,4.0,10.0,9.0,6.0,29.0,20.0,21.0,24.0,27.0,26.0,43.0,18.0,21.0,36.0,31.0,16.0,15.0,194.0,132.0,60.0,65.0,99.0,135.0,117.0,92.0,135.0,89.0,79.0,60.0,86.0,125.0,61.0,38.0,52.0,105.0,78.0,149.0,37.0,24.0,45.0,30.0,20.56,12.06,23.91,17.04,21.77,21.82,15.84,34.21,12.74,23.82,26.29,47.32,39.33,50.26,8.7,3.4,7.9,4.1,2.3,2.3,1.0,0.3,0.8,0.6,0.5,0.3,1.69,1.36,1.57,1.49,1.24,1.41,0.21,0.12,0.17,0.6,0.5,0.3,0.6,0.4,1.2,0.3,0.3,0.4,0.3,75.0,37.0,11.0,11.0,24.0,42.0,34.0,25.0,38.0,21.0,20.0,11.0,21.0,34.0,12.0,4.0,11.0,30.0,22.0,46.0,7.0,4.0,10.0,9.0,79.0,75.0,44.0,49.0,63.0,72.0,64.0,54.0,77.0,57.0,48.0,43.0,54.0,72.0,42.0,32.0,35.0,59.0,45.0,79.0,26.0,18.0,30.0,16.0,11.0,11.0,11.0,35.0,7.0,13.0,21.0
2019-09-19 12:00:00,8.0,5.0,10.0,12.0,6.0,4.0,4.0,8.0,9.0,5.0,15.0,26.0,33.0,23.0,30.0,20.0,44.0,22.0,19.0,30.0,29.0,13.0,11.0,126.0,96.0,73.0,57.0,51.0,82.0,105.0,75.0,101.0,75.0,70.0,47.0,68.0,78.0,59.0,28.0,52.0,73.0,58.0,119.0,25.0,13.0,46.0,21.0,40.17,19.16,49.83,41.46,37.8,37.45,32.08,52.63,35.48,38.51,45.03,80.87,47.75,71.5,7.1,3.4,4.1,6.2,2.3,3.0,0.7,0.3,0.4,0.8,0.5,0.4,1.67,1.34,1.55,1.48,1.23,1.39,0.19,0.12,0.16,0.5,0.4,0.2,0.5,0.4,0.5,0.2,0.2,0.3,0.2,39.0,21.0,15.0,8.0,8.0,17.0,27.0,19.0,23.0,16.0,19.0,8.0,13.0,16.0,11.0,1.0,12.0,15.0,14.0,33.0,4.0,1.0,10.0,3.0,66.0,64.0,50.0,45.0,38.0,55.0,64.0,46.0,65.0,51.0,40.0,34.0,48.0,54.0,42.0,26.0,34.0,50.0,37.0,68.0,18.0,11.0,31.0,17.0,7.0,17.0,12.0,37.0,11.0,10.0,18.0
2019-09-19 13:00:00,6.0,5.0,8.0,14.0,6.0,1.0,4.0,9.0,9.0,5.0,17.0,21.0,32.0,29.0,31.0,29.0,19.0,25.0,19.0,35.0,28.0,16.0,8.0,97.0,75.0,94.0,64.0,49.0,49.0,56.0,55.0,72.0,67.0,72.0,48.0,75.0,51.0,79.0,22.0,55.0,53.0,46.0,75.0,38.0,23.0,47.0,21.0,60.21,25.6,61.31,70.76,68.91,61.19,54.04,65.51,59.15,57.57,67.64,92.87,57.84,86.37,4.7,2.9,2.7,5.3,2.1,3.9,0.5,0.3,0.3,0.5,0.3,0.4,1.59,1.28,1.54,1.45,1.2,1.38,0.14,0.08,0.16,0.4,0.3,0.3,0.3,0.2,0.5,0.3,0.3,0.2,0.2,25.0,13.0,20.0,11.0,8.0,8.0,10.0,10.0,13.0,13.0,18.0,8.0,16.0,6.0,16.0,1.0,11.0,7.0,9.0,16.0,8.0,2.0,9.0,2.0,58.0,55.0,63.0,48.0,37.0,37.0,41.0,40.0,53.0,47.0,45.0,36.0,51.0,41.0,54.0,20.0,38.0,42.0,33.0,51.0,25.0,20.0,33.0,18.0,6.0,17.0,13.0,10.0,14.0,8.0,14.0
2019-09-19 14:00:00,6.0,5.0,6.0,14.0,6.0,1.0,4.0,8.0,9.0,4.0,18.0,20.0,28.0,58.0,31.0,39.0,38.0,29.0,22.0,36.0,27.0,14.0,15.0,69.0,72.0,88.0,47.0,32.0,41.0,43.0,40.0,67.0,57.0,72.0,53.0,108.0,43.0,63.0,18.0,58.0,29.0,43.0,79.0,52.0,30.0,43.0,26.0,72.92,42.71,87.06,86.3,88.07,86.17,69.44,80.79,80.86,88.96,78.14,104.6,76.54,91.64,3.6,3.5,1.6,3.3,4.7,3.4,0.4,0.3,0.2,0.3,1.9,0.3,1.61,1.27,1.54,1.46,1.2,1.39,0.15,0.06,0.15,0.3,0.3,0.2,0.3,0.2,0.4,0.4,0.3,0.2,0.3,14.0,11.0,18.0,5.0,5.0,6.0,6.0,6.0,11.0,9.0,14.0,8.0,34.0,5.0,11.0,1.0,11.0,2.0,7.0,17.0,9.0,3.0,7.0,3.0,47.0,55.0,61.0,39.0,24.0,32.0,33.0,32.0,49.0,43.0,50.0,42.0,57.0,35.0,46.0,16.0,42.0,27.0,33.0,52.0,37.0,26.0,32.0,21.0,5.0,12.0,14.0,23.0,15.0,8.0,14.0
2019-09-19 15:00:00,6.0,5.0,5.0,13.0,5.0,1.0,4.0,7.0,8.0,3.0,21.0,27.0,26.0,49.0,34.0,34.0,40.0,25.0,29.0,39.0,35.0,14.0,15.0,51.0,59.0,78.0,44.0,26.0,27.0,23.0,33.0,30.0,30.0,41.0,36.0,51.0,17.0,44.0,7.0,44.0,19.0,29.0,102.0,40.0,28.0,20.0,23.0,92.28,58.17,99.9,105.5,107.6,99.77,98.3,99.76,108.4,105.0,93.21,111.0,106.3,108.3,3.8,3.4,1.4,2.4,3.1,2.5,0.6,0.4,0.2,0.2,0.5,0.2,1.74,1.31,1.54,1.55,1.27,1.4,0.19,0.05,0.14,0.3,0.4,0.2,0.3,0.2,0.4,0.2,0.2,0.2,0.3,10.0,11.0,14.0,6.0,4.0,3.0,3.0,4.0,3.0,4.0,7.0,4.0,13.0,1.0,6.0,1.0,7.0,1.0,4.0,30.0,6.0,2.0,3.0,1.0,36.0,43.0,57.0,35.0,20.0,22.0,18.0,27.0,25.0,24.0,31.0,29.0,31.0,15.0,34.0,6.0,33.0,18.0,24.0,57.0,31.0,24.0,16.0,21.0,4.0,10.0,15.0,26.0,8.0,11.0,21.0
2019-09-19 16:00:00,6.0,5.0,4.0,12.0,5.0,1.0,4.0,9.0,8.0,3.0,29.0,24.0,23.0,17.0,34.0,19.0,37.0,30.0,41.0,47.0,36.0,16.0,13.0,41.0,42.0,87.0,19.0,17.0,17.0,11.0,19.0,28.0,30.0,28.0,24.0,74.0,13.0,29.0,5.0,29.0,14.0,17.0,49.0,19.0,15.0,12.0,19.0,105.3,73.85,106.7,111.1,116.5,112.7,105.0,110.4,119.6,111.3,104.3,116.2,113.3,120.3,3.1,3.2,1.2,1.5,2.7,1.6,0.6,0.4,0.1,0.1,0.5,0.3,1.81,1.23,1.57,1.55,1.19,1.45,0.25,0.04,0.12,0.3,0.3,0.2,0.3,0.1,0.4,0.2,0.2,0.1,0.2,6.0,7.0,21.0,1.0,2.0,2.0,1.0,2.0,4.0,5.0,5.0,3.0,24.0,1.0,4.0,1.0,6.0,1.0,2.0,9.0,2.0,1.0,1.0,1.0,31.0,32.0,54.0,18.0,13.0,14.0,9.0,16.0,22.0,22.0,21.0,20.0,37.0,12.0,24.0,3.0,20.0,12.0,14.0,35.0,16.0,13.0,10.0,17.0,10.0,8.0,16.0,24.0,13.0,21.0,21.0
2019-09-19 17:00:00,6.0,6.0,3.0,12.0,5.0,1.0,4.0,8.0,8.0,2.0,22.0,28.0,24.0,35.0,31.0,17.0,42.0,35.0,26.0,48.0,28.0,14.0,15.0,28.0,35.0,57.0,25.0,17.0,16.0,8.0,13.0,27.0,32.0,27.0,21.0,19.0,11.0,27.0,4.0,29.0,13.0,13.0,59.0,18.0,10.0,7.0,18.0,106.9,73.53,105.0,115.8,118.3,116.9,103.5,112.0,118.4,108.9,100.7,120.4,115.1,125.1,2.9,2.1,0.7,0.6,2.3,1.1,0.5,0.3,0.1,0.1,0.4,0.1,1.79,1.21,1.56,1.48,1.15,1.43,0.31,0.06,0.13,0.3,0.2,0.2,0.3,0.1,0.3,0.2,0.2,0.1,0.2,4.0,5.0,12.0,2.0,2.0,2.0,1.0,1.0,3.0,6.0,4.0,2.0,2.0,1.0,3.0,1.0,5.0,1.0,2.0,12.0,2.0,1.0,1.0,1.0,22.0,27.0,38.0,22.0,14.0,14.0,7.0,11.0,22.0,23.0,20.0,17.0,16.0,10.0,23.0,2.0,22.0,12.0,11.0,40.0,15.0,8.0,6.0,16.0,4.0,9.0,13.0,29.0,17.0,8.0,14.0
2019-09-19 18:00:00,7.0,5.0,4.0,12.0,5.0,1.0,4.0,8.0,8.0,3.0,23.0,24.0,25.0,51.0,38.0,14.0,38.0,28.0,19.0,42.0,31.0,12.0,11.0,31.0,58.0,92.0,32.0,20.0,20.0,7.0,16.0,26.0,31.0,32.0,27.0,26.0,11.0,35.0,4.0,24.0,16.0,19.0,97.0,28.0,11.0,8.0,18.0,97.59,70.92,109.2,114.3,118.5,111.4,104.8,108.9,117.8,113.7,93.63,122.8,115.9,127.6,2.8,2.4,1.2,0.6,2.4,1.0,0.5,0.3,0.1,0.1,0.4,0.2,1.75,1.21,1.54,1.47,1.14,1.39,0.28,0.07,0.15,0.3,0.3,0.2,0.3,0.1,0.3,0.2,0.2,0.2,0.2,4.0,11.0,20.0,2.0,3.0,2.0,1.0,2.0,3.0,4.0,5.0,3.0,3.0,1.0,5.0,1.0,3.0,1.0,3.0,26.0,5.0,1.0,1.0,1.0,25.0,42.0,62.0,28.0,16.0,17.0,6.0,14.0,22.0,24.0,24.0,23.0,20.0,10.0,27.0,2.0,19.0,14.0,16.0,58.0,21.0,9.0,6.0,16.0,7.0,12.0,20.0,25.0,13.0,4.0,17.0
2019-09-19 19:00:00,7.0,5.0,4.0,12.0,5.0,1.0,4.0,8.0,8.0,3.0,26.0,20.0,20.0,60.0,37.0,19.0,33.0,24.0,21.0,41.0,42.0,12.0,13.0,34.0,63.0,90.0,32.0,25.0,26.0,13.0,19.0,32.0,41.0,36.0,27.0,27.0,11.0,39.0,4.0,37.0,19.0,24.0,155.0,26.0,10.0,7.0,19.0,96.03,71.71,107.1,114.8,120.8,112.7,107.9,112.5,116.9,115.6,83.13,122.8,120.8,126.7,3.0,2.6,1.1,0.5,2.7,1.3,0.6,0.3,0.2,0.1,0.5,0.2,1.7,1.21,1.56,1.47,1.15,1.4,0.24,0.06,0.16,0.3,0.3,0.2,0.3,0.1,0.4,0.2,0.2,0.2,0.2,3.0,10.0,19.0,1.0,3.0,2.0,1.0,1.0,2.0,4.0,5.0,2.0,3.0,1.0,4.0,1.0,5.0,1.0,3.0,53.0,3.0,1.0,1.0,1.0,30.0,48.0,61.0,29.0,21.0,23.0,12.0,16.0,28.0,34.0,28.0,24.0,23.0,10.0,34.0,2.0,30.0,18.0,19.0,74.0,21.0,9.0,6.0,17.0,11.0,11.0,22.0,19.0,11.0,7.0,27.0
2019-09-19 20:00:00,5.0,5.0,5.0,11.0,5.0,1.0,4.0,7.0,8.0,3.0,21.0,17.0,20.0,55.0,30.0,13.0,37.0,26.0,20.0,43.0,37.0,19.0,34.0,48.0,59.0,109.0,41.0,39.0,38.0,15.0,48.0,38.0,50.0,50.0,33.0,52.0,18.0,37.0,6.0,32.0,27.0,35.0,232.0,41.0,17.0,16.0,26.0,90.71,61.99,91.13,97.15,116.8,89.78,98.4,99.43,97.06,101.3,50.69,115.8,106.1,112.3,3.2,2.8,1.3,0.7,2.8,1.3,0.8,0.4,0.2,0.1,0.6,0.2,1.7,1.22,1.55,1.49,1.16,1.41,0.21,0.06,0.15,0.4,0.3,0.2,0.4,0.2,0.4,0.2,0.2,0.2,0.3,5.0,5.0,22.0,1.0,3.0,2.0,1.0,4.0,2.0,4.0,5.0,1.0,5.0,1.0,1.0,1.0,1.0,1.0,2.0,77.0,4.0,1.0,1.0,1.0,40.0,51.0,75.0,40.0,34.0,35.0,13.0,41.0,34.0,45.0,42.0,31.0,44.0,17.0,35.0,4.0,30.0,26.0,32.0,114.0,35.0,15.0,15.0,24.0,5.0,8.0,15.0,26.0,16.0,6.0,25.0
2019-09-19 21:00:00,6.0,5.0,6.0,11.0,5.0,1.0,4.0,7.0,8.0,3.0,29.0,21.0,25.0,24.0,27.0,51.0,34.0,17.0,15.0,37.0,42.0,15.0,32.0,105.0,100.0,45.0,34.0,57.0,74.0,47.0,77.0,72.0,52.0,65.0,55.0,79.0,55.0,42.0,15.0,48.0,80.0,61.0,211.0,45.0,24.0,19.0,35.0,48.21,52.49,66.18,56.33,78.7,48.74,66.99,61.49,76.81,51.21,21.71,99.67,88.4,78.29,4.2,2.3,1.9,1.0,3.1,1.0,0.9,0.3,0.4,0.2,0.7,0.1,1.72,1.26,1.58,1.49,1.18,1.46,0.23,0.08,0.13,0.5,0.5,0.2,0.4,0.2,0.6,0.2,0.3,0.3,0.3,21.0,7.0,1.0,1.0,2.0,3.0,1.0,4.0,4.0,3.0,7.0,1.0,5.0,1.0,1.0,1.0,1.0,4.0,2.0,51.0,5.0,1.0,1.0,1.0,73.0,88.0,43.0,33.0,53.0,69.0,46.0,70.0,66.0,47.0,55.0,53.0,72.0,53.0,41.0,13.0,46.0,74.0,58.0,133.0,37.0,22.0,17.0,33.0,9.0,11.0,11.0,24.0,7.0,3.0,30.0
2019-09-19 22:00:00,7.0,5.0,7.0,11.0,4.0,2.0,4.0,7.0,9.0,4.0,27.0,23.0,14.0,32.0,25.0,46.0,32.0,18.0,18.0,38.0,39.0,17.0,18.0,77.0,103.0,40.0,29.0,80.0,92.0,27.0,72.0,85.0,67.0,70.0,54.0,81.0,71.0,44.0,24.0,48.0,82.0,57.0,152.0,35.0,39.0,15.0,31.0,32.96,46.49,36.33,28.23,75.34,47.06,37.22,53.21,45.49,38.37,29.92,60.19,84.01,75.43,6.0,1.7,4.4,1.4,3.4,1.0,1.0,0.2,0.6,0.2,0.7,0.1,1.73,1.23,1.67,1.49,1.18,1.53,0.24,0.05,0.15,0.5,0.5,0.2,0.6,0.2,0.7,0.3,0.3,0.4,0.3,10.0,6.0,1.0,1.0,2.0,3.0,1.0,3.0,5.0,8.0,6.0,1.0,3.0,3.0,1.0,1.0,1.0,3.0,1.0,27.0,2.0,1.0,1.0,1.0,62.0,94.0,39.0,27.0,77.0,87.0,25.0,68.0,77.0,55.0,62.0,53.0,76.0,67.0,42.0,23.0,47.0,78.0,55.0,111.0,32.0,38.0,14.0,29.0,12.0,8.0,14.0,24.0,10.0,7.0,26.0
2019-09-19 23:00:00,7.0,4.0,8.0,10.0,5.0,2.0,4.0,7.0,9.0,6.0,25.0,20.0,23.0,29.0,21.0,25.0,32.0,17.0,16.0,35.0,29.0,17.0,13.0,48.0,62.0,32.0,32.0,83.0,88.0,53.0,95.0,59.0,51.0,55.0,39.0,53.0,55.0,31.0,17.0,39.0,56.0,86.0,141.0,27.0,34.0,20.0,23.0,53.73,40.84,31.17,25.3,51.99,27.58,50.17,64.19,57.3,48.39,27.38,52.1,73.56,86.92,5.2,1.2,4.7,3.6,3.4,1.2,0.9,0.2,0.7,0.5,0.8,0.2,1.68,1.3,1.78,1.48,1.21,1.61,0.2,0.09,0.17,0.4,0.4,0.2,0.6,0.3,0.6,0.2,0.3,0.4,0.3,4.0,2.0,1.0,1.0,2.0,3.0,1.0,5.0,3.0,5.0,6.0,1.0,2.0,1.0,1.0,1.0,1.0,1.0,4.0,24.0,2.0,1.0,1.0,1.0,42.0,59.0,30.0,31.0,80.0,83.0,51.0,87.0,54.0,44.0,46.0,37.0,50.0,53.0,30.0,15.0,37.0,55.0,80.0,104.0,24.0,32.0,19.0,22.0,15.0,11.0,10.0,25.0,9.0,5.0,18.0
2019-09-20 00:00:00,7.0,4.0,9.0,9.0,5.0,2.0,4.0,7.0,8.0,6.0,18.0,18.0,21.0,27.0,22.0,25.0,28.0,18.0,17.0,36.0,24.0,15.0,12.0,46.0,63.0,28.0,32.0,61.0,53.0,38.0,84.0,65.0,42.0,37.0,30.0,60.0,42.0,25.0,16.0,40.0,62.0,91.0,95.0,22.0,26.0,25.0,21.0,44.02,34.07,39.02,46.17,55.15,27.59,47.58,65.58,57.08,38.74,36.91,51.52,59.12,86.27,4.3,1.1,5.4,2.6,2.9,1.5,0.7,0.1,0.7,0.4,0.7,0.2,1.66,1.28,1.89,1.48,1.2,1.67,0.18,0.08,0.22,0.4,0.4,0.2,0.5,0.2,0.5,0.2,0.2,0.3,0.3,6.0,2.0,1.0,1.0,2.0,1.0,1.0,6.0,7.0,2.0,2.0,1.0,2.0,1.0,1.0,1.0,1.0,1.0,5.0,11.0,1.0,1.0,1.0,1.0,38.0,60.0,27.0,30.0,58.0,51.0,37.0,75.0,54.0,40.0,34.0,28.0,56.0,41.0,23.0,14.0,38.0,60.0,84.0,78.0,20.0,24.0,24.0,19.0,8.0,13.0,13.0,22.0,10.0,5.0,16.0
2019-09-20 01:00:00,7.0,4.0,9.0,8.0,5.0,2.0,4.0,8.0,8.0,6.0,21.0,17.0,20.0,20.0,21.0,31.0,32.0,18.0,19.0,36.0,23.0,14.0,12.0,45.0,62.0,32.0,36.0,63.0,45.0,33.0,63.0,66.0,62.0,34.0,28.0,53.0,54.0,28.0,15.0,43.0,34.0,66.0,67.0,20.0,23.0,32.0,23.0,36.8,26.92,30.51,44.83,50.71,30.57,35.69,60.16,44.6,53.77,39.51,51.19,47.46,75.16,4.5,2.1,3.0,2.0,2.6,3.6,0.6,0.1,0.4,0.3,0.6,0.2,1.66,1.26,1.71,1.48,1.19,1.53,0.18,0.07,0.18,0.4,0.3,0.2,0.4,0.2,0.6,0.2,0.2,0.2,0.2,2.0,2.0,1.0,1.0,2.0,1.0,1.0,2.0,5.0,7.0,1.0,1.0,2.0,1.0,1.0,1.0,2.0,1.0,3.0,3.0,1.0,1.0,1.0,1.0,41.0,58.0,31.0,35.0,60.0,43.0,31.0,60.0,58.0,51.0,32.0,26.0,50.0,52.0,27.0,14.0,41.0,32.0,61.0,62.0,18.0,21.0,31.0,21.0,10.0,12.0,11.0,27.0,9.0,5.0,15.0
2019-09-20 02:00:00,7.0,4.0,9.0,8.0,5.0,3.0,4.0,7.0,8.0,6.0,20.0,18.0,21.0,23.0,20.0,28.0,12.0,21.0,11.0,32.0,29.0,17.0,17.0,33.0,32.0,25.0,23.0,28.0,31.0,32.0,59.0,42.0,11.0,21.0,19.0,17.0,31.0,18.0,11.0,21.0,12.0,81.0,42.0,34.0,24.0,46.0,28.0,59.29,32.86,52.1,54.93,50.35,19.69,42.79,67.67,48.75,73.17,56.05,45.0,29.56,60.97,4.0,4.4,2.6,2.7,2.9,3.7,0.5,0.1,0.3,0.3,0.5,0.3,1.61,1.28,1.75,1.46,1.2,1.55,0.14,0.08,0.21,0.3,0.2,0.2,0.3,0.2,0.6,0.1,0.2,0.1,0.2,2.0,1.0,1.0,1.0,1.0,1.0,1.0,1.0,2.0,1.0,1.0,1.0,1.0,1.0,1.0,1.0,1.0,1.0,7.0,2.0,1.0,1.0,1.0,1.0,30.0,30.0,24.0,21.0,25.0,29.0,31.0,57.0,38.0,9.0,20.0,18.0,15.0,30.0,17.0,10.0,20.0,10.0,70.0,39.0,32.0,23.0,45.0,26.0,10.0,11.0,9.0,3.0,11.0,2.0,19.0
2019-09-20 03:00:00,7.0,4.0,10.0,7.0,5.0,3.0,4.0,7.0,8.0,6.0,22.0,18.0,23.0,20.0,21.0,26.0,26.0,21.0,14.0,31.0,23.0,17.0,15.0,25.0,23.0,9.0,9.0,20.0,13.0,15.0,25.0,32.0,10.0,11.0,9.0,13.0,16.0,9.0,5.0,8.0,10.0,47.0,21.0,21.0,19.0,43.0,22.0,69.06,44.37,59.81,73.51,68.14,38.12,60.12,80.9,66.34,79.9,74.14,59.28,28.7,71.19,1.8,2.7,1.4,1.6,2.0,6.2,0.3,0.1,0.1,0.2,0.3,0.4,1.58,1.28,1.75,1.45,1.22,1.52,0.13,0.07,0.23,0.3,0.3,0.1,0.3,0.2,0.5,0.1,0.2,0.1,0.2,2.0,1.0,1.0,1.0,1.0,1.0,1.0,1.0,4.0,1.0,1.0,1.0,1.0,1.0,1.0,1.0,1.0,1.0,4.0,1.0,1.0,1.0,1.0,1.0,22.0,21.0,7.0,8.0,18.0,12.0,14.0,24.0,26.0,8.0,9.0,8.0,12.0,15.0,7.0,3.0,6.0,8.0,42.0,19.0,20.0,18.0,41.0,21.0,11.0,12.0,11.0,18.0,11.0,3.0,14.0
2019-09-20 04:00:00,8.0,4.0,9.0,7.0,5.0,4.0,4.0,7.0,8.0,6.0,17.0,16.0,28.0,12.0,19.0,22.0,32.0,21.0,10.0,28.0,26.0,13.0,9.0,24.0,18.0,16.0,19.0,19.0,14.0,13.0,32.0,40.0,9.0,14.0,18.0,14.0,18.0,9.0,4.0,32.0,12.0,24.0,25.0,11.0,14.0,12.0,19.0,72.59,32.47,59.3,70.97,71.57,33.53,58.3,57.4,65.72,73.23,70.64,59.6,48.02,72.92,1.5,2.5,1.2,1.1,1.4,5.8,0.2,0.1,0.1,0.4,0.3,0.2,1.58,1.27,1.73,1.45,1.21,1.51,0.12,0.06,0.23,0.3,0.2,0.1,0.3,0.1,0.5,0.1,0.2,0.1,0.2,2.0,1.0,1.0,1.0,1.0,1.0,1.0,1.0,9.0,1.0,1.0,1.0,1.0,1.0,1.0,1.0,2.0,1.0,1.0,2.0,1.0,1.0,1.0,1.0,21.0,17.0,15.0,18.0,17.0,12.0,12.0,30.0,26.0,6.0,12.0,17.0,13.0,16.0,7.0,2.0,29.0,11.0,23.0,23.0,10.0,13.0,11.0,17.0,7.0,16.0,8.0,23.0,11.0,2.0,17.0
2019-09-20 05:00:00,8.0,4.0,9.0,6.0,5.0,4.0,4.0,7.0,8.0,6.0,19.0,17.0,24.0,11.0,20.0,25.0,32.0,21.0,12.0,41.0,27.0,15.0,9.0,24.0,22.0,13.0,15.0,19.0,12.0,13.0,28.0,39.0,14.0,16.0,18.0,15.0,14.0,9.0,4.0,26.0,11.0,38.0,21.0,12.0,15.0,10.0,21.0,60.64,29.19,58.83,73.01,68.98,34.99,51.7,54.34,64.58,74.71,73.38,49.8,46.27,62.28,2.2,4.4,1.6,1.0,2.0,7.5,0.2,0.1,0.1,0.1,0.3,0.1,1.61,1.25,1.73,1.47,1.19,1.58,0.14,0.06,0.16,0.2,0.2,0.1,0.3,0.1,0.5,0.1,0.2,0.1,0.2,2.0,1.0,1.0,1.0,1.0,1.0,1.0,1.0,5.0,2.0,1.0,1.0,1.0,1.0,1.0,1.0,1.0,1.0,1.0,1.0,1.0,1.0,1.0,1.0,20.0,20.0,11.0,13.0,17.0,11.0,12.0,26.0,31.0,12.0,14.0,16.0,14.0,13.0,8.0,3.0,24.0,10.0,36.0,20.0,10.0,13.0,9.0,20.0,9.0,13.0,10.0,23.0,12.0,2.0,17.0
2019-09-20 06:00:00,8.0,4.0,10.0,7.0,5.0,4.0,4.0,7.0,8.0,6.0,24.0,17.0,25.0,10.0,19.0,22.0,33.0,19.0,14.0,37.0,26.0,14.0,11.0,29.0,23.0,15.0,15.0,21.0,14.0,15.0,61.0,32.0,22.0,21.0,19.0,22.0,19.0,9.0,5.0,26.0,27.0,46.0,27.0,13.0,10.0,13.0,21.0,55.04,27.69,59.39,67.56,59.45,16.32,46.57,50.32,55.03,53.64,64.31,62.32,42.75,62.21,8.2,2.0,1.2,3.8,2.0,11.1,0.3,0.1,0.1,0.1,0.3,0.1,1.62,1.27,1.76,1.47,1.2,1.61,0.15,0.07,0.16,0.3,0.2,0.1,0.3,0.1,0.5,0.1,0.2,0.1,0.2,4.0,1.0,1.0,1.0,2.0,1.0,1.0,5.0,2.0,3.0,2.0,1.0,1.0,1.0,1.0,1.0,1.0,1.0,3.0,1.0,1.0,1.0,1.0,1.0,22.0,21.0,13.0,13.0,19.0,13.0,14.0,54.0,28.0,17.0,19.0,17.0,21.0,18.0,8.0,4.0,24.0,26.0,42.0,25.0,11.0,9.0,12.0,19.0,13.0,14.0,10.0,25.0,11.0,2.0,17.0
2019-09-20 07:00:00,7.0,4.0,10.0,7.0,5.0,4.0,4.0,7.0,8.0,6.0,22.0,17.0,23.0,15.0,23.0,24.0,29.0,16.0,19.0,31.0,25.0,15.0,13.0,29.0,45.0,24.0,24.0,32.0,26.0,19.0,83.0,41.0,49.0,23.0,31.0,44.0,38.0,19.0,11.0,41.0,50.0,76.0,68.0,18.0,16.0,20.0,21.0,35.92,22.81,47.88,51.8,54.16,10.42,40.99,42.53,44.81,33.14,36.68,61.53,35.59,62.01,10.0,1.0,2.2,2.9,2.0,7.9,0.3,0.1,0.2,0.2,0.4,0.1,1.62,1.26,1.76,1.47,1.21,1.6,0.15,0.06,0.17,0.3,0.2,0.2,0.3,0.1,0.5,0.2,0.2,0.2,0.2,2.0,3.0,1.0,1.0,2.0,1.0,1.0,14.0,4.0,10.0,1.0,3.0,3.0,1.0,1.0,1.0,3.0,3.0,12.0,10.0,1.0,1.0,1.0,1.0,26.0,41.0,23.0,22.0,29.0,24.0,18.0,61.0,36.0,33.0,22.0,27.0,40.0,37.0,17.0,9.0,36.0,45.0,58.0,52.0,17.0,15.0,19.0,19.0,12.0,12.0,12.0,21.0,9.0,6.0,16.0
2019-09-20 08:00:00,8.0,4.0,10.0,6.0,5.0,4.0,4.0,8.0,8.0,6.0,24.0,16.0,28.0,15.0,29.0,30.0,33.0,21.0,20.0,38.0,26.0,18.0,17.0,52.0,114.0,48.0,67.0,51.0,56.0,33.0,129.0,73.0,143.0,61.0,57.0,64.0,88.0,44.0,20.0,52.0,97.0,122.0,131.0,42.0,29.0,32.0,34.0,8.87,7.83,33.1,27.56,47.15,2.68,23.03,19.28,23.12,11.91,16.19,50.23,26.62,32.09,4.4,1.2,1.8,2.7,1.7,4.6,0.4,0.1,0.3,0.2,0.4,0.2,1.67,1.26,1.75,1.49,1.21,1.59,0.18,0.05,0.16,0.3,0.4,0.2,0.4,0.2,0.6,0.4,0.3,0.3,0.2,5.0,21.0,2.0,7.0,2.0,3.0,1.0,32.0,8.0,46.0,10.0,3.0,3.0,10.0,2.0,1.0,4.0,15.0,34.0,31.0,3.0,3.0,1.0,3.0,45.0,82.0,45.0,57.0,47.0,51.0,32.0,80.0,61.0,73.0,45.0,53.0,59.0,73.0,42.0,18.0,47.0,74.0,70.0,84.0,38.0,25.0,30.0,29.0,13.0,16.0,13.0,24.0,13.0,6.0,17.0
2019-09-20 09:00:00,8.0,5.0,10.0,7.0,5.0,4.0,4.0,8.0,9.0,6.0,29.0,21.0,28.0,26.0,33.0,42.0,39.0,21.0,30.0,41.0,31.0,21.0,21.0,86.0,164.0,91.0,93.0,70.0,95.0,56.0,127.0,127.0,191.0,105.0,68.0,122.0,125.0,69.0,32.0,82.0,149.0,147.0,158.0,73.0,24.0,72.0,45.0,4.87,3.34,22.98,11.42,31.88,3.86,9.64,18.1,5.65,7.0,19.15,50.41,10.2,27.08,5.8,1.9,2.5,2.0,2.2,3.8,0.9,0.3,0.5,0.3,0.6,0.4,1.71,1.29,1.7,1.5,1.22,1.52,0.21,0.07,0.18,0.4,0.6,0.4,0.5,0.2,0.7,0.5,0.3,0.4,0.3,13.0,46.0,12.0,16.0,5.0,15.0,3.0,32.0,30.0,71.0,23.0,6.0,28.0,26.0,5.0,2.0,12.0,41.0,47.0,42.0,10.0,1.0,12.0,11.0,65.0,93.0,73.0,69.0,62.0,72.0,51.0,78.0,81.0,82.0,70.0,59.0,79.0,85.0,61.0,29.0,63.0,86.0,75.0,93.0,58.0,22.0,54.0,28.0,13.0,14.0,11.0,28.0,11.0,13.0,20.0
2019-09-20 10:00:00,8.0,5.0,11.0,7.0,5.0,5.0,4.0,8.0,9.0,6.0,34.0,23.0,30.0,28.0,33.0,50.0,44.0,31.0,36.0,42.0,35.0,23.0,23.0,80.0,128.0,109.0,98.0,54.0,65.0,54.0,109.0,127.0,64.0,100.0,66.0,70.0,70.0,74.0,28.0,71.0,64.0,95.0,134.0,76.0,30.0,84.0,34.0,19.67,7.14,37.12,35.23,39.96,20.74,16.75,26.88,25.31,40.17,29.1,53.05,20.44,41.86,5.7,2.8,3.2,2.5,2.8,3.5,1.0,0.5,0.5,0.4,0.7,0.5,1.63,1.29,1.65,1.48,1.22,1.47,0.15,0.07,0.19,0.4,0.5,0.4,0.4,0.2,0.7,0.3,0.3,0.3,0.3,13.0,32.0,21.0,21.0,6.0,11.0,6.0,31.0,35.0,9.0,22.0,9.0,14.0,10.0,11.0,2.0,11.0,11.0,23.0,37.0,15.0,2.0,19.0,8.0,60.0,80.0,76.0,65.0,44.0,48.0,44.0,61.0,73.0,50.0,66.0,53.0,50.0,55.0,58.0,24.0,54.0,46.0,59.0,77.0,54.0,27.0,55.0,22.0,13.0,14.0,16.0,31.0,16.0,18.0,21.0
2019-09-20 11:00:00,8.0,4.0,10.0,7.0,5.0,5.0,4.0,8.0,8.0,7.0,44.0,22.0,33.0,24.0,37.0,54.0,39.0,33.0,29.0,51.0,34.0,23.0,25.0,66.0,64.0,36.0,27.0,23.0,22.0,18.0,68.0,71.0,45.0,48.0,39.0,69.0,25.0,39.0,12.0,32.0,26.0,31.0,67.0,39.0,37.0,22.0,25.0,46.07,26.97,59.34,65.13,67.17,57.45,39.05,51.28,57.92,61.1,55.71,57.0,61.41,60.15,3.1,2.0,1.3,1.6,3.0,2.7,0.6,0.3,0.2,0.2,0.6,0.3,1.56,1.24,1.56,1.46,1.2,1.43,0.11,0.04,0.13,0.4,0.3,0.2,0.3,0.2,0.6,0.2,0.3,0.2,0.3,13.0,13.0,5.0,2.0,4.0,4.0,2.0,24.0,16.0,10.0,9.0,6.0,23.0,2.0,6.0,1.0,5.0,2.0,4.0,16.0,6.0,4.0,3.0,4.0,46.0,44.0,28.0,24.0,17.0,17.0,15.0,31.0,46.0,30.0,34.0,30.0,34.0,21.0,30.0,10.0,24.0,23.0,25.0,42.0,30.0,31.0,18.0,19.0,22.0,17.0,18.0,28.0,16.0,14.0,23.0
2019-09-20 12:00:00,7.0,4.0,9.0,8.0,5.0,3.0,4.0,8.0,8.0,6.0,29.0,23.0,33.0,46.0,36.0,40.0,52.0,36.0,24.0,51.0,33.0,20.0,24.0,59.0,46.0,53.0,31.0,14.0,18.0,12.0,109.0,54.0,44.0,42.0,26.0,45.0,16.0,32.0,7.0,21.0,22.0,23.0,60.0,21.0,27.0,11.0,19.0,56.26,35.7,69.99,73.09,74.73,61.42,49.99,64.88,70.17,69.42,66.91,68.18,77.08,77.3,2.3,1.1,0.8,0.9,2.3,1.4,0.4,0.1,0.1,0.1,0.3,0.2,1.58,1.29,1.52,1.46,1.25,1.42,0.12,0.04,0.1,0.4,0.3,0.3,0.3,0.2,0.5,0.2,0.2,0.2,0.2,12.0,8.0,12.0,6.0,3.0,3.0,2.0,49.0,12.0,10.0,9.0,4.0,12.0,1.0,4.0,1.0,3.0,2.0,4.0,15.0,4.0,3.0,2.0,1.0,41.0,35.0,35.0,22.0,11.0,13.0,10.0,34.0,36.0,28.0,28.0,20.0,26.0,15.0,25.0,6.0,16.0,19.0,17.0,37.0,15.0,23.0,9.0,17.0,14.0,20.0,18.0,44.0,20.0,8.0,22.0
2019-09-20 13:00:00,7.0,4.0,8.0,8.0,5.0,3.0,4.0,7.0,9.0,5.0,35.0,22.0,30.0,43.0,35.0,35.0,51.0,37.0,30.0,47.0,32.0,17.0,18.0,50.0,47.0,50.0,23.0,16.0,19.0,11.0,73.0,41.0,30.0,40.0,22.0,78.0,13.0,30.0,5.0,19.0,19.0,21.0,62.0,25.0,19.0,10.0,19.0,62.15,39.36,71.97,77.54,80.07,71.04,59.75,70.53,77.35,73.73,69.56,77.86,82.48,81.06,2.7,1.5,0.6,0.5,2.2,1.2,0.5,0.2,0.1,0.1,0.4,0.1,1.6,1.27,1.52,1.47,1.23,1.42,0.12,0.04,0.1,0.3,0.3,0.2,0.3,0.1,0.5,0.2,0.2,0.2,0.3,9.0,9.0,10.0,1.0,3.0,3.0,2.0,31.0,8.0,6.0,8.0,2.0,28.0,1.0,5.0,1.0,2.0,1.0,3.0,16.0,5.0,1.0,1.0,1.0,37.0,33.0,35.0,21.0,12.0,14.0,9.0,25.0,30.0,21.0,28.0,19.0,34.0,12.0,22.0,4.0,15.0,17.0,16.0,38.0,18.0,17.0,8.0,18.0,15.0,15.0,18.0,42.0,19.0,13.0,21.0
2019-09-20 14:00:00,6.0,4.0,7.0,9.0,5.0,5.0,4.0,7.0,9.0,4.0,35.0,22.0,30.0,33.0,32.0,38.0,43.0,36.0,31.0,58.0,32.0,17.0,20.0,41.0,39.0,38.0,21.0,15.0,17.0,10.0,29.0,41.0,33.0,35.0,26.0,95.0,16.0,34.0,5.0,19.0,20.0,19.0,64.0,21.0,20.0,12.0,19.0,69.56,43.77,74.94,79.22,82.51,78.5,64.97,70.69,81.57,77.09,68.98,81.74,84.61,85.75,2.3,1.1,0.7,0.4,1.8,1.3,0.4,0.1,0.1,0.1,0.3,0.1,1.6,1.25,1.51,1.47,1.21,1.41,0.13,0.04,0.1,0.3,0.3,0.2,0.3,0.1,0.6,0.2,0.2,0.2,0.3,7.0,7.0,7.0,2.0,2.0,3.0,1.0,6.0,8.0,7.0,7.0,3.0,34.0,1.0,6.0,1.0,2.0,1.0,2.0,16.0,3.0,2.0,1.0,1.0,30.0,29.0,27.0,18.0,11.0,13.0,8.0,20.0,29.0,23.0,24.0,21.0,42.0,14.0,25.0,3.0,15.0,18.0,15.0,40.0,17.0,18.0,10.0,18.0,17.0,15.0,18.0,33.0,18.0,13.0,21.0
2019-09-20 15:00:00,7.0,4.0,7.0,9.0,5.0,6.0,3.0,7.0,9.0,5.0,30.0,20.0,31.0,38.0,36.0,35.0,44.0,35.0,35.0,56.0,30.0,15.0,19.0,42.0,43.0,40.0,16.0,15.0,18.0,11.0,17.0,33.0,28.0,36.0,23.0,103.0,14.0,25.0,5.0,14.0,20.0,25.0,65.0,19.0,22.0,7.0,19.0,69.59,49.81,76.17,79.98,84.16,83.55,71.93,79.16,83.21,77.28,71.83,83.88,91.31,90.62,2.6,1.2,0.7,0.4,1.8,1.3,0.5,0.2,0.1,0.1,0.3,0.1,1.6,1.26,1.52,1.46,1.22,1.42,0.14,0.04,0.1,0.4,0.3,0.2,0.3,0.1,0.5,0.2,0.2,0.2,0.2,7.0,7.0,8.0,1.0,2.0,3.0,1.0,1.0,5.0,5.0,7.0,3.0,38.0,1.0,3.0,1.0,2.0,1.0,4.0,17.0,2.0,2.0,1.0,1.0,32.0,32.0,28.0,15.0,11.0,14.0,9.0,14.0,25.0,20.0,26.0,19.0,44.0,13.0,20.0,4.0,11.0,19.0,19.0,39.0,16.0,20.0,6.0,17.0,12.0,16.0,17.0,34.0,17.0,16.0,19.0
2019-09-20 16:00:00,7.0,4.0,6.0,9.0,5.0,6.0,3.0,7.0,8.0,5.0,32.0,22.0,30.0,34.0,35.0,30.0,43.0,35.0,45.0,50.0,30.0,15.0,16.0,44.0,38.0,35.0,16.0,12.0,16.0,9.0,30.0,35.0,26.0,27.0,23.0,25.0,15.0,28.0,4.0,15.0,20.0,27.0,68.0,22.0,17.0,8.0,19.0,73.6,52.94,81.45,87.66,91.4,80.56,72.7,81.51,86.85,80.85,73.87,91.64,90.94,90.05,2.5,1.1,0.7,0.4,2.0,1.5,0.5,0.1,0.1,0.1,0.4,0.2,1.58,1.25,1.51,1.45,1.2,1.4,0.13,0.05,0.11,0.4,0.3,0.2,0.3,0.1,0.6,0.2,0.2,0.2,0.2,8.0,6.0,7.0,1.0,2.0,2.0,1.0,7.0,6.0,6.0,5.0,3.0,5.0,1.0,5.0,1.0,2.0,1.0,4.0,16.0,3.0,1.0,1.0,1.0,32.0,29.0,25.0,14.0,9.0,12.0,8.0,19.0,26.0,17.0,20.0,18.0,17.0,13.0,21.0,3.0,12.0,18.0,21.0,43.0,17.0,15.0,6.0,17.0,15.0,14.0,15.0,32.0,18.0,26.0,18.0
2019-09-20 17:00:00,6.0,5.0,6.0,9.0,5.0,3.0,3.0,7.0,8.0,5.0,35.0,22.0,29.0,32.0,35.0,27.0,39.0,34.0,5.0,53.0,35.0,15.0,17.0,45.0,48.0,39.0,15.0,14.0,18.0,11.0,30.0,35.0,22.0,23.0,16.0,20.0,17.0,20.0,5.0,12.0,22.0,27.0,72.0,18.0,11.0,8.0,20.0,69.38,54.52,81.88,86.63,90.22,78.55,70.47,85.89,86.99,78.94,72.11,97.93,90.98,91.48,1.9,0.9,0.7,0.5,1.6,1.2,0.4,0.1,0.2,0.1,0.3,0.2,1.59,1.24,1.51,1.44,1.2,1.4,0.15,0.04,0.11,0.3,0.3,0.2,0.3,0.1,0.5,0.1,0.2,0.2,0.2,7.0,8.0,8.0,1.0,2.0,3.0,1.0,5.0,5.0,4.0,3.0,2.0,3.0,1.0,2.0,1.0,1.0,1.0,3.0,18.0,2.0,1.0,1.0,1.0,34.0,36.0,27.0,14.0,11.0,14.0,9.0,22.0,27.0,17.0,18.0,13.0,15.0,16.0,16.0,4.0,10.0,20.0,22.0,45.0,15.0,10.0,6.0,18.0,17.0,13.0,15.0,26.0,17.0,1.0,21.0
2019-09-20 18:00:00,6.0,5.0,6.0,9.0,5.0,3.0,4.0,7.0,8.0,4.0,35.0,23.0,32.0,30.0,39.0,31.0,43.0,30.0,18.0,59.0,35.0,16.0,18.0,50.0,47.0,33.0,23.0,16.0,19.0,10.0,21.0,38.0,35.0,26.0,20.0,28.0,19.0,20.0,4.0,13.0,24.0,23.0,78.0,18.0,14.0,8.0,20.0,68.24,50.46,79.33,83.21,87.68,81.29,68.21,79.4,83.19,75.81,66.7,92.69,91.7,90.84,2.3,1.1,0.7,0.4,1.6,1.1,0.4,0.1,0.1,0.1,0.3,0.1,1.59,1.25,1.51,1.45,1.2,1.4,0.14,0.05,0.11,0.3,0.3,0.2,0.3,0.1,0.5,0.2,0.2,0.2,0.2,8.0,7.0,4.0,1.0,2.0,2.0,1.0,1.0,5.0,7.0,3.0,2.0,4.0,1.0,2.0,1.0,1.0,1.0,2.0,18.0,2.0,1.0,1.0,1.0,38.0,37.0,26.0,21.0,13.0,16.0,9.0,19.0,30.0,25.0,21.0,17.0,22.0,17.0,18.0,2.0,12.0,22.0,20.0,50.0,16.0,12.0,6.0,19.0,15.0,15.0,18.0,31.0,12.0,5.0,20.0
2019-09-20 19:00:00,7.0,4.0,7.0,9.0,5.0,5.0,4.0,7.0,8.0,4.0,33.0,22.0,31.0,33.0,36.0,37.0,43.0,32.0,26.0,59.0,36.0,18.0,21.0,39.0,39.0,41.0,20.0,21.0,21.0,13.0,21.0,34.0,37.0,23.0,21.0,24.0,15.0,26.0,4.0,14.0,27.0,24.0,66.0,17.0,11.0,9.0,21.0,70.56,49.02,73.8,80.37,84.26,73.83,66.89,75.08,79.97,71.61,70.3,91.38,84.25,86.18,2.5,1.3,0.7,0.4,1.7,1.2,0.4,0.2,0.1,0.1,0.2,0.1,1.59,1.23,1.53,1.46,1.18,1.43,0.13,0.05,0.1,0.3,0.3,0.2,0.3,0.1,0.5,0.2,0.2,0.1,0.2,6.0,6.0,7.0,1.0,3.0,2.0,1.0,1.0,4.0,7.0,2.0,2.0,4.0,1.0,2.0,1.0,1.0,2.0,3.0,16.0,1.0,1.0,1.0,1.0,29.0,29.0,31.0,18.0,17.0,17.0,12.0,19.0,27.0,27.0,19.0,18.0,19.0,13.0,22.0,2.0,13.0,24.0,20.0,42.0,14.0,10.0,7.0,19.0,16.0,15.0,15.0,32.0,13.0,6.0,22.0
2019-09-20 20:00:00,7.0,4.0,7.0,9.0,5.0,4.0,4.0,7.0,8.0,4.0,32.0,24.0,25.0,41.0,35.0,29.0,47.0,32.0,31.0,56.0,36.0,16.0,18.0,37.0,45.0,69.0,32.0,29.0,28.0,17.0,23.0,33.0,38.0,24.0,21.0,28.0,16.0,23.0,6.0,17.0,31.0,25.0,81.0,21.0,14.0,19.0,22.0,64.14,43.12,62.03,67.18,75.05,69.0,63.0,71.46,73.08,63.25,55.61,83.47,73.56,84.16,1.8,1.3,0.7,0.6,1.3,0.8,0.3,0.2,0.1,0.1,0.2,0.1,1.57,1.24,1.54,1.44,1.2,1.44,0.12,0.05,0.1,0.3,0.3,0.2,0.3,0.2,0.5,0.2,0.2,0.2,0.2,5.0,8.0,16.0,1.0,3.0,2.0,1.0,1.0,3.0,5.0,2.0,1.0,3.0,1.0,1.0,1.0,1.0,2.0,2.0,18.0,1.0,1.0,1.0,1.0,30.0,32.0,45.0,30.0,24.0,25.0,15.0,22.0,28.0,30.0,21.0,18.0,23.0,14.0,22.0,4.0,15.0,28.0,23.0,53.0,19.0,13.0,18.0,20.0,11.0,10.0,15.0,37.0,13.0,13.0,23.0
2019-09-20 21:00:00,7.0,4.0,8.0,8.0,5.0,3.0,4.0,8.0,8.0,5.0,32.0,24.0,29.0,39.0,34.0,40.0,26.0,29.0,33.0,49.0,38.0,24.0,23.0,57.0,49.0,86.0,43.0,30.0,38.0,27.0,33.0,37.0,41.0,36.0,28.0,35.0,23.0,33.0,15.0,33.0,30.0,34.0,94.0,28.0,25.0,29.0,25.0,52.52,30.41,55.66,53.55,60.85,58.01,54.39,60.77,61.3,55.61,44.92,66.16,59.36,70.91,2.1,2.3,1.3,1.1,1.2,0.7,0.4,0.3,0.2,0.2,0.3,0.1,1.59,1.23,1.55,1.46,1.18,1.42,0.13,0.05,0.13,0.3,0.3,0.2,0.4,0.2,0.5,0.2,0.3,0.2,0.2,8.0,7.0,19.0,1.0,3.0,2.0,1.0,1.0,3.0,5.0,3.0,1.0,4.0,1.0,1.0,1.0,2.0,1.0,1.0,22.0,1.0,1.0,1.0,1.0,45.0,39.0,57.0,41.0,26.0,34.0,26.0,31.0,32.0,34.0,31.0,25.0,30.0,21.0,32.0,13.0,31.0,29.0,32.0,60.0,27.0,23.0,28.0,24.0,11.0,14.0,15.0,14.0,13.0,15.0,23.0
2019-09-20 22:00:00,7.0,4.0,8.0,7.0,4.0,3.0,4.0,8.0,8.0,5.0,31.0,19.0,29.0,54.0,36.0,66.0,23.0,27.0,33.0,48.0,26.0,25.0,27.0,27.0,42.0,57.0,22.0,34.0,31.0,8.0,18.0,31.0,43.0,32.0,29.0,48.0,24.0,21.0,24.0,44.0,21.0,18.0,83.0,29.0,12.0,12.0,22.0,54.88,35.78,40.87,54.48,70.9,66.88,60.08,55.32,64.6,59.52,47.6,77.83,73.07,74.38,2.0,2.4,1.3,0.8,1.5,0.9,0.4,0.3,0.2,0.2,0.3,0.1,1.59,1.22,1.57,1.46,1.19,1.48,0.13,0.03,0.1,0.3,0.3,0.2,0.4,0.1,0.5,0.2,0.2,0.2,0.2,3.0,4.0,10.0,1.0,3.0,3.0,1.0,1.0,3.0,8.0,5.0,2.0,10.0,1.0,1.0,1.0,7.0,1.0,2.0,19.0,2.0,1.0,1.0,1.0,23.0,36.0,43.0,20.0,29.0,27.0,7.0,16.0,27.0,30.0,25.0,26.0,32.0,23.0,18.0,23.0,33.0,20.0,15.0,54.0,26.0,10.0,10.0,21.0,13.0,12.0,19.0,9.0,11.0,14.0,14.0
2019-09-20 23:00:00,8.0,4.0,9.0,7.0,4.0,4.0,4.0,8.0,9.0,6.0,24.0,16.0,18.0,34.0,22.0,18.0,18.0,20.0,26.0,35.0,28.0,9.0,20.0,93.0,85.0,55.0,44.0,52.0,55.0,32.0,44.0,64.0,52.0,70.0,57.0,63.0,61.0,42.0,41.0,73.0,40.0,71.0,156.0,53.0,12.0,24.0,28.0,16.61,17.47,23.6,23.87,36.1,35.63,28.86,21.74,22.33,46.06,15.68,61.63,46.18,54.52,4.9,1.7,2.1,0.4,1.8,1.3,0.7,0.2,0.3,0.1,0.4,0.2,1.66,1.26,1.6,1.48,1.21,1.47,0.18,0.04,0.13,0.6,0.4,0.2,0.5,0.2,0.7,0.2,0.4,0.4,0.4,20.0,8.0,3.0,1.0,2.0,3.0,1.0,1.0,4.0,6.0,7.0,2.0,5.0,1.0,1.0,1.0,8.0,1.0,7.0,44.0,5.0,1.0,1.0,1.0,62.0,73.0,50.0,42.0,49.0,50.0,30.0,42.0,57.0,43.0,60.0,53.0,56.0,59.0,41.0,39.0,60.0,38.0,61.0,88.0,45.0,11.0,23.0,27.0,14.0,9.0,13.0,10.0,11.0,14.0,19.0
2019-09-21 00:00:00,8.0,4.0,10.0,7.0,4.0,4.0,4.0,8.0,9.0,7.0,24.0,17.0,19.0,28.0,25.0,10.0,25.0,25.0,26.0,33.0,32.0,17.0,20.0,75.0,70.0,66.0,43.0,50.0,80.0,60.0,76.0,66.0,42.0,44.0,57.0,41.0,60.0,39.0,42.0,42.0,33.0,87.0,148.0,42.0,10.0,38.0,27.0,20.19,17.99,20.51,9.11,13.63,19.36,21.22,13.6,19.91,49.89,11.07,48.26,29.9,48.25,4.0,2.3,3.8,3.2,2.7,2.5,0.7,0.3,0.6,0.5,0.5,0.5,1.67,1.35,1.63,1.5,1.25,1.44,0.17,0.09,0.19,0.5,0.4,0.2,0.5,0.3,0.6,0.2,0.3,0.4,0.3,9.0,6.0,5.0,2.0,2.0,6.0,1.0,6.0,6.0,4.0,2.0,2.0,2.0,2.0,1.0,1.0,2.0,1.0,14.0,40.0,4.0,1.0,1.0,1.0,60.0,61.0,59.0,40.0,46.0,70.0,58.0,66.0,57.0,35.0,41.0,54.0,38.0,57.0,38.0,40.0,39.0,32.0,65.0,87.0,36.0,8.0,37.0,26.0,13.0,9.0,14.0,17.0,16.0,15.0,23.0
2019-09-21 01:00:00,8.0,4.0,10.0,7.0,4.0,5.0,4.0,7.0,9.0,7.0,19.0,20.0,22.0,19.0,15.0,13.0,15.0,20.0,4.0,41.0,29.0,13.0,7.0,58.0,65.0,40.0,38.0,38.0,48.0,37.0,32.0,53.0,50.0,39.0,34.0,38.0,41.0,35.0,36.0,31.0,47.0,37.0,104.0,18.0,10.0,43.0,22.0,26.41,16.07,29.23,29.43,21.92,40.09,31.91,31.64,25.99,31.12,26.67,47.24,33.28,57.1,3.5,2.6,3.1,3.5,2.4,2.3,0.7,0.3,0.4,0.5,0.4,0.4,1.72,1.32,1.57,1.55,1.25,1.44,0.17,0.06,0.13,0.4,0.3,0.2,0.4,0.2,0.6,0.2,0.3,0.3,0.3,8.0,5.0,2.0,1.0,2.0,3.0,1.0,1.0,5.0,4.0,2.0,2.0,1.0,1.0,1.0,1.0,2.0,1.0,2.0,24.0,1.0,1.0,1.0,1.0,46.0,57.0,36.0,37.0,35.0,45.0,36.0,30.0,46.0,43.0,35.0,32.0,36.0,39.0,33.0,35.0,28.0,45.0,34.0,66.0,16.0,9.0,42.0,21.0,11.0,13.0,6.0,7.0,11.0,1.0,21.0
2019-09-21 02:00:00,8.0,4.0,10.0,7.0,4.0,6.0,4.0,7.0,8.0,7.0,19.0,17.0,20.0,18.0,16.0,32.0,23.0,18.0,1.0,37.0,22.0,9.0,5.0,45.0,57.0,39.0,26.0,29.0,33.0,25.0,27.0,51.0,50.0,34.0,13.0,52.0,44.0,28.0,33.0,36.0,41.0,23.0,73.0,13.0,9.0,20.0,19.0,21.3,19.22,29.37,26.73,31.03,43.7,22.89,50.57,23.0,30.04,22.38,54.73,46.97,69.05,3.2,1.8,2.0,1.9,2.0,1.7,0.5,0.2,0.3,0.3,0.4,0.3,1.69,1.3,1.52,1.53,1.25,1.41,0.16,0.05,0.1,0.3,0.3,0.2,0.4,0.2,0.6,0.2,0.2,0.2,0.2,5.0,5.0,6.0,1.0,2.0,1.0,1.0,1.0,6.0,3.0,3.0,1.0,2.0,1.0,1.0,1.0,7.0,1.0,1.0,9.0,1.0,1.0,1.0,1.0,36.0,50.0,30.0,25.0,26.0,31.0,24.0,25.0,43.0,44.0,29.0,12.0,49.0,42.0,26.0,32.0,26.0,40.0,21.0,59.0,12.0,7.0,19.0,18.0,13.0,12.0,9.0,17.0,10.0,1.0,16.0
2019-09-21 03:00:00,8.0,4.0,10.0,7.0,4.0,5.0,4.0,8.0,8.0,7.0,19.0,14.0,15.0,21.0,11.0,16.0,28.0,14.0,3.0,27.0,24.0,7.0,6.0,39.0,41.0,14.0,15.0,44.0,34.0,15.0,15.0,38.0,25.0,28.0,15.0,36.0,31.0,14.0,20.0,25.0,33.0,15.0,62.0,12.0,7.0,11.0,19.0,34.91,24.51,18.24,20.84,36.88,47.16,32.99,46.35,36.7,33.83,21.79,51.89,49.5,63.49,3.6,1.4,2.0,1.4,1.6,1.2,0.4,0.1,0.3,0.2,0.4,0.1,1.6,1.23,1.5,1.47,1.19,1.4,0.14,0.05,0.1,0.3,0.2,0.1,0.4,0.1,0.6,0.1,0.2,0.2,0.2,5.0,3.0,1.0,1.0,2.0,1.0,1.0,1.0,3.0,3.0,2.0,1.0,1.0,1.0,1.0,1.0,1.0,1.0,1.0,5.0,1.0,1.0,1.0,1.0,31.0,36.0,13.0,13.0,42.0,33.0,14.0,13.0,33.0,20.0,25.0,14.0,34.0,30.0,12.0,19.0,23.0,31.0,14.0,54.0,11.0,5.0,10.0,18.0,12.0,8.0,6.0,23.0,8.0,1.0,18.0
2019-09-21 04:00:00,8.0,4.0,10.0,7.0,4.0,5.0,4.0,8.0,8.0,7.0,16.0,12.0,13.0,19.0,13.0,25.0,21.0,11.0,10.0,23.0,22.0,9.0,5.0,32.0,43.0,17.0,15.0,30.0,19.0,12.0,24.0,41.0,27.0,27.0,17.0,20.0,26.0,17.0,17.0,16.0,19.0,16.0,56.0,12.0,9.0,10.0,21.0,22.65,20.45,19.64,29.87,30.9,37.85,31.55,40.92,28.19,44.5,18.45,37.97,47.32,54.94,2.5,2.7,1.9,0.7,1.6,0.9,0.3,0.1,0.2,0.2,0.4,0.1,1.63,1.22,1.56,1.49,1.18,1.45,0.14,0.04,0.11,0.3,0.3,0.1,0.3,0.1,0.6,0.2,0.2,0.2,0.2,2.0,5.0,1.0,1.0,2.0,1.0,1.0,1.0,6.0,3.0,2.0,1.0,1.0,1.0,1.0,1.0,1.0,1.0,1.0,5.0,1.0,1.0,1.0,1.0,29.0,36.0,15.0,13.0,27.0,18.0,10.0,22.0,32.0,23.0,24.0,15.0,18.0,25.0,16.0,15.0,15.0,18.0,15.0,48.0,11.0,7.0,8.0,19.0,12.0,8.0,8.0,16.0,6.0,4.0,16.0
2019-09-21 05:00:00,8.0,4.0,10.0,7.0,4.0,5.0,4.0,8.0,8.0,7.0,21.0,11.0,10.0,23.0,15.0,16.0,34.0,12.0,11.0,26.0,20.0,8.0,8.0,26.0,37.0,24.0,17.0,24.0,18.0,11.0,19.0,44.0,15.0,29.0,21.0,16.0,23.0,23.0,15.0,20.0,18.0,18.0,37.0,13.0,13.0,9.0,22.0,19.67,16.74,18.2,25.92,26.17,34.3,20.66,22.19,21.27,36.54,20.96,25.15,40.34,44.89,2.4,1.4,2.2,0.5,1.8,1.0,0.3,0.1,0.2,0.1,0.4,0.1,1.9,1.22,1.56,1.77,1.17,1.44,0.13,0.05,0.11,0.3,0.3,0.1,0.3,0.1,0.6,0.1,0.2,0.1,0.2,2.0,5.0,1.0,1.0,2.0,1.0,1.0,1.0,8.0,2.0,1.0,1.0,1.0,1.0,1.0,1.0,1.0,1.0,1.0,2.0,1.0,1.0,1.0,1.0,23.0,30.0,23.0,15.0,22.0,16.0,9.0,17.0,32.0,13.0,28.0,19.0,14.0,22.0,21.0,14.0,19.0,16.0,16.0,34.0,11.0,11.0,8.0,21.0,14.0,6.0,8.0,30.0,6.0,5.0,14.0
2019-09-21 06:00:00,8.0,4.0,10.0,7.0,4.0,5.0,4.0,8.0,8.0,7.0,19.0,11.0,10.0,24.0,21.0,12.0,14.0,20.0,5.0,28.0,18.0,9.0,4.0,26.0,49.0,31.0,18.0,24.0,15.0,11.0,28.0,42.0,22.0,32.0,26.0,28.0,34.0,25.0,15.0,26.0,19.0,46.0,29.0,14.0,15.0,16.0,24.0,10.4,14.92,23.15,27.76,23.29,24.14,16.28,8.33,13.14,35.23,26.71,18.23,25.05,35.17,2.4,2.0,1.9,0.5,1.8,1.1,0.4,0.2,0.2,0.1,0.4,0.1,1.87,1.23,1.71,1.74,1.18,1.58,0.14,0.05,0.14,0.3,0.3,0.1,0.3,0.1,0.6,0.1,0.2,0.1,0.2,2.0,9.0,2.0,1.0,2.0,1.0,1.0,1.0,6.0,3.0,1.0,2.0,3.0,1.0,1.0,1.0,2.0,1.0,5.0,2.0,1.0,1.0,1.0,1.0,24.0,34.0,28.0,16.0,21.0,14.0,9.0,27.0,33.0,17.0,30.0,24.0,24.0,33.0,24.0,14.0,23.0,18.0,39.0,26.0,12.0,13.0,15.0,22.0,9.0,6.0,12.0,10.0,10.0,1.0,13.0
2019-09-21 07:00:00,8.0,4.0,10.0,7.0,4.0,5.0,4.0,8.0,8.0,7.0,21.0,9.0,11.0,25.0,20.0,12.0,1.0,20.0,13.0,35.0,17.0,12.0,9.0,33.0,48.0,46.0,28.0,31.0,18.0,9.0,65.0,38.0,37.0,24.0,37.0,58.0,34.0,29.0,20.0,48.0,24.0,51.0,92.0,18.0,17.0,29.0,23.0,10.18,11.27,20.88,21.7,28.76,5.66,20.09,2.83,8.95,35.19,11.9,10.35,13.92,32.8,2.4,2.5,2.1,0.6,2.0,1.2,0.3,0.2,0.2,0.1,0.4,0.2,1.85,1.25,1.82,1.72,1.2,1.63,0.13,0.05,0.19,0.3,0.3,0.2,0.3,0.1,0.6,0.2,0.2,0.2,0.2,4.0,7.0,5.0,1.0,2.0,1.0,1.0,9.0,6.0,3.0,1.0,5.0,4.0,1.0,1.0,1.0,8.0,1.0,7.0,32.0,1.0,1.0,1.0,1.0,27.0,37.0,39.0,26.0,28.0,17.0,8.0,51.0,29.0,32.0,22.0,30.0,51.0,32.0,27.0,18.0,35.0,22.0,40.0,42.0,17.0,14.0,28.0,21.0,10.0,7.0,11.0,1.0,9.0,2.0,11.0
2019-09-21 08:00:00,8.0,4.0,10.0,7.0,4.0,5.0,4.0,8.0,8.0,7.0,23.0,10.0,13.0,24.0,19.0,14.0,14.0,21.0,27.0,33.0,22.0,18.0,8.0,39.0,49.0,37.0,42.0,40.0,36.0,13.0,76.0,46.0,43.0,28.0,21.0,44.0,62.0,28.0,22.0,25.0,30.0,93.0,169.0,37.0,17.0,50.0,29.0,11.78,8.15,15.58,8.31,24.57,2.16,23.24,19.91,12.87,31.19,7.09,8.12,6.26,28.51,2.2,3.3,2.8,0.4,1.6,1.6,0.3,0.2,0.3,0.1,0.4,0.2,1.74,1.26,1.99,1.61,1.21,1.83,0.14,0.05,0.16,0.3,0.2,0.2,0.4,0.1,0.5,0.2,0.2,0.3,0.2,5.0,6.0,3.0,1.0,3.0,3.0,1.0,11.0,6.0,3.0,1.0,1.0,3.0,6.0,1.0,1.0,2.0,1.0,29.0,73.0,3.0,2.0,4.0,6.0,31.0,39.0,34.0,40.0,36.0,31.0,12.0,60.0,37.0,38.0,26.0,19.0,39.0,53.0,26.0,20.0,22.0,29.0,48.0,58.0,32.0,14.0,44.0,20.0,14.0,8.0,11.0,10.0,10.0,15.0,16.0
2019-09-21 09:00:00,8.0,4.0,10.0,7.0,4.0,5.0,4.0,8.0,8.0,7.0,27.0,14.0,15.0,27.0,19.0,20.0,43.0,21.0,26.0,45.0,29.0,20.0,17.0,62.0,78.0,73.0,42.0,47.0,68.0,43.0,89.0,67.0,50.0,56.0,46.0,46.0,77.0,43.0,32.0,54.0,39.0,76.0,166.0,57.0,18.0,57.0,30.0,8.33,9.84,18.04,6.68,7.85,5.84,14.61,10.22,6.29,28.02,8.89,6.74,9.75,17.28,2.7,3.0,2.9,1.9,1.7,2.0,0.4,0.3,0.3,0.2,0.4,0.3,1.8,1.33,2.13,1.65,1.23,1.98,0.15,0.1,0.15,0.3,0.3,0.2,0.4,0.2,0.6,0.2,0.3,0.3,0.3,9.0,15.0,13.0,2.0,7.0,11.0,6.0,17.0,12.0,7.0,7.0,8.0,4.0,11.0,3.0,2.0,9.0,2.0,18.0,64.0,9.0,3.0,7.0,5.0,48.0,55.0,54.0,39.0,37.0,50.0,34.0,62.0,49.0,40.0,45.0,33.0,39.0,59.0,39.0,29.0,40.0,36.0,48.0,68.0,42.0,13.0,45.0,22.0,15.0,9.0,10.0,37.0,11.0,15.0,20.0
2019-09-21 10:00:00,8.0,4.0,10.0,7.0,4.0,6.0,4.0,8.0,9.0,7.0,24.0,20.0,20.0,36.0,28.0,30.0,41.0,26.0,37.0,62.0,38.0,17.0,44.0,81.0,69.0,51.0,47.0,63.0,61.0,40.0,67.0,49.0,50.0,47.0,54.0,58.0,63.0,48.0,39.0,74.0,27.0,51.0,94.0,65.0,23.0,43.0,34.0,21.1,15.41,19.82,16.89,11.99,24.76,31.51,15.17,11.6,37.92,26.63,14.18,33.65,24.89,3.1,2.8,3.5,3.2,1.9,1.7,0.5,0.3,0.3,0.3,0.4,0.4,1.78,1.32,1.98,1.61,1.26,1.82,0.17,0.06,0.16,0.4,0.3,0.2,0.4,0.2,0.6,0.2,0.3,0.3,0.3,23.0,13.0,6.0,5.0,16.0,16.0,12.0,15.0,8.0,8.0,9.0,12.0,10.0,11.0,7.0,3.0,22.0,1.0,10.0,25.0,14.0,6.0,7.0,13.0,45.0,50.0,41.0,39.0,39.0,37.0,22.0,43.0,37.0,38.0,34.0,36.0,42.0,46.0,37.0,33.0,40.0,25.0,36.0,55.0,44.0,13.0,32.0,15.0,9.0,12.0,16.0,35.0,14.0,21.0,27.0
2019-09-21 11:00:00,8.0,4.0,10.0,8.0,5.0,6.0,4.0,8.0,8.0,8.0,26.0,22.0,25.0,38.0,29.0,38.0,55.0,27.0,27.0,62.0,36.0,22.0,10.0,54.0,49.0,55.0,31.0,40.0,42.0,46.0,44.0,46.0,34.0,49.0,30.0,36.0,37.0,37.0,24.0,26.0,17.0,32.0,80.0,43.0,29.0,25.0,21.0,39.14,23.89,37.59,38.68,26.81,45.61,41.01,51.16,34.35,51.87,36.11,34.83,53.27,58.83,2.6,2.2,2.3,2.6,2.0,1.5,0.4,0.3,0.3,0.3,0.4,0.2,1.79,1.33,1.83,1.66,1.26,1.72,0.14,0.07,0.12,0.4,0.3,0.2,0.4,0.2,0.5,0.2,0.3,0.2,0.3,11.0,10.0,11.0,3.0,9.0,8.0,10.0,9.0,9.0,6.0,10.0,5.0,7.0,5.0,6.0,2.0,4.0,1.0,6.0,23.0,8.0,5.0,4.0,2.0,38.0,35.0,39.0,26.0,26.0,29.0,31.0,31.0,33.0,25.0,33.0,23.0,25.0,30.0,28.0,22.0,20.0,15.0,22.0,44.0,31.0,21.0,19.0,18.0,11.0,16.0,15.0,47.0,14.0,11.0,24.0
2019-09-21 12:00:00,8.0,4.0,9.0,9.0,5.0,3.0,4.0,8.0,8.0,7.0,33.0,23.0,29.0,33.0,37.0,28.0,34.0,29.0,29.0,63.0,36.0,17.0,16.0,30.0,33.0,49.0,24.0,33.0,20.0,19.0,26.0,26.0,32.0,45.0,36.0,31.0,16.0,31.0,14.0,92.0,14.0,22.0,48.0,36.0,21.0,17.0,21.0,53.62,31.71,53.11,61.58,57.92,59.24,55.95,48.99,52.67,64.73,60.86,51.37,63.59,62.43,2.1,1.9,1.9,2.4,2.3,1.3,0.3,0.2,0.2,0.3,0.5,0.2,1.75,1.25,1.76,1.62,1.2,1.65,0.13,0.05,0.11,0.3,0.2,0.2,0.3,0.2,0.5,0.2,0.3,0.1,0.3,4.0,6.0,10.0,1.0,7.0,3.0,3.0,4.0,4.0,6.0,9.0,5.0,6.0,1.0,5.0,1.0,32.0,1.0,4.0,12.0,6.0,2.0,2.0,1.0,23.0,24.0,33.0,22.0,22.0,16.0,14.0,20.0,20.0,23.0,31.0,28.0,22.0,14.0,24.0,13.0,43.0,13.0,16.0,30.0,27.0,18.0,13.0,19.0,20.0,18.0,24.0,24.0,17.0,12.0,23.0
2019-09-21 13:00:00,7.0,4.0,9.0,8.0,5.0,2.0,4.0,8.0,8.0,7.0,29.0,17.0,28.0,32.0,42.0,29.0,24.0,33.0,32.0,62.0,29.0,8.0,13.0,30.0,40.0,37.0,23.0,31.0,20.0,8.0,20.0,21.0,25.0,29.0,24.0,27.0,13.0,22.0,11.0,79.0,16.0,22.0,37.0,31.0,16.0,15.0,19.0,57.65,35.89,59.4,65.64,73.3,66.93,68.71,65.05,64.62,70.79,67.46,60.97,69.13,77.06,1.6,1.6,1.1,0.6,1.8,1.0,0.3,0.2,0.2,0.1,0.4,0.2,1.59,1.22,1.57,1.47,1.18,1.46,0.13,0.04,0.11,0.3,0.3,0.2,0.4,0.1,0.5,0.2,0.2,0.1,0.2,5.0,7.0,6.0,1.0,6.0,3.0,1.0,2.0,3.0,4.0,5.0,4.0,4.0,1.0,2.0,1.0,27.0,1.0,4.0,7.0,5.0,1.0,2.0,1.0,23.0,29.0,28.0,21.0,21.0,16.0,6.0,17.0,17.0,19.0,21.0,18.0,20.0,12.0,19.0,9.0,37.0,14.0,16.0,27.0,24.0,14.0,12.0,17.0,16.0,16.0,27.0,14.0,19.0,13.0,18.0
2019-09-21 14:00:00,7.0,4.0,9.0,8.0,5.0,3.0,4.0,8.0,8.0,7.0,33.0,24.0,28.0,35.0,31.0,19.0,32.0,28.0,28.0,59.0,25.0,14.0,14.0,29.0,49.0,32.0,23.0,32.0,15.0,8.0,23.0,21.0,23.0,36.0,22.0,26.0,13.0,23.0,10.0,45.0,13.0,21.0,47.0,27.0,8.0,14.0,18.0,56.7,38.88,60.75,69.54,75.52,67.59,67.22,68.19,70.32,73.8,64.04,80.89,72.79,80.79,1.9,1.8,1.5,0.5,1.5,0.8,0.4,0.3,0.3,0.1,0.4,0.1,1.58,1.22,1.51,1.45,1.18,1.4,0.14,0.04,0.12,0.3,0.3,0.2,0.3,0.1,0.6,0.2,0.2,0.1,0.2,6.0,10.0,5.0,1.0,6.0,2.0,1.0,3.0,3.0,4.0,8.0,3.0,4.0,1.0,2.0,1.0,12.0,1.0,3.0,10.0,4.0,1.0,1.0,1.0,20.0,34.0,25.0,21.0,22.0,12.0,6.0,19.0,17.0,17.0,24.0,17.0,19.0,11.0,19.0,8.0,27.0,11.0,16.0,32.0,20.0,7.0,11.0,17.0,20.0,15.0,14.0,23.0,14.0,11.0,16.0
2019-09-21 15:00:00,7.0,4.0,9.0,8.0,5.0,3.0,4.0,8.0,8.0,6.0,29.0,19.0,23.0,32.0,31.0,26.0,43.0,29.0,28.0,50.0,32.0,12.0,16.0,22.0,36.0,29.0,20.0,30.0,16.0,6.0,22.0,19.0,25.0,29.0,21.0,24.0,12.0,23.0,9.0,50.0,13.0,21.0,52.0,26.0,9.0,13.0,19.0,65.17,42.15,63.9,74.2,78.83,69.05,69.98,70.08,74.21,76.47,67.09,81.3,74.97,85.3,1.8,1.0,0.7,0.2,1.4,0.7,0.4,0.1,0.2,0.1,0.4,0.1,1.57,1.22,1.51,1.44,1.18,1.4,0.13,0.04,0.12,0.3,0.3,0.2,0.3,0.1,0.5,0.2,0.2,0.2,0.2,4.0,7.0,5.0,1.0,6.0,2.0,1.0,3.0,2.0,4.0,6.0,3.0,4.0,1.0,3.0,1.0,13.0,1.0,3.0,12.0,4.0,1.0,2.0,1.0,16.0,26.0,22.0,19.0,20.0,12.0,5.0,18.0,15.0,18.0,20.0,16.0,18.0,10.0,19.0,7.0,31.0,12.0,16.0,34.0,19.0,7.0,11.0,17.0,15.0,11.0,17.0,33.0,16.0,12.0,20.0
2019-09-21 16:00:00,7.0,4.0,8.0,8.0,4.0,3.0,4.0,7.0,8.0,5.0,25.0,20.0,26.0,30.0,30.0,38.0,46.0,29.0,26.0,46.0,35.0,13.0,27.0,21.0,32.0,45.0,19.0,26.0,20.0,8.0,16.0,19.0,19.0,28.0,17.0,18.0,12.0,19.0,9.0,59.0,13.0,12.0,46.0,25.0,9.0,11.0,20.0,64.11,41.83,63.46,70.1,73.33,74.7,72.62,70.51,71.16,75.94,66.64,78.92,76.99,82.05,1.3,1.5,0.9,0.3,1.3,0.5,0.3,0.2,0.2,0.1,0.4,0.1,1.58,1.22,1.53,1.44,1.18,1.43,0.13,0.05,0.1,0.3,0.3,0.2,0.4,0.1,0.5,0.2,0.2,0.1,0.2,3.0,5.0,8.0,1.0,4.0,2.0,1.0,2.0,2.0,3.0,5.0,2.0,2.0,1.0,2.0,1.0,20.0,1.0,2.0,8.0,3.0,1.0,1.0,1.0,16.0,24.0,33.0,17.0,19.0,17.0,7.0,13.0,16.0,15.0,21.0,15.0,14.0,11.0,17.0,8.0,29.0,11.0,9.0,34.0,20.0,7.0,9.0,19.0,11.0,15.0,17.0,37.0,16.0,11.0,23.0
2019-09-21 17:00:00,7.0,4.0,9.0,7.0,5.0,4.0,4.0,7.0,8.0,5.0,31.0,19.0,27.0,32.0,17.0,28.0,19.0,32.0,33.0,46.0,31.0,10.0,14.0,20.0,29.0,38.0,17.0,30.0,15.0,9.0,13.0,21.0,19.0,29.0,16.0,20.0,14.0,26.0,11.0,88.0,13.0,12.0,39.0,23.0,9.0,10.0,20.0,64.23,40.79,62.93,73.78,76.42,75.79,70.46,73.63,73.18,72.79,72.09,82.9,78.27,85.14,1.3,1.2,0.7,0.3,1.1,0.6,0.3,0.2,0.2,0.1,0.4,0.2,1.58,1.22,1.67,1.46,1.17,1.57,0.12,0.05,0.1,0.3,0.2,0.2,0.3,0.1,0.6,0.2,0.2,0.1,0.2,3.0,3.0,6.0,1.0,6.0,1.0,1.0,1.0,2.0,3.0,5.0,2.0,2.0,1.0,2.0,1.0,34.0,1.0,2.0,7.0,2.0,1.0,1.0,1.0,16.0,23.0,29.0,16.0,21.0,13.0,8.0,11.0,18.0,15.0,22.0,13.0,16.0,13.0,22.0,10.0,36.0,11.0,10.0,28.0,19.0,7.0,8.0,18.0,19.0,15.0,6.0,6.0,20.0,16.0,19.0
2019-09-21 18:00:00,7.0,4.0,9.0,7.0,4.0,4.0,4.0,8.0,8.0,5.0,30.0,17.0,28.0,33.0,29.0,32.0,4.0,29.0,40.0,51.0,33.0,18.0,24.0,30.0,45.0,31.0,20.0,42.0,15.0,9.0,23.0,21.0,23.0,28.0,22.0,23.0,14.0,25.0,12.0,56.0,11.0,20.0,52.0,27.0,14.0,15.0,21.0,51.57,38.23,56.48,66.3,67.81,64.63,67.8,67.67,65.2,73.09,63.35,76.35,70.74,79.69,1.2,1.3,0.7,0.3,1.0,0.5,0.3,0.2,0.2,0.2,0.3,0.2,1.59,1.22,1.54,1.47,1.18,1.43,0.12,0.04,0.11,0.3,0.3,0.2,0.3,0.1,0.6,0.2,0.2,0.2,0.2,4.0,7.0,4.0,1.0,10.0,1.0,1.0,2.0,2.0,2.0,3.0,3.0,3.0,1.0,2.0,1.0,14.0,1.0,2.0,12.0,2.0,1.0,1.0,1.0,23.0,35.0,26.0,19.0,28.0,14.0,8.0,20.0,18.0,19.0,23.0,18.0,19.0,12.0,22.0,10.0,35.0,9.0,17.0,34.0,24.0,13.0,13.0,20.0,18.0,17.0,18.0,1.0,17.0,24.0,23.0
2019-09-21 19:00:00,7.0,4.0,8.0,7.0,4.0,4.0,4.0,9.0,8.0,6.0,29.0,25.0,26.0,33.0,25.0,25.0,33.0,23.0,28.0,44.0,34.0,16.0,21.0,28.0,56.0,43.0,27.0,29.0,19.0,9.0,28.0,26.0,42.0,43.0,28.0,41.0,17.0,27.0,14.0,56.0,15.0,25.0,58.0,32.0,13.0,22.0,23.0,44.47,33.11,58.5,60.85,63.99,55.91,59.5,59.25,58.88,67.92,57.06,63.55,64.06,74.08,1.8,1.1,1.2,0.2,1.1,0.8,0.4,0.2,0.2,0.1,0.4,0.2,1.6,1.22,1.53,1.46,1.18,1.43,0.15,0.04,0.1,0.3,0.3,0.2,0.3,0.1,0.6,0.2,0.2,0.2,0.2,3.0,8.0,6.0,1.0,4.0,2.0,1.0,2.0,2.0,5.0,7.0,3.0,5.0,1.0,2.0,1.0,14.0,1.0,2.0,12.0,3.0,1.0,1.0,1.0,23.0,44.0,34.0,25.0,23.0,16.0,8.0,25.0,23.0,34.0,32.0,24.0,32.0,16.0,24.0,13.0,35.0,13.0,22.0,40.0,27.0,11.0,20.0,21.0,18.0,15.0,16.0,24.0,14.0,15.0,24.0
2019-09-21 20:00:00,8.0,4.0,9.0,7.0,4.0,4.0,4.0,8.0,9.0,6.0,40.0,19.0,21.0,36.0,30.0,32.0,33.0,25.0,28.0,54.0,32.0,17.0,18.0,27.0,53.0,59.0,31.0,35.0,23.0,10.0,31.0,25.0,38.0,45.0,24.0,48.0,17.0,33.0,16.0,66.0,21.0,28.0,36.0,36.0,15.0,25.0,23.0,42.33,27.76,49.67,52.03,59.86,53.07,58.24,53.32,55.94,62.16,60.51,55.38,57.51,65.55,2.2,1.9,2.0,0.2,1.1,1.0,0.5,0.3,0.3,0.1,0.4,0.2,1.6,1.21,1.54,1.46,1.17,1.43,0.14,0.04,0.11,0.3,0.3,0.2,0.4,0.1,0.6,0.2,0.2,0.2,0.2,2.0,5.0,12.0,1.0,5.0,2.0,1.0,2.0,2.0,5.0,7.0,2.0,7.0,1.0,2.0,1.0,18.0,1.0,2.0,4.0,4.0,1.0,1.0,1.0,24.0,45.0,42.0,30.0,27.0,20.0,9.0,28.0,22.0,30.0,33.0,21.0,37.0,16.0,30.0,15.0,39.0,20.0,25.0,29.0,29.0,13.0,24.0,21.0,25.0,12.0,20.0,23.0,15.0,13.0,22.0
2019-09-21 21:00:00,8.0,4.0,9.0,7.0,4.0,5.0,4.0,8.0,8.0,6.0,43.0,17.0,26.0,34.0,31.0,28.0,41.0,26.0,29.0,64.0,28.0,19.0,16.0,34.0,67.0,58.0,35.0,38.0,22.0,12.0,32.0,34.0,50.0,53.0,19.0,61.0,20.0,30.0,19.0,71.0,26.0,24.0,34.0,44.0,14.0,28.0,23.0,30.39,24.36,40.93,49.28,50.04,46.17,44.9,52.12,49.29,53.46,56.58,48.53,49.94,62.96,2.3,2.3,2.1,0.2,1.2,1.0,0.6,0.3,0.3,0.1,0.5,0.2,1.64,1.21,1.53,1.47,1.19,1.43,0.17,0.03,0.11,0.3,0.4,0.2,0.3,0.1,0.6,0.3,0.2,0.1,0.3,3.0,8.0,10.0,1.0,5.0,2.0,1.0,1.0,2.0,7.0,10.0,1.0,12.0,1.0,2.0,1.0,19.0,1.0,1.0,4.0,6.0,1.0,1.0,1.0,29.0,55.0,42.0,33.0,30.0,19.0,10.0,30.0,31.0,40.0,37.0,18.0,43.0,19.0,26.0,17.0,42.0,24.0,23.0,28.0,34.0,12.0,27.0,21.0,30.0,17.0,20.0,32.0,16.0,13.0,20.0
2019-09-21 22:00:00,8.0,4.0,9.0,7.0,4.0,5.0,4.0,8.0,9.0,6.0,39.0,17.0,25.0,33.0,27.0,33.0,32.0,26.0,30.0,43.0,30.0,19.0,16.0,30.0,61.0,43.0,37.0,35.0,21.0,10.0,28.0,30.0,48.0,57.0,21.0,46.0,19.0,29.0,18.0,59.0,27.0,20.0,36.0,33.0,18.0,27.0,23.0,27.05,18.65,40.71,45.31,49.31,44.69,41.6,46.2,49.09,45.51,49.72,32.99,45.74,57.83,2.7,3.5,1.6,0.2,1.5,1.5,0.7,0.5,0.3,0.1,0.5,0.3,1.64,1.21,1.52,1.46,1.19,1.43,0.17,0.02,0.09,0.3,0.4,0.3,0.4,0.1,0.6,0.3,0.2,0.2,0.3,2.0,7.0,6.0,1.0,5.0,2.0,1.0,1.0,2.0,6.0,13.0,2.0,6.0,1.0,2.0,1.0,15.0,1.0,1.0,4.0,4.0,1.0,1.0,1.0,26.0,51.0,34.0,36.0,28.0,19.0,9.0,26.0,26.0,39.0,37.0,19.0,37.0,18.0,26.0,16.0,36.0,26.0,19.0,30.0,27.0,16.0,26.0,22.0,27.0,16.0,16.0,23.0,16.0,14.0,21.0
2019-09-21 23:00:00,8.0,4.0,9.0,7.0,4.0,6.0,4.0,8.0,9.0,7.0,38.0,19.0,23.0,35.0,27.0,15.0,31.0,24.0,26.0,59.0,28.0,18.0,14.0,19.0,42.0,30.0,32.0,42.0,23.0,10.0,29.0,24.0,36.0,40.0,19.0,47.0,18.0,25.0,12.0,54.0,24.0,23.0,44.0,36.0,21.0,24.0,23.0,37.6,19.65,31.56,44.02,34.55,39.47,47.79,43.54,47.93,44.72,45.95,16.15,41.49,55.51,2.0,1.6,1.3,0.2,1.4,1.1,0.6,0.3,0.2,0.1,0.5,0.3,1.61,1.21,1.53,1.46,1.18,1.43,0.15,0.04,0.11,0.3,0.3,0.2,0.3,0.1,0.6,0.2,0.2,0.2,0.3,2.0,5.0,2.0,1.0,3.0,1.0,1.0,1.0,2.0,4.0,7.0,1.0,8.0,1.0,1.0,1.0,13.0,1.0,1.0,6.0,3.0,1.0,1.0,1.0,16.0,34.0,26.0,30.0,37.0,21.0,9.0,28.0,20.0,29.0,29.0,18.0,35.0,17.0,23.0,10.0,33.0,22.0,22.0,34.0,31.0,19.0,23.0,21.0,26.0,15.0,16.0,22.0,14.0,11.0,18.0
2019-09-22 00:00:00,8.0,4.0,9.0,7.0,4.0,6.0,4.0,8.0,8.0,7.0,35.0,16.0,24.0,32.0,24.0,22.0,35.0,22.0,40.0,67.0,28.0,15.0,11.0,22.0,42.0,28.0,30.0,38.0,32.0,11.0,47.0,32.0,34.0,24.0,19.0,35.0,27.0,23.0,15.0,49.0,26.0,32.0,98.0,40.0,18.0,24.0,23.0,34.4,21.64,33.76,33.91,36.85,24.99,38.11,38.14,37.84,45.41,23.89,15.5,39.94,54.51,1.5,1.1,1.4,0.2,1.1,1.2,0.4,0.2,0.3,0.1,0.4,0.3,1.6,1.21,1.54,1.45,1.17,1.44,0.15,0.04,0.1,0.3,0.3,0.3,0.4,0.1,0.6,0.2,0.2,0.2,0.3,1.0,5.0,2.0,1.0,3.0,1.0,1.0,2.0,3.0,2.0,2.0,1.0,3.0,1.0,1.0,1.0,12.0,1.0,1.0,26.0,2.0,1.0,1.0,1.0,20.0,33.0,24.0,28.0,34.0,30.0,9.0,43.0,28.0,31.0,21.0,18.0,31.0,25.0,21.0,13.0,30.0,24.0,30.0,59.0,37.0,16.0,23.0,22.0,25.0,15.0,13.0,25.0,13.0,27.0,19.0
2019-09-22 01:00:00,8.0,4.0,10.0,7.0,4.0,5.0,4.0,8.0,8.0,7.0,25.0,16.0,23.0,35.0,24.0,38.0,31.0,23.0,21.0,53.0,28.0,13.0,5.0,37.0,46.0,53.0,42.0,37.0,34.0,12.0,47.0,38.0,43.0,41.0,17.0,42.0,36.0,35.0,19.0,43.0,27.0,37.0,92.0,31.0,16.0,36.0,24.0,28.45,14.88,27.16,32.13,22.75,20.63,32.56,42.65,29.73,38.99,15.52,14.53,25.38,52.96,2.0,1.3,1.6,0.2,1.1,1.6,0.5,0.2,0.3,0.1,0.4,0.4,1.63,1.21,1.56,1.46,1.17,1.44,0.16,0.04,0.12,0.3,0.3,0.2,0.4,0.2,0.6,0.2,0.2,0.3,0.3,3.0,5.0,7.0,1.0,2.0,2.0,1.0,1.0,3.0,3.0,4.0,1.0,3.0,1.0,1.0,1.0,5.0,1.0,1.0,17.0,1.0,1.0,1.0,1.0,33.0,38.0,42.0,41.0,34.0,32.0,10.0,46.0,34.0,39.0,34.0,16.0,38.0,35.0,33.0,18.0,35.0,25.0,35.0,67.0,29.0,14.0,35.0,23.0,14.0,15.0,13.0,21.0,13.0,9.0,18.0
2019-09-22 02:00:00,8.0,4.0,10.0,6.0,4.0,6.0,4.0,8.0,8.0,7.0,22.0,17.0,24.0,34.0,28.0,31.0,36.0,24.0,34.0,57.0,33.0,18.0,14.0,54.0,41.0,42.0,32.0,30.0,31.0,29.0,31.0,39.0,29.0,38.0,22.0,31.0,28.0,29.0,21.0,38.0,20.0,27.0,49.0,33.0,17.0,33.0,25.0,30.32,18.41,28.44,28.98,26.35,31.43,27.71,34.56,29.39,35.67,29.76,13.58,28.71,43.67,1.8,2.4,1.4,0.9,1.5,1.6,0.4,0.3,0.2,0.2,0.5,0.3,1.74,1.33,1.98,1.61,1.27,1.88,0.13,0.06,0.1,0.4,0.3,0.2,0.3,0.2,0.6,0.2,0.2,0.2,0.3,12.0,5.0,5.0,1.0,4.0,2.0,1.0,1.0,3.0,2.0,2.0,1.0,2.0,1.0,2.0,1.0,2.0,1.0,1.0,6.0,1.0,1.0,1.0,1.0,36.0,33.0,35.0,30.0,24.0,29.0,27.0,30.0,34.0,26.0,34.0,20.0,27.0,26.0,27.0,19.0,34.0,19.0,26.0,40.0,31.0,16.0,32.0,24.0,10.0,15.0,16.0,27.0,14.0,21.0,23.0
2019-09-22 03:00:00,8.0,4.0,10.0,6.0,4.0,6.0,4.0,8.0,8.0,7.0,28.0,18.0,30.0,33.0,27.0,12.0,37.0,27.0,22.0,55.0,34.0,17.0,13.0,24.0,28.0,40.0,23.0,15.0,18.0,16.0,23.0,25.0,17.0,25.0,26.0,22.0,24.0,25.0,19.0,30.0,19.0,17.0,33.0,21.0,19.0,20.0,25.0,29.27,20.14,37.07,36.38,37.39,32.27,30.73,27.2,30.43,35.5,37.72,12.75,38.44,40.11,1.4,1.8,1.2,1.5,1.5,1.1,0.3,0.2,0.2,0.2,0.4,0.2,2.16,1.28,1.83,2.06,1.22,1.75,0.1,0.06,0.09,0.3,0.2,0.2,0.3,0.2,0.6,0.1,0.2,0.1,0.2,2.0,2.0,7.0,1.0,2.0,1.0,1.0,1.0,2.0,2.0,2.0,2.0,2.0,1.0,1.0,1.0,3.0,1.0,1.0,3.0,1.0,1.0,2.0,1.0,21.0,25.0,30.0,21.0,13.0,16.0,14.0,22.0,23.0,14.0,22.0,23.0,19.0,22.0,24.0,17.0,26.0,17.0,15.0,28.0,20.0,18.0,17.0,23.0,16.0,19.0,15.0,27.0,17.0,9.0,25.0
2019-09-22 04:00:00,8.0,4.0,10.0,6.0,4.0,6.0,4.0,8.0,8.0,7.0,22.0,15.0,22.0,26.0,24.0,5.0,36.0,22.0,2.0,39.0,24.0,15.0,5.0,13.0,21.0,27.0,14.0,12.0,11.0,10.0,14.0,21.0,11.0,13.0,12.0,19.0,15.0,17.0,11.0,23.0,12.0,10.0,23.0,16.0,15.0,11.0,20.0,36.25,24.01,39.41,41.14,43.19,39.17,38.62,43.28,39.01,38.84,43.04,20.8,42.31,53.39,1.2,1.1,0.9,0.8,1.1,0.9,0.3,0.1,0.1,0.1,0.3,0.1,1.73,1.23,1.74,1.63,1.17,1.64,0.1,0.05,0.1,0.2,0.2,0.1,0.3,0.1,0.5,0.1,0.2,0.1,0.2,1.0,3.0,5.0,1.0,2.0,1.0,1.0,1.0,3.0,2.0,1.0,1.0,3.0,1.0,1.0,1.0,2.0,1.0,1.0,2.0,1.0,1.0,1.0,1.0,10.0,17.0,20.0,13.0,9.0,10.0,8.0,13.0,17.0,8.0,11.0,10.0,15.0,14.0,16.0,9.0,19.0,11.0,8.0,20.0,14.0,14.0,10.0,19.0,12.0,12.0,13.0,28.0,13.0,1.0,15.0
2019-09-22 05:00:00,8.0,4.0,10.0,6.0,4.0,5.0,4.0,8.0,8.0,7.0,22.0,10.0,14.0,22.0,16.0,22.0,28.0,15.0,15.0,31.0,20.0,14.0,13.0,10.0,29.0,13.0,12.0,9.0,8.0,6.0,11.0,23.0,9.0,11.0,10.0,11.0,9.0,11.0,7.0,17.0,10.0,10.0,12.0,12.0,10.0,9.0,19.0,37.96,26.6,42.51,45.31,45.67,42.12,39.71,43.67,46.81,42.89,51.07,32.28,45.39,54.82,0.9,1.5,0.7,0.4,1.0,0.6,0.2,0.1,0.1,0.1,0.3,0.1,1.58,1.21,1.64,1.49,1.17,1.55,0.1,0.04,0.09,0.2,0.2,0.1,0.3,0.1,0.5,0.1,0.2,0.1,0.2,1.0,7.0,1.0,1.0,1.0,1.0,1.0,1.0,5.0,2.0,1.0,1.0,1.0,1.0,1.0,1.0,4.0,1.0,1.0,1.0,1.0,1.0,1.0,1.0,9.0,18.0,12.0,11.0,7.0,6.0,5.0,9.0,16.0,7.0,10.0,8.0,9.0,7.0,9.0,5.0,12.0,8.0,8.0,10.0,11.0,8.0,7.0,18.0,14.0,6.0,8.0,20.0,8.0,6.0,13.0
2019-09-22 06:00:00,8.0,4.0,10.0,6.0,4.0,6.0,4.0,8.0,8.0,7.0,21.0,9.0,9.0,17.0,11.0,8.0,13.0,10.0,8.0,33.0,15.0,6.0,10.0,11.0,25.0,13.0,12.0,12.0,9.0,7.0,11.0,25.0,10.0,13.0,9.0,11.0,9.0,10.0,6.0,19.0,10.0,14.0,17.0,15.0,11.0,8.0,20.0,33.31,25.43,36.31,40.88,32.95,40.65,39.95,34.49,40.8,41.23,42.45,23.52,45.55,49.95,0.9,0.7,0.6,0.2,0.8,0.4,0.2,0.1,0.1,0.1,0.2,0.1,1.56,1.22,1.5,1.46,1.18,1.42,0.1,0.04,0.08,0.2,0.2,0.1,0.3,0.1,0.6,0.1,0.2,0.1,0.2,1.0,4.0,2.0,1.0,2.0,1.0,1.0,1.0,8.0,1.0,1.0,1.0,1.0,1.0,1.0,1.0,5.0,1.0,1.0,2.0,1.0,1.0,1.0,1.0,9.0,18.0,11.0,10.0,10.0,7.0,5.0,10.0,13.0,8.0,11.0,7.0,10.0,8.0,9.0,5.0,12.0,9.0,13.0,14.0,13.0,9.0,7.0,18.0,15.0,4.0,6.0,9.0,4.0,1.0,11.0
2019-09-22 07:00:00,8.0,4.0,10.0,6.0,4.0,6.0,4.0,8.0,8.0,7.0,14.0,10.0,8.0,17.0,13.0,15.0,22.0,10.0,12.0,28.0,16.0,11.0,8.0,14.0,37.0,15.0,13.0,14.0,8.0,7.0,14.0,21.0,12.0,16.0,10.0,15.0,10.0,13.0,8.0,26.0,11.0,16.0,12.0,17.0,9.0,11.0,20.0,27.32,21.4,33.06,36.85,28.87,34.96,35.19,33.93,36.34,34.99,45.75,25.86,39.66,46.07,1.0,1.1,0.6,0.2,0.8,0.6,0.2,0.1,0.1,0.1,0.3,0.1,1.55,1.22,1.53,1.45,1.18,1.43,0.1,0.04,0.09,0.2,0.2,0.1,0.3,0.1,0.6,0.1,0.2,0.1,0.2,1.0,7.0,1.0,1.0,2.0,1.0,1.0,1.0,4.0,1.0,3.0,1.0,1.0,1.0,1.0,1.0,6.0,1.0,1.0,1.0,1.0,1.0,1.0,1.0,12.0,25.0,13.0,11.0,11.0,7.0,6.0,12.0,15.0,10.0,12.0,9.0,13.0,9.0,12.0,7.0,16.0,10.0,14.0,10.0,15.0,8.0,9.0,19.0,10.0,3.0,9.0,18.0,5.0,4.0,12.0
2019-09-22 08:00:00,8.0,4.0,10.0,6.0,4.0,6.0,4.0,8.0,8.0,7.0,9.0,9.0,6.0,11.0,7.0,11.0,1.0,8.0,14.0,27.0,13.0,11.0,6.0,14.0,25.0,13.0,15.0,18.0,9.0,7.0,16.0,15.0,13.0,13.0,11.0,15.0,12.0,12.0,10.0,16.0,12.0,15.0,17.0,15.0,10.0,15.0,19.0,29.56,19.8,29.63,34.56,33.55,28.57,35.34,34.56,34.76,33.36,39.95,35.43,34.85,46.39,1.0,0.9,0.7,0.4,0.7,0.9,0.2,0.1,0.1,0.1,0.2,0.1,1.55,1.21,1.54,1.45,1.18,1.47,0.1,0.04,0.08,0.2,0.2,0.1,0.3,0.1,0.6,0.1,0.2,0.1,0.2,1.0,4.0,1.0,1.0,3.0,1.0,1.0,1.0,2.0,2.0,1.0,2.0,1.0,1.0,1.0,1.0,3.0,1.0,1.0,2.0,1.0,2.0,1.0,1.0,12.0,19.0,11.0,14.0,13.0,8.0,5.0,15.0,13.0,10.0,11.0,9.0,12.0,10.0,11.0,8.0,11.0,11.0,13.0,15.0,13.0,7.0,13.0,18.0,5.0,3.0,5.0,1.0,5.0,10.0,10.0
2019-09-22 09:00:00,8.0,4.0,10.0,6.0,4.0,6.0,4.0,8.0,8.0,7.0,7.0,6.0,4.0,8.0,2.0,12.0,3.0,6.0,9.0,28.0,9.0,11.0,6.0,14.0,22.0,10.0,14.0,19.0,9.0,7.0,16.0,11.0,21.0,14.0,11.0,19.0,11.0,11.0,9.0,22.0,13.0,14.0,33.0,17.0,6.0,12.0,19.0,29.19,19.22,29.11,33.92,35.97,30.51,37.83,35.02,35.0,30.96,33.18,39.79,36.69,46.53,1.0,1.3,0.6,0.2,0.7,0.7,0.2,0.1,0.1,0.1,0.2,0.1,1.54,1.21,1.52,1.44,1.17,1.44,0.1,0.04,0.08,0.2,0.2,0.1,0.3,0.1,0.6,0.2,0.2,0.1,0.2,2.0,3.0,1.0,1.0,3.0,1.0,1.0,1.0,1.0,2.0,2.0,2.0,2.0,1.0,1.0,1.0,7.0,1.0,1.0,7.0,2.0,1.0,1.0,1.0,12.0,17.0,9.0,13.0,14.0,8.0,5.0,15.0,10.0,17.0,11.0,9.0,17.0,9.0,9.0,8.0,12.0,12.0,12.0,22.0,13.0,4.0,11.0,18.0,4.0,2.0,2.0,1.0,3.0,7.0,7.0
2019-09-22 10:00:00,8.0,4.0,9.0,6.0,4.0,6.0,4.0,7.0,8.0,7.0,10.0,5.0,2.0,8.0,3.0,2.0,1.0,8.0,10.0,23.0,8.0,12.0,1.0,13.0,17.0,10.0,12.0,15.0,11.0,4.0,18.0,13.0,12.0,12.0,10.0,12.0,10.0,9.0,8.0,25.0,10.0,13.0,24.0,13.0,6.0,12.0,18.0,34.47,21.63,32.84,34.57,37.23,31.74,36.52,37.54,36.61,35.39,40.07,45.45,38.22,48.94,1.0,0.5,0.6,0.1,0.7,0.8,0.2,0.1,0.1,0.1,0.3,0.1,1.54,1.21,1.51,1.44,1.17,1.43,0.1,0.04,0.09,0.2,0.2,0.2,0.3,0.1,0.6,0.1,0.2,0.1,0.2,2.0,3.0,2.0,1.0,4.0,2.0,1.0,3.0,3.0,2.0,2.0,2.0,2.0,1.0,2.0,1.0,9.0,1.0,2.0,6.0,2.0,1.0,2.0,1.0,10.0,12.0,8.0,10.0,10.0,8.0,2.0,14.0,9.0,9.0,8.0,7.0,10.0,9.0,7.0,6.0,11.0,9.0,11.0,15.0,10.0,4.0,10.0,17.0,9.0,1.0,2.0,1.0,4.0,7.0,7.0
2019-09-22 11:00:00,8.0,4.0,10.0,6.0,4.0,6.0,4.0,7.0,8.0,7.0,8.0,2.0,1.0,9.0,1.0,1.0,9.0,5.0,9.0,15.0,7.0,9.0,6.0,13.0,36.0,11.0,11.0,19.0,10.0,3.0,15.0,11.0,12.0,13.0,17.0,17.0,9.0,9.0,7.0,29.0,9.0,11.0,14.0,20.0,7.0,12.0,17.0,33.21,23.17,32.62,38.04,42.1,38.55,39.46,35.17,38.96,39.72,46.51,46.07,41.65,47.35,1.0,0.4,0.6,0.1,0.6,0.7,0.2,0.1,0.1,0.1,0.2,0.2,1.54,1.2,1.51,1.44,1.16,1.41,0.1,0.04,0.1,0.2,0.2,0.2,0.3,0.1,0.6,0.1,0.2,0.1,0.2,3.0,10.0,2.0,1.0,5.0,2.0,1.0,3.0,2.0,3.0,3.0,4.0,4.0,1.0,2.0,1.0,11.0,1.0,3.0,3.0,4.0,1.0,3.0,1.0,9.0,21.0,8.0,9.0,11.0,7.0,2.0,10.0,8.0,8.0,8.0,11.0,11.0,7.0,6.0,5.0,12.0,7.0,7.0,10.0,13.0,6.0,8.0,15.0,6.0,1.0,1.0,8.0,2.0,6.0,5.0
2019-09-22 12:00:00,7.0,4.0,10.0,7.0,4.0,5.0,4.0,7.0,8.0,6.0,8.0,3.0,3.0,11.0,9.0,1.0,24.0,6.0,6.0,23.0,36.0,6.0,1.0,12.0,34.0,13.0,8.0,18.0,12.0,2.0,9.0,12.0,14.0,15.0,16.0,19.0,7.0,8.0,5.0,26.0,9.0,7.0,48.0,16.0,7.0,9.0,16.0,42.17,31.01,39.74,44.61,53.97,50.58,45.66,42.79,48.69,46.36,60.86,47.06,52.89,49.54,1.1,0.3,0.6,0.1,0.6,0.5,0.3,0.1,0.1,0.1,0.2,0.1,1.54,1.21,1.5,1.44,1.15,1.39,0.1,0.06,0.11,0.3,0.2,0.1,0.3,0.1,0.6,0.2,0.2,0.1,0.2,3.0,9.0,3.0,1.0,5.0,4.0,1.0,2.0,2.0,4.0,5.0,4.0,5.0,1.0,2.0,1.0,10.0,1.0,2.0,12.0,4.0,1.0,2.0,1.0,7.0,19.0,8.0,7.0,10.0,7.0,1.0,6.0,8.0,8.0,8.0,9.0,11.0,6.0,5.0,3.0,11.0,8.0,4.0,30.0,10.0,6.0,5.0,15.0,5.0,2.0,8.0,22.0,3.0,3.0,23.0
2019-09-22 13:00:00,7.0,4.0,9.0,8.0,4.0,4.0,4.0,7.0,8.0,5.0,4.0,2.0,5.0,13.0,9.0,1.0,9.0,5.0,6.0,23.0,10.0,7.0,1.0,12.0,33.0,17.0,9.0,18.0,8.0,2.0,9.0,10.0,13.0,14.0,14.0,21.0,7.0,10.0,5.0,30.0,9.0,6.0,14.0,15.0,7.0,6.0,15.0,48.71,36.79,48.33,52.64,62.22,57.17,52.01,56.82,55.9,55.29,60.74,55.16,61.53,64.53,1.0,0.3,0.6,0.1,0.6,0.3,0.3,0.1,0.1,0.1,0.2,0.1,1.54,1.21,1.5,1.44,1.15,1.38,0.1,0.06,0.12,0.3,0.2,0.1,0.3,0.1,0.5,0.1,0.2,0.1,0.2,3.0,9.0,4.0,1.0,5.0,2.0,1.0,2.0,2.0,3.0,4.0,4.0,6.0,1.0,2.0,1.0,11.0,1.0,2.0,3.0,4.0,1.0,1.0,1.0,7.0,19.0,11.0,7.0,10.0,5.0,1.0,6.0,7.0,8.0,8.0,9.0,12.0,5.0,6.0,3.0,13.0,7.0,4.0,10.0,9.0,5.0,4.0,14.0,2.0,4.0,6.0,7.0,3.0,2.0,5.0
2019-09-22 14:00:00,6.0,4.0,8.0,10.0,4.0,4.0,4.0,7.0,8.0,4.0,17.0,7.0,6.0,10.0,1.0,1.0,1.0,9.0,4.0,21.0,14.0,5.0,1.0,14.0,33.0,20.0,9.0,18.0,15.0,2.0,9.0,10.0,15.0,22.0,14.0,20.0,7.0,12.0,4.0,35.0,8.0,7.0,18.0,15.0,7.0,7.0,15.0,53.72,41.65,55.09,56.76,68.5,63.14,59.77,63.27,64.97,63.71,64.85,68.46,67.18,71.27,1.1,0.9,0.5,0.1,0.6,0.2,0.3,0.1,0.1,0.1,0.2,0.1,1.55,1.21,1.51,1.44,1.15,1.37,0.11,0.07,0.14,0.3,0.3,0.2,0.4,0.1,0.5,0.2,0.2,0.1,0.2,4.0,8.0,5.0,1.0,5.0,3.0,1.0,1.0,2.0,4.0,6.0,3.0,5.0,1.0,2.0,1.0,12.0,1.0,2.0,4.0,4.0,1.0,2.0,1.0,8.0,21.0,13.0,7.0,10.0,10.0,1.0,6.0,7.0,9.0,12.0,9.0,12.0,5.0,8.0,2.0,17.0,6.0,4.0,12.0,9.0,5.0,4.0,14.0,11.0,4.0,1.0,1.0,9.0,1.0,12.0
2019-09-22 15:00:00,6.0,4.0,7.0,10.0,4.0,5.0,4.0,8.0,8.0,4.0,12.0,2.0,3.0,9.0,8.0,1.0,2.0,9.0,10.0,22.0,13.0,9.0,4.0,18.0,38.0,16.0,10.0,18.0,11.0,3.0,11.0,12.0,13.0,20.0,13.0,16.0,7.0,12.0,4.0,34.0,9.0,8.0,19.0,15.0,6.0,7.0,15.0,55.62,43.4,58.26,62.02,70.88,66.47,59.02,66.97,68.96,67.16,68.22,73.97,70.35,74.99,1.0,0.6,1.8,0.1,0.8,0.3,0.4,0.1,0.3,0.1,0.3,0.1,1.56,1.22,1.51,1.45,1.16,1.35,0.12,0.06,0.16,0.3,0.3,0.2,0.3,0.1,0.6,0.2,0.2,0.1,0.2,5.0,10.0,3.0,1.0,5.0,2.0,1.0,2.0,2.0,3.0,5.0,3.0,4.0,1.0,3.0,1.0,12.0,1.0,2.0,4.0,3.0,1.0,2.0,1.0,10.0,22.0,10.0,9.0,11.0,7.0,1.0,8.0,8.0,9.0,12.0,8.0,10.0,6.0,8.0,2.0,15.0,7.0,5.0,13.0,10.0,4.0,5.0,14.0,8.0,1.0,6.0,2.0,7.0,6.0,10.0
2019-09-22 16:00:00,6.0,4.0,6.0,10.0,4.0,3.0,4.0,7.0,8.0,3.0,6.0,1.0,1.0,16.0,12.0,2.0,21.0,6.0,10.0,15.0,7.0,4.0,2.0,14.0,30.0,13.0,8.0,14.0,12.0,2.0,7.0,11.0,11.0,11.0,9.0,13.0,6.0,5.0,3.0,28.0,7.0,3.0,16.0,9.0,5.0,4.0,14.0,59.45,46.9,64.14,66.41,74.69,72.38,66.03,72.98,72.79,71.12,73.16,78.33,76.27,79.85,1.2,0.4,0.6,0.1,0.8,0.2,0.4,0.1,0.2,0.1,0.3,0.1,1.62,1.22,1.51,1.45,1.16,1.34,0.16,0.06,0.17,0.3,0.3,0.2,0.3,0.1,0.5,0.1,0.2,0.1,0.2,3.0,7.0,3.0,1.0,3.0,3.0,1.0,1.0,2.0,3.0,3.0,2.0,3.0,1.0,1.0,1.0,10.0,1.0,1.0,3.0,2.0,1.0,1.0,1.0,9.0,19.0,8.0,6.0,8.0,8.0,1.0,5.0,7.0,7.0,7.0,5.0,8.0,4.0,3.0,2.0,13.0,6.0,1.0,10.0,7.0,3.0,2.0,13.0,2.0,1.0,10.0,17.0,3.0,5.0,3.0
2019-09-22 17:00:00,6.0,5.0,6.0,9.0,4.0,2.0,4.0,7.0,8.0,3.0,5.0,1.0,2.0,12.0,7.0,3.0,14.0,11.0,4.0,11.0,15.0,5.0,1.0,14.0,30.0,19.0,7.0,12.0,10.0,2.0,7.0,10.0,10.0,12.0,8.0,15.0,5.0,4.0,3.0,29.0,7.0,3.0,14.0,9.0,5.0,4.0,15.0,62.68,47.61,67.42,69.84,76.67,74.37,69.6,75.1,75.25,74.59,74.59,77.92,78.43,82.13,1.2,0.5,0.5,0.1,0.7,0.2,0.4,0.1,0.1,0.1,0.2,0.2,1.64,1.22,1.52,1.46,1.16,1.34,0.19,0.06,0.18,0.2,0.2,0.2,0.3,0.2,0.5,0.2,0.2,0.1,0.2,4.0,7.0,4.0,1.0,3.0,2.0,1.0,1.0,2.0,2.0,2.0,2.0,3.0,1.0,1.0,1.0,10.0,1.0,1.0,2.0,2.0,1.0,1.0,1.0,8.0,19.0,12.0,6.0,8.0,7.0,1.0,5.0,7.0,6.0,8.0,5.0,9.0,4.0,3.0,2.0,14.0,5.0,1.0,10.0,6.0,4.0,2.0,13.0,4.0,2.0,5.0,11.0,9.0,1.0,11.0
2019-09-22 18:00:00,6.0,5.0,5.0,8.0,4.0,2.0,4.0,7.0,7.0,3.0,9.0,1.0,4.0,1.0,1.0,3.0,5.0,11.0,1.0,12.0,10.0,7.0,2.0,28.0,32.0,25.0,11.0,15.0,10.0,3.0,7.0,19.0,15.0,24.0,12.0,18.0,9.0,11.0,5.0,26.0,9.0,4.0,20.0,11.0,6.0,4.0,15.0,56.92,45.29,66.31,67.6,75.19,73.51,62.33,71.86,72.35,74.48,71.61,76.47,78.14,78.87,1.4,1.0,0.7,0.1,0.8,0.2,0.4,0.1,0.1,0.1,0.3,0.2,1.66,1.22,1.51,1.46,1.15,1.34,0.19,0.07,0.17,0.3,0.3,0.2,0.3,0.2,0.5,0.2,0.2,0.1,0.2,6.0,4.0,6.0,1.0,3.0,1.0,1.0,1.0,3.0,3.0,5.0,2.0,3.0,1.0,2.0,1.0,8.0,1.0,1.0,3.0,2.0,1.0,1.0,1.0,19.0,25.0,17.0,9.0,10.0,8.0,2.0,6.0,15.0,11.0,16.0,8.0,13.0,7.0,9.0,3.0,14.0,7.0,3.0,15.0,8.0,4.0,3.0,14.0,7.0,2.0,1.0,2.0,9.0,1.0,7.0
2019-09-22 19:00:00,7.0,5.0,6.0,7.0,4.0,5.0,4.0,7.0,8.0,3.0,11.0,8.0,2.0,9.0,1.0,2.0,16.0,5.0,3.0,10.0,16.0,4.0,2.0,27.0,29.0,33.0,13.0,28.0,12.0,4.0,10.0,25.0,20.0,30.0,17.0,19.0,12.0,12.0,7.0,34.0,11.0,6.0,22.0,14.0,8.0,6.0,15.0,57.76,43.83,56.08,63.89,73.47,70.63,58.57,66.56,68.95,68.22,68.54,75.57,76.19,77.25,1.4,0.9,0.7,0.1,0.7,0.2,0.4,0.2,0.1,0.1,0.3,0.1,1.63,1.22,1.51,1.47,1.15,1.34,0.16,0.07,0.18,0.3,0.2,0.2,0.3,0.1,0.6,0.2,0.2,0.1,0.2,5.0,3.0,7.0,1.0,5.0,1.0,1.0,1.0,3.0,4.0,8.0,3.0,3.0,1.0,2.0,1.0,11.0,1.0,1.0,3.0,3.0,1.0,1.0,1.0,19.0,24.0,22.0,12.0,20.0,10.0,2.0,8.0,20.0,14.0,18.0,12.0,15.0,11.0,9.0,5.0,18.0,9.0,4.0,17.0,10.0,6.0,4.0,14.0,7.0,1.0,1.0,12.0,3.0,1.0,12.0
2019-09-22 20:00:00,7.0,4.0,8.0,7.0,4.0,5.0,4.0,7.0,8.0,3.0,9.0,9.0,1.0,16.0,3.0,3.0,8.0,4.0,7.0,14.0,9.0,5.0,2.0,31.0,26.0,39.0,20.0,40.0,16.0,5.0,16.0,31.0,25.0,42.0,16.0,28.0,16.0,23.0,9.0,46.0,16.0,8.0,28.0,24.0,7.0,8.0,15.0,58.22,38.94,47.8,62.12,73.0,64.43,52.95,67.01,66.21,63.32,63.14,75.49,73.32,75.42,1.3,1.2,0.9,0.1,0.7,0.3,0.4,0.2,0.1,0.1,0.3,0.1,1.62,1.22,1.52,1.47,1.15,1.34,0.16,0.07,0.18,0.3,0.2,0.2,0.3,0.1,0.6,0.2,0.2,0.1,0.2,4.0,2.0,7.0,1.0,7.0,2.0,1.0,1.0,3.0,4.0,9.0,2.0,4.0,1.0,2.0,1.0,13.0,1.0,1.0,3.0,4.0,1.0,1.0,1.0,25.0,23.0,28.0,18.0,29.0,13.0,4.0,14.0,26.0,19.0,28.0,12.0,22.0,14.0,20.0,7.0,26.0,15.0,6.0,23.0,18.0,6.0,6.0,14.0,6.0,1.0,2.0,5.0,2.0,5.0,7.0
2019-09-22 21:00:00,7.0,4.0,9.0,6.0,4.0,5.0,4.0,7.0,8.0,3.0,9.0,2.0,2.0,17.0,13.0,3.0,9.0,3.0,7.0,13.0,8.0,2.0,5.0,38.0,28.0,62.0,30.0,41.0,26.0,9.0,24.0,41.0,28.0,68.0,25.0,31.0,22.0,28.0,10.0,53.0,28.0,17.0,43.0,28.0,15.0,13.0,18.0,55.9,32.6,46.73,49.88,66.86,57.59,44.78,55.85,61.35,52.01,50.08,63.92,68.59,70.95,1.6,2.8,1.4,0.1,0.9,0.3,0.6,0.4,0.2,0.1,0.4,0.1,1.63,1.23,1.53,1.47,1.17,1.34,0.16,0.06,0.19,0.3,0.3,0.2,0.3,0.2,0.6,0.2,0.3,0.2,0.3,4.0,2.0,12.0,1.0,6.0,1.0,1.0,1.0,4.0,3.0,15.0,3.0,4.0,1.0,1.0,1.0,14.0,1.0,2.0,4.0,4.0,1.0,1.0,1.0,33.0,25.0,43.0,28.0,32.0,24.0,8.0,22.0,36.0,23.0,45.0,21.0,25.0,20.0,26.0,9.0,32.0,26.0,15.0,36.0,22.0,13.0,11.0,17.0,7.0,1.0,9.0,6.0,1.0,4.0,5.0
2019-09-22 22:00:00,8.0,4.0,9.0,6.0,4.0,6.0,4.0,8.0,8.0,4.0,6.0,6.0,4.0,6.0,8.0,8.0,11.0,1.0,1.0,12.0,12.0,6.0,10.0,44.0,48.0,57.0,35.0,60.0,37.0,15.0,29.0,46.0,40.0,72.0,29.0,41.0,31.0,34.0,13.0,71.0,30.0,23.0,78.0,32.0,20.0,19.0,22.0,38.62,28.74,32.37,40.35,58.65,52.02,35.78,44.93,46.08,50.09,34.52,43.67,60.85,60.08,2.0,2.1,2.1,0.2,1.5,0.9,0.6,0.3,0.3,0.1,0.5,0.2,1.63,1.23,1.56,1.47,1.17,1.35,0.16,0.06,0.21,0.3,0.3,0.3,0.4,0.2,0.7,0.3,0.3,0.3,0.3,2.0,3.0,8.0,1.0,9.0,3.0,1.0,2.0,3.0,3.0,13.0,1.0,4.0,1.0,2.0,1.0,18.0,1.0,1.0,16.0,3.0,1.0,1.0,1.0,41.0,42.0,45.0,33.0,47.0,33.0,13.0,26.0,42.0,34.0,52.0,28.0,35.0,29.0,31.0,11.0,43.0,29.0,21.0,53.0,27.0,19.0,17.0,20.0,3.0,2.0,4.0,8.0,1.0,1.0,9.0
2019-09-22 23:00:00,8.0,4.0,9.0,6.0,4.0,6.0,4.0,7.0,9.0,5.0,10.0,8.0,5.0,10.0,11.0,15.0,7.0,2.0,10.0,37.0,25.0,9.0,10.0,58.0,78.0,30.0,34.0,81.0,37.0,17.0,40.0,36.0,35.0,49.0,39.0,71.0,39.0,32.0,17.0,65.0,33.0,28.0,152.0,21.0,31.0,19.0,26.0,19.23,27.29,13.78,35.02,50.6,40.52,39.1,34.4,40.61,44.79,11.96,21.48,56.46,50.56,3.2,2.5,2.3,0.3,1.9,1.1,0.9,0.3,0.4,0.1,0.6,0.2,1.65,1.24,1.55,1.48,1.17,1.36,0.17,0.06,0.2,0.4,0.4,0.3,0.4,0.2,0.8,0.3,0.4,0.4,0.3,4.0,11.0,2.0,1.0,10.0,2.0,1.0,2.0,2.0,4.0,4.0,2.0,13.0,1.0,1.0,1.0,15.0,1.0,2.0,47.0,1.0,1.0,1.0,1.0,53.0,62.0,27.0,33.0,66.0,35.0,15.0,37.0,33.0,30.0,43.0,36.0,51.0,38.0,31.0,16.0,43.0,31.0,25.0,80.0,19.0,30.0,17.0,25.0,6.0,3.0,8.0,3.0,2.0,4.0,19.0
2019-09-23 00:00:00,8.0,4.0,9.0,6.0,4.0,7.0,4.0,8.0,8.0,6.0,11.0,8.0,5.0,10.0,10.0,11.0,12.0,7.0,10.0,14.0,23.0,5.0,5.0,52.0,74.0,42.0,47.0,54.0,27.0,14.0,76.0,41.0,42.0,48.0,40.0,66.0,36.0,35.0,24.0,80.0,55.0,64.0,100.0,31.0,22.0,20.0,24.0,18.09,18.64,21.43,41.44,53.32,13.54,32.67,29.05,31.35,20.89,21.03,24.1,46.39,51.46,3.1,2.1,2.1,0.3,1.8,0.9,1.0,0.2,0.3,0.1,0.6,0.2,1.68,1.23,1.56,1.49,1.16,1.36,0.19,0.07,0.2,0.4,0.4,0.3,0.4,0.2,0.7,0.3,0.3,0.3,0.3,3.0,10.0,3.0,1.0,4.0,1.0,1.0,4.0,3.0,3.0,6.0,3.0,7.0,1.0,1.0,1.0,17.0,1.0,9.0,26.0,1.0,1.0,1.0,1.0,48.0,59.0,38.0,45.0,48.0,25.0,12.0,70.0,37.0,37.0,39.0,36.0,54.0,34.0,33.0,22.0,54.0,53.0,51.0,60.0,29.0,20.0,19.0,22.0,7.0,3.0,6.0,7.0,5.0,4.0,18.0
2019-09-23 01:00:00,11.0,4.0,9.0,6.0,4.0,6.0,4.0,7.0,8.0,6.0,5.0,8.0,3.0,14.0,8.0,11.0,9.0,8.0,11.0,8.0,17.0,7.0,7.0,31.0,73.0,37.0,50.0,61.0,36.0,21.0,97.0,26.0,48.0,40.0,35.0,52.0,47.0,24.0,21.0,50.0,63.0,87.0,108.0,38.0,23.0,33.0,21.0,20.04,13.12,10.94,27.19,39.86,2.48,42.01,26.55,34.19,11.54,6.3,19.63,32.27,50.66,2.7,1.5,2.0,0.2,1.4,1.1,0.8,0.2,0.3,0.1,0.5,0.3,1.65,1.25,1.62,1.49,1.18,1.4,0.16,0.07,0.23,0.3,0.4,0.3,0.4,0.2,0.7,0.3,0.3,0.3,0.3,1.0,12.0,2.0,1.0,5.0,1.0,1.0,12.0,2.0,3.0,3.0,1.0,4.0,1.0,1.0,1.0,8.0,1.0,14.0,24.0,1.0,1.0,1.0,1.0,29.0,54.0,33.0,49.0,54.0,33.0,20.0,78.0,23.0,45.0,35.0,33.0,46.0,45.0,23.0,20.0,38.0,61.0,65.0,72.0,37.0,22.0,31.0,20.0,2.0,1.0,4.0,3.0,5.0,4.0,13.0
2019-09-23 02:00:00,11.0,4.0,9.0,6.0,4.0,6.0,4.0,7.0,8.0,6.0,6.0,9.0,8.0,12.0,5.0,21.0,11.0,6.0,8.0,8.0,16.0,11.0,7.0,30.0,57.0,21.0,38.0,53.0,24.0,28.0,93.0,28.0,53.0,32.0,38.0,57.0,50.0,21.0,18.0,35.0,75.0,64.0,70.0,34.0,17.0,51.0,19.0,19.35,14.73,9.17,35.55,30.27,1.0,38.82,34.56,34.49,5.72,20.25,15.0,16.95,54.05,2.6,1.8,2.3,1.2,1.3,1.7,0.7,0.2,0.3,0.2,0.4,0.3,1.65,1.27,1.69,1.49,1.19,1.44,0.16,0.08,0.25,0.4,0.3,0.3,0.3,0.2,0.7,0.3,0.3,0.2,0.3,1.0,6.0,1.0,1.0,4.0,1.0,1.0,14.0,2.0,4.0,6.0,2.0,2.0,1.0,1.0,1.0,6.0,6.0,7.0,13.0,1.0,1.0,2.0,1.0,29.0,49.0,20.0,36.0,46.0,22.0,27.0,72.0,26.0,47.0,23.0,35.0,54.0,48.0,19.0,16.0,26.0,65.0,54.0,50.0,32.0,16.0,48.0,18.0,2.0,5.0,3.0,8.0,4.0,2.0,11.0
2019-09-23 03:00:00,8.0,4.0,9.0,6.0,4.0,7.0,4.0,7.0,8.0,7.0,8.0,7.0,7.0,13.0,6.0,24.0,30.0,3.0,8.0,6.0,12.0,9.0,6.0,27.0,35.0,21.0,39.0,27.0,16.0,20.0,88.0,24.0,48.0,18.0,23.0,51.0,46.0,20.0,18.0,21.0,47.0,70.0,29.0,34.0,19.0,32.0,17.0,28.41,15.42,22.92,35.71,27.7,1.0,33.79,36.71,29.9,12.7,32.32,16.92,31.47,53.77,2.1,0.9,1.4,1.8,1.0,1.7,0.5,0.1,0.2,0.2,0.4,0.3,1.63,1.27,1.66,1.49,1.19,1.43,0.15,0.08,0.23,0.3,0.2,0.2,0.3,0.2,0.7,0.2,0.2,0.1,0.3,1.0,2.0,1.0,1.0,2.0,1.0,1.0,16.0,2.0,2.0,1.0,1.0,3.0,2.0,1.0,1.0,3.0,1.0,13.0,1.0,1.0,1.0,1.0,1.0,25.0,31.0,20.0,37.0,25.0,15.0,19.0,63.0,21.0,45.0,17.0,21.0,46.0,43.0,19.0,16.0,17.0,46.0,50.0,27.0,32.0,18.0,30.0,16.0,2.0,4.0,4.0,26.0,1.0,3.0,8.0
2019-09-23 04:00:00,8.0,4.0,9.0,6.0,4.0,7.0,3.0,8.0,8.0,9.0,19.0,8.0,8.0,14.0,6.0,11.0,23.0,7.0,7.0,10.0,9.0,9.0,8.0,17.0,33.0,21.0,48.0,25.0,13.0,10.0,48.0,21.0,43.0,27.0,20.0,39.0,39.0,15.0,16.0,22.0,35.0,65.0,26.0,31.0,20.0,52.0,19.0,27.42,8.65,21.09,37.01,36.9,2.79,31.99,32.39,25.99,16.3,29.66,12.74,10.01,40.9,1.7,1.2,1.5,0.5,0.9,2.1,0.4,0.1,0.2,0.1,0.4,0.3,1.63,1.25,1.79,1.49,1.18,1.52,0.14,0.07,0.27,0.3,0.2,0.2,0.3,0.1,0.7,0.2,0.2,0.1,0.3,1.0,4.0,1.0,1.0,2.0,1.0,1.0,4.0,2.0,2.0,5.0,1.0,2.0,2.0,1.0,1.0,3.0,1.0,13.0,2.0,1.0,1.0,5.0,1.0,15.0,27.0,19.0,46.0,23.0,12.0,9.0,42.0,19.0,39.0,20.0,19.0,36.0,36.0,13.0,15.0,17.0,33.0,45.0,24.0,29.0,19.0,45.0,18.0,13.0,5.0,3.0,20.0,6.0,2.0,5.0
2019-09-23 05:00:00,7.0,4.0,10.0,6.0,4.0,7.0,4.0,9.0,8.0,7.0,8.0,6.0,7.0,17.0,4.0,3.0,9.0,5.0,3.0,18.0,11.0,8.0,9.0,19.0,32.0,18.0,35.0,22.0,18.0,15.0,30.0,26.0,32.0,20.0,25.0,28.0,16.0,14.0,15.0,23.0,48.0,59.0,35.0,33.0,18.0,40.0,21.0,23.19,12.19,24.33,25.85,27.17,13.87,28.96,19.96,25.69,6.1,21.62,10.18,11.0,29.69,1.6,1.2,1.5,0.4,0.7,1.5,0.3,0.1,0.2,0.1,0.3,0.1,1.61,1.27,1.89,1.49,1.2,1.68,0.12,0.07,0.21,0.3,0.2,0.2,0.3,0.1,0.7,0.2,0.2,0.1,0.3,2.0,3.0,1.0,1.0,2.0,1.0,1.0,2.0,3.0,2.0,2.0,1.0,1.0,1.0,1.0,1.0,5.0,1.0,10.0,5.0,1.0,1.0,3.0,1.0,17.0,27.0,17.0,33.0,20.0,16.0,13.0,27.0,21.0,29.0,17.0,23.0,25.0,14.0,12.0,13.0,16.0,46.0,44.0,28.0,31.0,17.0,36.0,19.0,8.0,4.0,2.0,6.0,3.0,1.0,6.0
2019-09-23 06:00:00,8.0,4.0,10.0,6.0,4.0,6.0,4.0,9.0,8.0,7.0,1.0,6.0,7.0,18.0,4.0,7.0,10.0,4.0,2.0,11.0,11.0,12.0,7.0,40.0,38.0,33.0,37.0,43.0,26.0,17.0,44.0,23.0,48.0,59.0,37.0,40.0,21.0,14.0,15.0,49.0,65.0,59.0,42.0,29.0,17.0,26.0,19.0,20.28,9.03,14.38,12.45,21.12,9.95,27.83,6.17,22.05,1.25,15.77,7.27,20.19,28.9,1.6,1.5,1.7,0.4,0.7,1.0,0.3,0.1,0.2,0.1,0.3,0.1,1.61,1.28,1.73,1.49,1.21,1.55,0.12,0.07,0.19,0.3,0.2,0.2,0.3,0.1,0.7,0.2,0.2,0.1,0.2,7.0,5.0,1.0,1.0,8.0,2.0,1.0,6.0,2.0,8.0,15.0,3.0,5.0,1.0,1.0,1.0,10.0,10.0,12.0,6.0,1.0,1.0,1.0,1.0,28.0,31.0,32.0,35.0,30.0,23.0,16.0,35.0,20.0,37.0,37.0,32.0,34.0,20.0,13.0,14.0,33.0,49.0,41.0,33.0,27.0,15.0,24.0,18.0,3.0,4.0,1.0,7.0,3.0,1.0,7.0
2019-09-23 07:00:00,8.0,4.0,10.0,7.0,4.0,6.0,4.0,8.0,8.0,7.0,11.0,8.0,7.0,14.0,4.0,11.0,11.0,6.0,8.0,19.0,10.0,9.0,6.0,65.0,75.0,45.0,32.0,74.0,36.0,16.0,91.0,47.0,68.0,61.0,47.0,72.0,39.0,36.0,18.0,47.0,91.0,96.0,68.0,25.0,26.0,22.0,20.0,6.7,10.42,3.07,5.24,15.71,2.09,11.02,3.71,17.54,1.48,8.31,5.03,19.18,26.33,2.1,2.7,2.0,0.4,1.0,0.9,0.4,0.2,0.2,0.1,0.4,0.1,1.68,1.29,1.85,1.54,1.22,1.65,0.14,0.07,0.21,0.3,0.3,0.2,0.4,0.1,0.8,0.2,0.3,0.2,0.2,22.0,16.0,2.0,1.0,18.0,5.0,1.0,24.0,8.0,17.0,13.0,7.0,14.0,5.0,1.0,1.0,4.0,25.0,28.0,19.0,1.0,6.0,1.0,1.0,31.0,51.0,42.0,31.0,46.0,28.0,15.0,54.0,34.0,42.0,42.0,37.0,50.0,31.0,34.0,17.0,40.0,52.0,52.0,38.0,23.0,16.0,21.0,18.0,6.0,5.0,1.0,8.0,5.0,3.0,7.0
2019-09-23 08:00:00,9.0,5.0,12.0,7.0,4.0,7.0,4.0,10.0,10.0,7.0,18.0,9.0,4.0,21.0,10.0,24.0,14.0,9.0,6.0,18.0,12.0,12.0,10.0,77.0,147.0,70.0,78.0,154.0,62.0,27.0,130.0,59.0,172.0,148.0,85.0,194.0,83.0,57.0,53.0,59.0,127.0,177.0,125.0,53.0,50.0,36.0,33.0,1.0,3.51,2.68,1.03,5.48,1.0,5.66,3.1,2.11,1.21,4.52,2.85,12.13,8.2,7.9,1.5,2.2,0.5,1.7,1.0,0.5,0.2,0.4,0.1,0.5,0.2,1.81,1.3,1.82,1.64,1.24,1.6,0.17,0.06,0.22,0.3,0.5,0.3,0.5,0.2,1.0,0.4,0.3,0.3,0.3,25.0,53.0,12.0,18.0,66.0,20.0,5.0,44.0,15.0,72.0,58.0,24.0,83.0,26.0,8.0,12.0,9.0,48.0,75.0,49.0,8.0,20.0,5.0,16.0,38.0,67.0,52.0,51.0,53.0,32.0,19.0,62.0,37.0,61.0,59.0,47.0,67.0,43.0,44.0,35.0,45.0,53.0,62.0,49.0,40.0,19.0,29.0,9.0,11.0,2.0,4.0,10.0,5.0,1.0,8.0
2019-09-23 09:00:00,10.0,5.0,14.0,8.0,5.0,8.0,5.0,13.0,11.0,7.0,26.0,9.0,10.0,29.0,22.0,28.0,18.0,11.0,15.0,20.0,18.0,14.0,15.0,179.0,227.0,130.0,136.0,201.0,101.0,91.0,153.0,159.0,269.0,230.0,144.0,223.0,160.0,107.0,111.0,146.0,166.0,160.0,131.0,101.0,39.0,112.0,63.0,1.01,3.06,3.12,1.25,1.5,1.6,4.53,1.19,1.23,2.67,5.25,3.96,2.68,6.86,7.6,3.3,3.2,0.8,3.8,1.5,1.1,0.4,0.5,0.2,0.8,0.4,1.93,1.37,1.75,1.7,1.3,1.53,0.22,0.07,0.22,0.5,0.8,0.4,0.5,0.2,0.9,0.7,0.5,0.3,0.4,85.0,101.0,46.0,51.0,93.0,42.0,40.0,57.0,68.0,131.0,104.0,60.0,98.0,70.0,36.0,47.0,56.0,71.0,66.0,54.0,32.0,15.0,42.0,40.0,50.0,72.0,60.0,58.0,58.0,36.0,30.0,65.0,55.0,69.0,71.0,52.0,72.0,52.0,51.0,39.0,60.0,56.0,59.0,48.0,52.0,16.0,48.0,1.0,15.0,7.0,11.0,12.0,6.0,6.0,13.0
2019-09-23 10:00:00,12.0,5.0,15.0,9.0,5.0,9.0,4.0,13.0,11.0,7.0,33.0,12.0,9.0,38.0,20.0,30.0,31.0,16.0,21.0,16.0,19.0,15.0,10.0,222.0,189.0,95.0,84.0,220.0,118.0,51.0,146.0,239.0,179.0,183.0,104.0,223.0,206.0,126.0,133.0,110.0,156.0,108.0,200.0,92.0,25.0,63.0,30.0,4.78,5.58,4.18,4.4,4.58,6.23,2.79,6.51,1.64,7.26,8.03,12.56,15.33,19.51,9.2,4.0,4.0,0.9,5.2,1.4,1.3,0.5,0.6,0.2,1.1,0.5,1.95,1.34,1.68,1.72,1.28,1.49,0.23,0.06,0.19,0.7,0.6,0.3,0.5,0.2,1.1,0.5,0.5,0.5,0.4,110.0,77.0,29.0,25.0,102.0,50.0,23.0,59.0,116.0,78.0,77.0,39.0,97.0,97.0,48.0,59.0,39.0,66.0,40.0,93.0,32.0,9.0,19.0,18.0,53.0,70.0,50.0,46.0,64.0,41.0,15.0,55.0,61.0,60.0,64.0,45.0,74.0,58.0,53.0,42.0,49.0,54.0,46.0,58.0,44.0,11.0,34.0,3.0,22.0,4.0,6.0,22.0,8.0,8.0,11.0
2019-09-23 11:00:00,11.0,5.0,14.0,10.0,6.0,8.0,4.0,12.0,10.0,7.0,26.0,18.0,16.0,30.0,28.0,31.0,42.0,14.0,16.0,15.0,34.0,14.0,12.0,214.0,133.0,86.0,83.0,220.0,183.0,132.0,107.0,237.0,134.0,172.0,81.0,181.0,166.0,74.0,115.0,75.0,120.0,87.0,217.0,36.0,29.0,63.0,21.0,12.04,6.92,6.03,5.36,9.16,13.56,3.92,14.24,5.4,14.85,12.21,25.92,20.48,31.5,20.4,3.3,6.2,2.3,3.7,1.1,1.4,0.4,0.8,0.4,0.7,0.3,1.89,1.46,1.66,1.66,1.34,1.47,0.23,0.13,0.19,0.8,0.5,0.3,0.8,0.4,1.1,0.4,0.4,0.5,0.3,99.0,47.0,27.0,22.0,98.0,82.0,57.0,38.0,108.0,52.0,69.0,27.0,72.0,66.0,22.0,38.0,25.0,44.0,29.0,94.0,9.0,7.0,20.0,9.0,62.0,62.0,45.0,48.0,71.0,58.0,45.0,50.0,70.0,54.0,66.0,39.0,71.0,65.0,41.0,57.0,37.0,53.0,42.0,73.0,22.0,18.0,33.0,7.0,13.0,10.0,14.0,31.0,6.0,6.0,20.0
2019-09-23 12:00:00,9.0,5.0,12.0,11.0,6.0,8.0,4.0,10.0,10.0,6.0,28.0,25.0,23.0,30.0,34.0,38.0,37.0,13.0,17.0,38.0,33.0,12.0,7.0,172.0,132.0,86.0,86.0,143.0,156.0,162.0,81.0,178.0,106.0,138.0,57.0,144.0,148.0,91.0,107.0,66.0,112.0,76.0,206.0,40.0,54.0,65.0,14.0,15.68,8.26,12.28,11.53,14.09,23.2,9.69,24.25,8.67,17.34,16.43,32.79,27.26,42.16,14.7,3.1,8.0,7.6,4.6,1.2,1.1,0.3,0.9,1.1,0.7,0.3,1.82,1.53,1.69,1.62,1.37,1.51,0.2,0.16,0.18,0.7,0.5,0.3,0.7,0.5,0.9,0.3,0.3,0.4,0.3,69.0,44.0,25.0,25.0,54.0,61.0,62.0,27.0,70.0,37.0,51.0,16.0,53.0,54.0,29.0,31.0,21.0,40.0,27.0,85.0,11.0,13.0,20.0,4.0,66.0,64.0,48.0,48.0,60.0,62.0,66.0,39.0,70.0,50.0,60.0,31.0,63.0,66.0,47.0,58.0,34.0,51.0,34.0,77.0,23.0,33.0,34.0,8.0,14.0,11.0,18.0,28.0,5.0,7.0,20.0
2019-09-23 13:00:00,8.0,5.0,10.0,12.0,6.0,6.0,4.0,9.0,10.0,6.0,24.0,19.0,27.0,39.0,27.0,32.0,26.0,23.0,20.0,48.0,31.0,15.0,13.0,110.0,135.0,130.0,81.0,75.0,97.0,117.0,133.0,118.0,103.0,122.0,87.0,117.0,87.0,110.0,100.0,107.0,58.0,89.0,125.0,71.0,50.0,65.0,15.0,19.73,12.06,28.67,23.95,23.89,21.49,19.77,24.87,12.64,34.55,29.52,45.0,29.8,33.06,7.0,4.0,5.4,7.1,4.3,1.8,1.0,0.4,0.7,0.9,0.6,0.2,1.87,1.55,1.73,1.69,1.44,1.51,0.18,0.11,0.22,0.4,0.4,0.3,0.5,0.3,0.7,0.6,0.4,0.2,0.3,36.0,46.0,40.0,22.0,21.0,31.0,39.0,51.0,40.0,32.0,40.0,26.0,42.0,24.0,36.0,28.0,34.0,14.0,30.0,44.0,20.0,11.0,19.0,1.0,54.0,65.0,69.0,48.0,43.0,49.0,57.0,55.0,58.0,54.0,61.0,47.0,53.0,51.0,55.0,57.0,54.0,37.0,42.0,58.0,41.0,34.0,36.0,14.0,11.0,13.0,14.0,16.0,14.0,9.0,20.0
2019-09-23 14:00:00,7.0,4.0,9.0,11.0,5.0,5.0,4.0,9.0,9.0,6.0,30.0,16.0,28.0,31.0,27.0,18.0,16.0,21.0,18.0,48.0,20.0,13.0,14.0,64.0,33.0,112.0,65.0,47.0,55.0,73.0,70.0,63.0,54.0,80.0,70.0,64.0,43.0,69.0,38.0,99.0,23.0,49.0,72.0,81.0,71.0,52.0,15.0,40.67,18.21,45.14,41.04,37.66,40.97,38.2,35.58,44.13,50.05,47.05,43.22,42.05,40.72,4.2,4.3,3.2,4.0,3.2,2.0,0.7,0.4,0.3,0.4,0.5,0.2,2.28,1.79,1.74,2.2,1.71,1.55,0.09,0.08,0.19,0.3,0.3,0.3,0.4,0.2,0.6,0.2,0.3,0.2,0.4,17.0,8.0,34.0,16.0,11.0,14.0,20.0,20.0,15.0,15.0,22.0,19.0,19.0,7.0,19.0,5.0,33.0,1.0,13.0,21.0,22.0,16.0,13.0,1.0,38.0,21.0,61.0,40.0,29.0,34.0,43.0,40.0,39.0,32.0,46.0,41.0,35.0,32.0,40.0,31.0,49.0,21.0,29.0,40.0,47.0,46.0,31.0,14.0,19.0,17.0,15.0,7.0,11.0,6.0,11.0
2019-09-23 15:00:00,6.0,5.0,7.0,11.0,5.0,3.0,4.0,8.0,9.0,5.0,21.0,14.0,17.0,30.0,25.0,8.0,31.0,19.0,22.0,34.0,23.0,13.0,18.0,29.0,54.0,88.0,47.0,23.0,18.0,16.0,40.0,31.0,42.0,54.0,49.0,62.0,19.0,49.0,20.0,72.0,20.0,32.0,47.0,59.0,62.0,34.0,15.0,56.66,25.43,67.39,70.12,71.68,56.42,57.15,50.53,63.77,63.67,70.59,51.87,56.26,48.6,3.6,3.9,2.6,4.3,2.7,1.1,0.6,0.4,0.2,0.3,0.4,0.2,1.77,1.25,1.7,1.66,1.19,1.52,0.11,0.05,0.18,0.3,0.3,0.2,0.3,0.2,0.6,0.2,0.3,0.2,0.3,6.0,13.0,25.0,9.0,5.0,3.0,3.0,8.0,6.0,10.0,14.0,12.0,20.0,2.0,12.0,2.0,21.0,1.0,7.0,14.0,14.0,14.0,7.0,1.0,19.0,34.0,50.0,33.0,15.0,13.0,11.0,27.0,21.0,26.0,32.0,32.0,31.0,16.0,31.0,17.0,39.0,19.0,21.0,25.0,38.0,40.0,23.0,14.0,13.0,9.0,15.0,24.0,10.0,10.0,15.0
2019-09-23 16:00:00,6.0,5.0,7.0,11.0,5.0,3.0,3.0,8.0,9.0,4.0,17.0,11.0,13.0,18.0,14.0,3.0,25.0,14.0,21.0,34.0,17.0,9.0,5.0,24.0,35.0,49.0,27.0,19.0,16.0,10.0,31.0,19.0,31.0,32.0,19.0,30.0,12.0,32.0,8.0,45.0,18.0,27.0,34.0,28.0,13.0,21.0,19.0,74.12,41.18,74.99,77.95,83.36,68.03,74.88,78.66,82.83,75.14,78.74,84.57,73.93,78.77,2.7,3.9,0.8,0.5,2.4,1.2,0.5,0.4,0.1,0.1,0.4,0.1,1.65,1.23,1.56,1.51,1.19,1.38,0.14,0.05,0.17,0.2,0.3,0.2,0.3,0.2,0.6,0.2,0.2,0.1,0.3,5.0,7.0,11.0,3.0,4.0,3.0,2.0,5.0,3.0,6.0,8.0,4.0,6.0,1.0,6.0,1.0,13.0,1.0,6.0,8.0,5.0,1.0,4.0,1.0,16.0,23.0,32.0,23.0,13.0,12.0,7.0,23.0,14.0,21.0,20.0,14.0,20.0,10.0,23.0,7.0,25.0,17.0,19.0,22.0,20.0,11.0,15.0,18.0,11.0,8.0,7.0,20.0,9.0,11.0,11.0
2019-09-23 17:00:00,6.0,5.0,6.0,10.0,5.0,4.0,3.0,9.0,8.0,4.0,26.0,6.0,14.0,21.0,12.0,7.0,12.0,13.0,17.0,24.0,18.0,7.0,3.0,22.0,44.0,62.0,30.0,24.0,14.0,9.0,24.0,19.0,34.0,28.0,19.0,37.0,11.0,26.0,9.0,47.0,16.0,22.0,45.0,22.0,10.0,16.0,17.0,74.61,46.58,77.75,84.28,88.34,81.69,80.38,84.1,88.42,84.32,80.44,89.41,83.79,90.61,2.1,2.0,1.0,0.3,1.8,1.1,0.5,0.2,0.2,0.1,0.3,0.2,1.65,1.23,1.55,1.48,1.18,1.38,0.17,0.05,0.17,0.3,0.3,0.2,0.3,0.2,0.6,0.2,0.2,0.1,0.3,4.0,9.0,15.0,3.0,5.0,2.0,1.0,3.0,3.0,7.0,6.0,3.0,7.0,1.0,4.0,1.0,12.0,1.0,4.0,11.0,3.0,1.0,2.0,1.0,17.0,31.0,39.0,25.0,16.0,11.0,7.0,20.0,15.0,24.0,19.0,14.0,26.0,10.0,20.0,7.0,28.0,14.0,17.0,28.0,18.0,8.0,12.0,16.0,10.0,9.0,6.0,10.0,10.0,9.0,10.0
2019-09-23 18:00:00,6.0,5.0,6.0,9.0,5.0,4.0,3.0,9.0,8.0,4.0,12.0,6.0,11.0,20.0,16.0,13.0,24.0,6.0,15.0,22.0,18.0,8.0,5.0,20.0,57.0,48.0,25.0,23.0,20.0,10.0,27.0,22.0,45.0,35.0,23.0,30.0,12.0,30.0,10.0,45.0,17.0,24.0,57.0,27.0,9.0,17.0,19.0,70.13,51.43,78.44,80.94,88.99,83.35,80.31,80.72,72.35,85.09,74.57,91.91,85.92,94.64,2.3,2.6,1.1,0.4,1.5,1.2,0.5,0.2,0.1,0.1,0.3,0.2,1.64,1.23,1.55,1.47,1.18,1.38,0.17,0.05,0.17,0.2,0.3,0.2,0.3,0.2,0.6,0.2,0.2,0.2,0.3,3.0,12.0,9.0,2.0,4.0,3.0,1.0,3.0,3.0,10.0,8.0,3.0,5.0,1.0,4.0,1.0,10.0,1.0,4.0,13.0,4.0,1.0,2.0,1.0,16.0,39.0,34.0,23.0,17.0,16.0,8.0,22.0,17.0,30.0,22.0,18.0,22.0,11.0,24.0,8.0,30.0,15.0,18.0,37.0,21.0,7.0,14.0,18.0,6.0,6.0,7.0,20.0,3.0,8.0,12.0
2019-09-23 19:00:00,6.0,5.0,6.0,8.0,5.0,4.0,3.0,9.0,8.0,3.0,8.0,6.0,12.0,13.0,9.0,11.0,16.0,15.0,10.0,15.0,12.0,8.0,6.0,25.0,58.0,57.0,33.0,33.0,20.0,11.0,32.0,25.0,43.0,38.0,31.0,33.0,15.0,47.0,10.0,61.0,22.0,30.0,82.0,35.0,12.0,18.0,21.0,66.4,47.14,69.48,77.29,86.32,77.69,77.74,71.81,86.81,80.41,63.23,89.35,84.44,90.44,2.3,2.6,1.5,0.4,1.4,1.3,0.6,0.2,0.2,0.1,0.3,0.3,1.64,1.24,1.55,1.47,1.19,1.38,0.16,0.05,0.18,0.3,0.4,0.2,0.3,0.2,0.6,0.2,0.2,0.2,0.3,3.0,11.0,11.0,2.0,5.0,2.0,1.0,3.0,3.0,7.0,7.0,4.0,4.0,1.0,6.0,1.0,13.0,1.0,4.0,20.0,5.0,1.0,2.0,1.0,21.0,41.0,40.0,31.0,25.0,18.0,10.0,27.0,20.0,32.0,28.0,25.0,26.0,13.0,38.0,9.0,41.0,20.0,24.0,52.0,28.0,10.0,16.0,20.0,2.0,7.0,1.0,12.0,10.0,3.0,5.0
2019-09-23 20:00:00,7.0,5.0,7.0,8.0,5.0,5.0,3.0,9.0,8.0,3.0,17.0,6.0,13.0,13.0,9.0,4.0,13.0,19.0,11.0,27.0,21.0,7.0,4.0,37.0,64.0,67.0,43.0,62.0,30.0,21.0,51.0,31.0,53.0,60.0,39.0,46.0,25.0,56.0,15.0,59.0,35.0,48.0,152.0,47.0,20.0,32.0,32.0,55.05,38.12,51.08,63.31,72.84,59.89,52.95,51.26,70.75,65.54,31.16,76.32,67.95,77.36,3.2,3.4,1.9,0.6,1.8,1.0,0.8,0.4,0.3,0.1,0.4,0.2,1.64,1.25,1.59,1.47,1.19,1.39,0.17,0.06,0.2,0.3,0.4,0.2,0.4,0.2,0.6,0.2,0.3,0.3,0.3,2.0,10.0,9.0,1.0,10.0,1.0,1.0,3.0,3.0,7.0,11.0,2.0,5.0,1.0,5.0,1.0,8.0,2.0,4.0,45.0,4.0,1.0,1.0,1.0,34.0,48.0,53.0,42.0,47.0,28.0,19.0,46.0,26.0,43.0,43.0,36.0,39.0,24.0,49.0,13.0,47.0,31.0,42.0,83.0,40.0,18.0,30.0,30.0,8.0,8.0,1.0,8.0,13.0,2.0,14.0
2019-09-23 21:00:00,8.0,4.0,9.0,7.0,4.0,9.0,3.0,9.0,8.0,4.0,10.0,6.0,11.0,9.0,12.0,11.0,20.0,10.0,13.0,17.0,22.0,8.0,6.0,60.0,82.0,98.0,70.0,104.0,49.0,23.0,92.0,49.0,86.0,69.0,59.0,79.0,51.0,74.0,23.0,116.0,83.0,85.0,250.0,66.0,51.0,60.0,59.0,33.43,20.78,21.5,43.87,68.53,22.31,53.53,24.09,53.57,26.18,7.65,32.06,36.73,48.66,3.7,4.0,3.7,0.7,2.2,1.8,0.8,0.5,0.4,0.2,0.5,0.4,1.66,1.25,1.62,1.48,1.19,1.4,0.18,0.06,0.22,0.4,0.4,0.3,0.4,0.2,0.6,0.3,0.4,0.6,0.3,3.0,10.0,13.0,2.0,14.0,1.0,1.0,5.0,3.0,7.0,6.0,2.0,6.0,1.0,6.0,1.0,24.0,9.0,7.0,89.0,5.0,2.0,1.0,1.0,56.0,67.0,78.0,67.0,83.0,47.0,22.0,84.0,45.0,75.0,60.0,57.0,71.0,50.0,64.0,21.0,80.0,69.0,74.0,114.0,58.0,48.0,59.0,58.0,1.0,7.0,4.0,15.0,5.0,4.0,14.0
2019-09-23 22:00:00,8.0,4.0,12.0,7.0,5.0,6.0,4.0,9.0,8.0,5.0,6.0,9.0,11.0,21.0,18.0,14.0,21.0,13.0,13.0,22.0,27.0,10.0,4.0,67.0,99.0,130.0,125.0,195.0,77.0,52.0,98.0,73.0,143.0,129.0,63.0,112.0,81.0,119.0,41.0,143.0,132.0,97.0,395.0,91.0,58.0,126.0,70.0,20.02,6.02,3.26,16.42,39.56,14.56,31.94,20.92,34.3,4.85,3.72,16.47,2.59,39.75,5.1,5.1,4.9,0.7,2.7,2.6,1.1,0.6,0.4,0.2,0.6,0.5,1.69,1.29,1.79,1.49,1.2,1.59,0.2,0.1,0.2,0.4,0.5,0.5,0.5,0.2,0.7,0.5,0.5,1.0,0.4,3.0,13.0,22.0,21.0,56.0,4.0,1.0,3.0,4.0,28.0,25.0,3.0,11.0,1.0,18.0,1.0,29.0,26.0,10.0,170.0,6.0,2.0,23.0,1.0,62.0,79.0,97.0,93.0,110.0,70.0,51.0,93.0,67.0,100.0,91.0,59.0,95.0,79.0,91.0,39.0,99.0,92.0,81.0,135.0,82.0,55.0,91.0,69.0,2.0,5.0,9.0,16.0,7.0,2.0,18.0
2019-09-23 23:00:00,8.0,4.0,12.0,8.0,5.0,6.0,4.0,8.0,9.0,7.0,18.0,14.0,15.0,24.0,18.0,28.0,16.0,21.0,16.0,34.0,37.0,11.0,8.0,99.0,107.0,156.0,167.0,178.0,106.0,83.0,127.0,108.0,122.0,85.0,85.0,180.0,160.0,191.0,50.0,126.0,95.0,110.0,301.0,109.0,56.0,186.0,77.0,11.16,2.66,3.06,1.16,10.36,4.11,9.47,5.98,20.67,7.82,3.71,12.17,0.97,29.85,4.2,8.1,8.3,3.1,3.8,2.8,1.0,1.0,0.7,0.5,0.8,0.6,1.71,1.29,1.89,1.5,1.18,1.67,0.21,0.11,0.21,0.5,0.4,0.6,0.6,0.3,0.8,0.4,0.6,0.8,0.5,10.0,14.0,36.0,42.0,53.0,16.0,2.0,15.0,12.0,19.0,5.0,9.0,48.0,35.0,58.0,1.0,25.0,8.0,18.0,119.0,14.0,2.0,56.0,4.0,83.0,86.0,101.0,103.0,96.0,81.0,80.0,104.0,89.0,93.0,78.0,71.0,107.0,106.0,103.0,49.0,87.0,82.0,82.0,119.0,88.0,52.0,99.0,71.0,5.0,9.0,9.0,10.0,15.0,5.0,25.0
2019-09-24 00:00:00,8.0,5.0,13.0,7.0,5.0,6.0,4.0,8.0,9.0,7.0,20.0,13.0,18.0,21.0,15.0,19.0,27.0,22.0,12.0,30.0,37.0,11.0,11.0,107.0,145.0,172.0,182.0,192.0,68.0,119.0,198.0,103.0,114.0,109.0,108.0,133.0,182.0,151.0,84.0,111.0,74.0,164.0,271.0,101.0,54.0,152.0,52.0,0.99,2.66,2.87,12.3,0.95,1.0,6.31,1.96,3.13,11.09,4.31,8.89,0.85,40.75,5.3,8.8,8.4,2.8,4.2,3.0,1.1,0.9,0.6,0.5,0.8,0.6,1.81,1.36,1.91,1.59,1.2,1.62,0.22,0.15,0.28,0.6,0.5,0.5,0.5,0.3,0.7,0.4,0.7,1.2,0.5,17.0,30.0,46.0,53.0,66.0,5.0,18.0,59.0,13.0,19.0,15.0,25.0,26.0,52.0,37.0,8.0,15.0,2.0,54.0,108.0,10.0,2.0,39.0,1.0,81.0,99.0,101.0,100.0,91.0,60.0,92.0,107.0,83.0,86.0,86.0,69.0,94.0,102.0,94.0,71.0,88.0,72.0,81.0,106.0,86.0,51.0,92.0,50.0,9.0,9.0,7.0,20.0,14.0,3.0,27.0
2019-09-24 01:00:00,9.0,4.0,11.0,7.0,5.0,6.0,4.0,8.0,9.0,8.0,22.0,10.0,18.0,21.0,13.0,15.0,25.0,20.0,11.0,32.0,26.0,12.0,16.0,132.0,123.0,98.0,133.0,128.0,56.0,97.0,224.0,83.0,95.0,61.0,102.0,98.0,202.0,115.0,86.0,72.0,63.0,187.0,166.0,83.0,44.0,121.0,73.0,1.0,2.85,2.82,19.22,1.53,1.0,9.93,26.55,1.15,14.69,3.71,7.75,1.1,22.93,5.9,10.3,5.1,5.0,4.2,4.8,1.0,0.9,0.4,0.7,0.8,0.8,1.93,1.36,1.96,1.71,1.21,1.66,0.22,0.15,0.31,0.6,0.4,0.5,0.5,0.3,0.7,0.3,0.6,0.4,0.5,38.0,21.0,11.0,28.0,33.0,5.0,13.0,79.0,10.0,12.0,2.0,23.0,10.0,69.0,23.0,11.0,10.0,1.0,69.0,51.0,5.0,1.0,23.0,3.0,74.0,91.0,80.0,90.0,78.0,48.0,77.0,103.0,68.0,76.0,58.0,67.0,83.0,97.0,80.0,70.0,57.0,62.0,81.0,88.0,76.0,42.0,86.0,67.0,13.0,9.0,5.0,18.0,12.0,3.0,17.0
2019-09-24 02:00:00,10.0,4.0,10.0,8.0,5.0,7.0,3.0,8.0,9.0,9.0,15.0,6.0,15.0,19.0,13.0,15.0,25.0,13.0,12.0,31.0,19.0,11.0,10.0,153.0,92.0,46.0,122.0,61.0,106.0,76.0,88.0,59.0,74.0,35.0,85.0,94.0,156.0,58.0,72.0,42.0,52.0,134.0,108.0,84.0,35.0,140.0,53.0,2.28,2.84,15.09,0.94,1.95,1.7,22.26,1.94,1.72,17.78,7.36,6.8,0.94,31.24,5.2,4.2,5.7,4.0,3.1,8.3,0.8,0.3,0.6,0.5,0.6,0.7,1.91,1.32,1.93,1.71,1.22,1.67,0.2,0.11,0.26,0.6,0.3,0.4,0.6,0.3,0.6,0.3,0.5,0.3,0.4,56.0,8.0,1.0,25.0,6.0,31.0,7.0,14.0,5.0,4.0,1.0,17.0,11.0,44.0,2.0,4.0,3.0,1.0,41.0,20.0,13.0,1.0,39.0,1.0,67.0,81.0,44.0,84.0,52.0,58.0,65.0,66.0,52.0,68.0,33.0,58.0,77.0,88.0,55.0,65.0,37.0,50.0,71.0,77.0,63.0,33.0,80.0,52.0,7.0,7.0,7.0,17.0,7.0,2.0,12.0
2019-09-24 03:00:00,13.0,4.0,10.0,7.0,4.0,7.0,3.0,8.0,9.0,9.0,16.0,12.0,13.0,22.0,14.0,15.0,26.0,14.0,11.0,31.0,16.0,16.0,17.0,153.0,102.0,56.0,78.0,57.0,50.0,68.0,58.0,109.0,49.0,63.0,44.0,54.0,131.0,80.0,66.0,47.0,30.0,87.0,87.0,149.0,32.0,130.0,31.0,2.47,4.95,10.33,21.27,1.52,7.34,4.53,15.99,1.51,32.99,7.1,4.91,1.09,41.41,5.2,6.8,5.0,2.4,2.5,5.3,0.7,0.3,0.5,0.4,0.6,0.5,2.03,1.33,1.87,1.83,1.22,1.7,0.2,0.11,0.17,0.6,0.3,0.3,0.4,0.3,0.7,0.2,0.3,0.2,0.5,60.0,17.0,2.0,6.0,5.0,7.0,4.0,2.0,25.0,2.0,5.0,3.0,2.0,34.0,7.0,4.0,2.0,1.0,18.0,13.0,43.0,2.0,39.0,1.0,60.0,76.0,53.0,69.0,49.0,39.0,62.0,55.0,71.0,46.0,55.0,40.0,52.0,79.0,70.0,60.0,45.0,28.0,60.0,68.0,83.0,29.0,71.0,30.0,9.0,6.0,9.0,17.0,7.0,3.0,9.0
2019-09-24 04:00:00,10.0,4.0,10.0,7.0,4.0,7.0,3.0,8.0,8.0,10.0,17.0,10.0,11.0,21.0,19.0,16.0,18.0,19.0,18.0,8.0,16.0,13.0,10.0,109.0,73.0,60.0,63.0,33.0,56.0,55.0,52.0,64.0,36.0,44.0,59.0,40.0,83.0,47.0,58.0,66.0,28.0,78.0,86.0,137.0,31.0,53.0,49.0,3.24,5.52,23.58,8.51,1.5,8.27,26.39,1.01,2.43,32.5,8.16,3.64,6.34,21.21,6.2,6.6,3.4,4.6,3.0,3.3,0.6,0.3,0.3,0.4,0.5,0.4,2.13,1.32,1.9,1.94,1.22,1.73,0.19,0.1,0.18,0.5,0.3,0.2,0.4,0.2,0.6,0.2,0.3,0.2,0.4,41.0,4.0,2.0,1.0,2.0,12.0,3.0,1.0,17.0,2.0,1.0,8.0,1.0,8.0,3.0,2.0,8.0,1.0,14.0,15.0,41.0,3.0,4.0,1.0,47.0,67.0,57.0,62.0,30.0,38.0,50.0,50.0,38.0,34.0,42.0,47.0,38.0,70.0,43.0,55.0,54.0,27.0,57.0,63.0,75.0,27.0,47.0,48.0,9.0,5.0,12.0,10.0,11.0,9.0,9.0
2019-09-24 05:00:00,8.0,4.0,10.0,8.0,4.0,7.0,3.0,8.0,9.0,9.0,32.0,8.0,11.0,14.0,11.0,9.0,25.0,12.0,16.0,12.0,14.0,12.0,5.0,83.0,58.0,24.0,49.0,53.0,59.0,38.0,51.0,58.0,37.0,20.0,37.0,88.0,104.0,23.0,45.0,22.0,29.0,78.0,39.0,58.0,28.0,49.0,43.0,12.26,10.21,7.59,0.94,8.42,4.22,19.15,15.89,6.49,28.56,30.04,3.37,5.98,29.58,5.4,4.3,4.7,2.2,2.4,3.0,0.5,0.2,0.3,0.3,0.4,0.3,2.07,1.31,1.83,1.91,1.22,1.64,0.17,0.09,0.2,0.4,0.2,0.2,0.4,0.2,0.6,0.2,0.3,0.1,0.3,29.0,2.0,1.0,1.0,6.0,13.0,2.0,3.0,8.0,2.0,1.0,2.0,14.0,24.0,1.0,1.0,2.0,1.0,21.0,2.0,4.0,4.0,3.0,1.0,38.0,54.0,23.0,47.0,44.0,39.0,36.0,45.0,46.0,33.0,19.0,34.0,67.0,68.0,22.0,43.0,20.0,27.0,46.0,36.0,53.0,23.0,44.0,41.0,12.0,7.0,7.0,20.0,7.0,7.0,8.0
2019-09-24 06:00:00,9.0,4.0,11.0,7.0,4.0,8.0,3.0,8.0,9.0,9.0,30.0,9.0,10.0,15.0,13.0,14.0,26.0,10.0,10.0,27.0,8.0,12.0,4.0,85.0,40.0,21.0,30.0,60.0,58.0,32.0,65.0,39.0,44.0,27.0,29.0,82.0,124.0,26.0,28.0,35.0,46.0,90.0,56.0,40.0,28.0,49.0,33.0,26.06,18.79,4.96,1.0,5.51,2.66,28.89,22.69,22.38,14.97,10.43,2.84,6.32,36.39,3.6,2.4,5.0,1.8,1.8,3.0,0.4,0.2,0.4,0.2,0.4,0.3,1.79,1.3,1.84,1.65,1.21,1.68,0.14,0.09,0.16,0.3,0.2,0.2,0.4,0.2,0.6,0.2,0.3,0.2,0.3,33.0,2.0,1.0,1.0,7.0,14.0,2.0,10.0,4.0,3.0,1.0,1.0,10.0,38.0,1.0,1.0,7.0,2.0,25.0,9.0,1.0,5.0,3.0,1.0,35.0,36.0,19.0,29.0,48.0,36.0,30.0,50.0,33.0,40.0,25.0,27.0,67.0,66.0,25.0,27.0,25.0,42.0,52.0,41.0,39.0,20.0,44.0,32.0,8.0,6.0,9.0,20.0,6.0,2.0,4.0
2019-09-24 07:00:00,9.0,4.0,12.0,8.0,4.0,7.0,3.0,8.0,10.0,8.0,12.0,7.0,9.0,16.0,10.0,21.0,25.0,13.0,15.0,6.0,13.0,14.0,8.0,105.0,77.0,41.0,66.0,139.0,59.0,33.0,100.0,35.0,65.0,23.0,46.0,117.0,116.0,39.0,32.0,89.0,52.0,79.0,122.0,40.0,36.0,27.0,34.0,9.58,6.94,2.93,1.0,3.89,0.92,29.32,10.79,15.85,10.17,4.6,3.02,15.32,35.03,2.7,2.9,4.8,1.4,1.4,2.4,0.4,0.2,0.3,0.2,0.4,0.2,1.91,1.31,1.87,1.77,1.22,1.7,0.14,0.09,0.16,0.4,0.3,0.2,0.4,0.2,0.6,0.3,0.3,0.3,0.3,47.0,15.0,3.0,8.0,53.0,18.0,2.0,28.0,3.0,9.0,1.0,10.0,30.0,43.0,3.0,1.0,28.0,2.0,19.0,46.0,2.0,11.0,1.0,2.0,32.0,55.0,37.0,54.0,58.0,32.0,29.0,57.0,30.0,52.0,21.0,31.0,71.0,51.0,35.0,30.0,46.0,50.0,51.0,52.0,36.0,19.0,26.0,30.0,2.0,5.0,6.0,19.0,8.0,7.0,8.0
2019-09-24 08:00:00,11.0,5.0,15.0,9.0,4.0,6.0,4.0,8.0,10.0,9.0,20.0,11.0,9.0,24.0,12.0,22.0,22.0,11.0,19.0,23.0,15.0,12.0,23.0,221.0,146.0,123.0,119.0,220.0,95.0,28.0,134.0,61.0,138.0,79.0,68.0,159.0,166.0,67.0,47.0,133.0,161.0,88.0,209.0,55.0,61.0,35.0,108.0,1.0,2.59,2.9,1.0,4.2,0.98,23.83,3.64,3.45,1.45,4.63,2.62,10.29,9.16,4.1,2.6,4.3,1.3,1.3,2.1,0.7,0.2,0.5,0.2,0.4,0.3,1.87,1.31,1.75,1.7,1.23,1.6,0.17,0.07,0.16,0.7,0.4,0.3,0.6,0.2,0.6,0.4,0.4,0.4,0.3,114.0,47.0,34.0,40.0,101.0,40.0,2.0,46.0,13.0,49.0,18.0,16.0,53.0,74.0,10.0,3.0,44.0,60.0,28.0,97.0,7.0,27.0,2.0,34.0,47.0,74.0,72.0,58.0,65.0,34.0,25.0,63.0,42.0,63.0,51.0,43.0,77.0,53.0,52.0,42.0,66.0,69.0,45.0,60.0,44.0,19.0,31.0,55.0,15.0,5.0,7.0,16.0,6.0,8.0,10.0
2019-09-24 09:00:00,15.0,6.0,17.0,11.0,5.0,8.0,5.0,9.0,13.0,9.0,29.0,18.0,12.0,31.0,18.0,39.0,23.0,18.0,26.0,48.0,33.0,19.0,21.0,376.0,333.0,260.0,187.0,258.0,196.0,49.0,178.0,216.0,319.0,146.0,261.0,269.0,461.0,148.0,119.0,209.0,152.0,186.0,468.0,131.0,52.0,112.0,185.0,0.96,2.5,2.86,1.0,3.65,1.31,2.6,1.17,1.23,5.42,4.73,2.93,2.42,4.28,7.3,7.6,7.3,1.2,2.0,2.2,1.4,1.0,1.0,0.2,0.5,0.3,2.23,1.31,1.83,1.98,1.23,1.64,0.26,0.08,0.2,0.9,0.8,0.5,0.8,0.2,0.8,0.8,1.0,0.8,0.5,205.0,154.0,100.0,77.0,124.0,101.0,16.0,74.0,89.0,149.0,44.0,130.0,121.0,234.0,48.0,45.0,78.0,54.0,87.0,240.0,48.0,24.0,42.0,82.0,61.0,96.0,106.0,69.0,68.0,42.0,24.0,65.0,78.0,90.0,78.0,61.0,84.0,101.0,75.0,50.0,89.0,69.0,52.0,99.0,57.0,15.0,48.0,60.0,18.0,9.0,8.0,13.0,10.0,12.0,22.0
2019-09-24 10:00:00,15.0,6.0,17.0,11.0,6.0,9.0,4.0,10.0,13.0,11.0,31.0,21.0,16.0,47.0,26.0,55.0,37.0,21.0,32.0,32.0,40.0,22.0,13.0,378.0,291.0,165.0,224.0,269.0,181.0,131.0,154.0,254.0,182.0,184.0,259.0,217.0,301.0,171.0,205.0,192.0,89.0,150.0,290.0,260.0,25.0,105.0,184.0,3.14,3.44,4.99,1.55,3.15,4.81,4.03,3.58,1.55,16.71,6.35,12.56,7.17,11.95,11.5,8.6,7.4,2.1,3.2,3.0,2.2,1.2,1.0,0.4,0.8,0.5,2.29,1.36,1.97,2.02,1.28,1.78,0.27,0.09,0.19,1.1,0.7,0.6,0.7,0.3,0.9,0.5,0.9,0.6,0.7,201.0,128.0,55.0,91.0,124.0,92.0,63.0,62.0,113.0,70.0,66.0,133.0,88.0,140.0,61.0,95.0,74.0,22.0,63.0,142.0,117.0,9.0,42.0,77.0,69.0,95.0,81.0,84.0,79.0,41.0,34.0,60.0,80.0,74.0,82.0,55.0,83.0,86.0,76.0,59.0,79.0,56.0,54.0,72.0,80.0,11.0,41.0,65.0,8.0,11.0,14.0,24.0,10.0,13.0,25.0
2019-09-24 11:00:00,12.0,6.0,11.0,12.0,6.0,8.0,4.0,9.0,12.0,11.0,35.0,20.0,20.0,38.0,16.0,55.0,47.0,26.0,28.0,48.0,34.0,24.0,17.0,222.0,248.0,125.0,182.0,57.0,186.0,120.0,209.0,183.0,149.0,145.0,76.0,180.0,241.0,144.0,196.0,132.0,83.0,172.0,209.0,163.0,55.0,152.0,80.0,6.4,5.56,33.1,7.35,19.09,8.96,10.15,22.22,2.84,23.52,19.66,22.57,9.65,31.5,8.8,5.4,8.7,4.1,3.4,2.3,1.6,0.5,0.8,0.6,0.8,0.4,2.53,1.42,2.18,2.28,1.3,1.96,0.25,0.12,0.22,0.7,0.6,0.5,0.7,0.3,0.8,0.4,0.4,0.4,0.6,96.0,102.0,36.0,65.0,13.0,84.0,46.0,87.0,70.0,50.0,50.0,25.0,68.0,102.0,50.0,77.0,49.0,22.0,72.0,88.0,66.0,16.0,64.0,23.0,74.0,93.0,69.0,82.0,38.0,57.0,49.0,76.0,76.0,72.0,68.0,37.0,76.0,84.0,67.0,78.0,58.0,49.0,62.0,73.0,61.0,30.0,54.0,44.0,17.0,11.0,4.0,28.0,14.0,14.0,21.0
2019-09-24 12:00:00,9.0,5.0,11.0,10.0,5.0,7.0,4.0,8.0,10.0,9.0,51.0,18.0,18.0,32.0,22.0,26.0,52.0,30.0,20.0,55.0,24.0,17.0,17.0,115.0,124.0,157.0,113.0,42.0,56.0,24.0,176.0,112.0,73.0,122.0,61.0,72.0,48.0,155.0,65.0,117.0,57.0,135.0,56.0,72.0,78.0,129.0,69.0,29.23,11.78,47.85,36.96,56.07,19.35,23.35,35.39,33.17,36.94,52.07,24.78,21.78,35.57,8.0,6.9,6.0,4.4,4.2,2.9,1.3,0.6,0.4,0.4,0.8,0.6,2.28,1.26,2.19,2.1,1.2,1.97,0.19,0.06,0.22,0.4,0.4,0.3,0.4,0.2,0.7,0.2,0.3,0.2,0.4,39.0,40.0,51.0,35.0,10.0,15.0,5.0,65.0,37.0,18.0,40.0,20.0,19.0,10.0,55.0,15.0,40.0,12.0,49.0,15.0,18.0,23.0,46.0,18.0,55.0,62.0,79.0,60.0,27.0,34.0,17.0,77.0,56.0,44.0,62.0,31.0,44.0,32.0,70.0,43.0,56.0,40.0,59.0,33.0,43.0,42.0,59.0,41.0,35.0,10.0,8.0,30.0,15.0,5.0,14.0
2019-09-24 13:00:00,7.0,5.0,9.0,13.0,5.0,6.0,4.0,7.0,9.0,8.0,13.0,11.0,16.0,24.0,18.0,20.0,16.0,18.0,21.0,44.0,19.0,14.0,10.0,49.0,74.0,73.0,46.0,38.0,30.0,15.0,53.0,57.0,35.0,51.0,87.0,40.0,17.0,54.0,20.0,81.0,19.0,33.0,40.0,40.0,16.0,43.0,25.0,52.36,25.3,64.54,61.28,71.09,53.52,49.43,61.5,65.07,71.48,70.65,71.86,50.89,65.32,4.3,6.2,2.2,0.8,3.8,2.7,0.8,0.4,0.2,0.1,0.6,0.4,1.72,1.25,1.59,1.57,1.19,1.44,0.15,0.06,0.15,0.3,0.3,0.2,0.4,0.2,0.6,0.2,0.2,0.1,0.3,13.0,21.0,17.0,8.0,10.0,7.0,3.0,11.0,14.0,7.0,13.0,26.0,8.0,1.0,13.0,2.0,25.0,1.0,7.0,10.0,9.0,2.0,9.0,3.0,29.0,43.0,46.0,33.0,22.0,20.0,11.0,35.0,36.0,24.0,32.0,47.0,27.0,15.0,34.0,17.0,42.0,18.0,23.0,25.0,26.0,13.0,28.0,21.0,2.0,9.0,8.0,10.0,5.0,7.0,13.0
2019-09-24 14:00:00,6.0,5.0,7.0,13.0,5.0,5.0,4.0,7.0,9.0,6.0,17.0,13.0,16.0,17.0,11.0,12.0,19.0,14.0,21.0,33.0,13.0,11.0,9.0,45.0,60.0,48.0,33.0,24.0,35.0,14.0,35.0,28.0,36.0,41.0,70.0,42.0,12.0,41.0,11.0,67.0,15.0,29.0,36.0,42.0,13.0,25.0,22.0,70.8,44.7,76.07,76.66,82.7,72.89,72.89,74.48,86.25,84.85,82.01,84.12,73.96,81.77,3.2,3.4,1.8,0.5,2.6,1.6,0.7,0.2,0.2,0.1,0.4,0.2,1.57,1.24,1.57,1.48,1.17,1.42,0.09,0.07,0.15,0.3,0.3,0.2,0.4,0.2,0.6,0.2,0.3,0.2,0.3,12.0,15.0,9.0,4.0,5.0,11.0,2.0,6.0,5.0,8.0,9.0,19.0,10.0,1.0,8.0,1.0,19.0,1.0,6.0,8.0,8.0,2.0,4.0,1.0,27.0,37.0,34.0,26.0,16.0,19.0,10.0,26.0,20.0,24.0,27.0,41.0,27.0,11.0,29.0,10.0,38.0,14.0,20.0,24.0,29.0,11.0,18.0,20.0,7.0,10.0,2.0,14.0,6.0,9.0,7.0
2019-09-24 15:00:00,6.0,5.0,7.0,13.0,5.0,3.0,4.0,7.0,9.0,6.0,11.0,10.0,9.0,14.0,21.0,9.0,25.0,13.0,22.0,25.0,13.0,8.0,4.0,23.0,60.0,48.0,27.0,22.0,18.0,12.0,28.0,26.0,35.0,35.0,49.0,33.0,12.0,49.0,10.0,78.0,15.0,28.0,50.0,28.0,12.0,20.0,19.0,74.8,51.37,77.44,81.37,87.84,83.66,81.8,85.7,89.65,83.72,80.7,89.87,84.34,96.31,3.0,3.7,1.4,0.5,2.1,1.5,0.7,0.3,0.2,0.1,0.2,0.3,1.6,1.24,1.55,1.47,1.17,1.41,0.14,0.07,0.14,0.2,0.4,0.2,0.3,0.2,0.6,0.2,0.3,0.2,0.3,4.0,15.0,9.0,2.0,4.0,3.0,2.0,4.0,5.0,8.0,8.0,12.0,8.0,1.0,12.0,1.0,24.0,1.0,5.0,14.0,5.0,2.0,3.0,1.0,16.0,37.0,35.0,23.0,15.0,13.0,9.0,22.0,19.0,24.0,23.0,32.0,22.0,11.0,31.0,9.0,42.0,13.0,20.0,29.0,21.0,10.0,15.0,17.0,6.0,4.0,11.0,21.0,5.0,11.0,8.0
2019-09-24 16:00:00,11.0,5.0,5.0,13.0,5.0,1.0,3.0,9.0,9.0,5.0,12.0,7.0,5.0,19.0,14.0,4.0,22.0,9.0,11.0,26.0,15.0,8.0,7.0,25.0,49.0,46.0,27.0,20.0,20.0,9.0,27.0,16.0,28.0,31.0,23.0,25.0,11.0,29.0,9.0,45.0,16.0,24.0,36.0,24.0,10.0,16.0,18.0,73.4,51.14,73.45,76.09,86.94,83.48,82.49,85.02,87.11,81.87,78.6,91.25,86.95,96.38,3.1,2.6,1.3,0.3,1.9,1.3,0.7,0.2,0.2,0.1,0.3,0.2,1.69,1.22,1.54,1.47,1.15,1.41,0.23,0.07,0.13,0.2,0.3,0.2,0.3,0.1,0.5,0.2,0.2,0.1,0.3,4.0,12.0,10.0,3.0,4.0,4.0,1.0,4.0,2.0,6.0,7.0,3.0,5.0,1.0,5.0,1.0,11.0,1.0,5.0,8.0,4.0,1.0,3.0,1.0,19.0,32.0,31.0,22.0,14.0,15.0,7.0,21.0,13.0,19.0,21.0,17.0,18.0,10.0,21.0,7.0,28.0,14.0,17.0,23.0,18.0,9.0,12.0,17.0,5.0,1.0,7.0,18.0,3.0,2.0,9.0
2019-09-24 17:00:00,8.0,5.0,4.0,12.0,5.0,1.0,3.0,9.0,8.0,5.0,21.0,10.0,4.0,13.0,20.0,12.0,15.0,16.0,15.0,26.0,20.0,8.0,4.0,21.0,54.0,54.0,27.0,23.0,17.0,8.0,27.0,20.0,25.0,30.0,23.0,21.0,11.0,40.0,8.0,55.0,14.0,23.0,36.0,29.0,8.0,16.0,16.0,64.63,46.37,67.1,70.34,79.95,75.86,73.75,77.26,78.29,73.33,71.27,86.25,79.25,90.98,6.3,2.6,1.3,0.4,1.8,1.2,0.7,0.2,0.2,0.1,0.3,0.1,1.75,1.22,1.52,1.46,1.15,1.39,0.29,0.07,0.14,0.3,0.3,0.2,0.3,0.1,0.5,0.1,0.2,0.1,0.2,4.0,13.0,12.0,3.0,6.0,3.0,1.0,4.0,3.0,5.0,7.0,4.0,4.0,1.0,8.0,1.0,15.0,1.0,4.0,9.0,5.0,1.0,3.0,1.0,16.0,33.0,35.0,22.0,14.0,12.0,6.0,20.0,14.0,16.0,19.0,17.0,15.0,10.0,28.0,7.0,32.0,12.0,16.0,22.0,21.0,6.0,12.0,14.0,4.0,1.0,12.0,10.0,9.0,7.0,12.0
2019-09-24 18:00:00,6.0,5.0,4.0,12.0,5.0,1.0,3.0,10.0,8.0,5.0,28.0,9.0,11.0,15.0,23.0,34.0,22.0,18.0,25.0,28.0,25.0,6.0,8.0,23.0,72.0,61.0,29.0,27.0,25.0,6.0,24.0,20.0,37.0,31.0,34.0,27.0,13.0,45.0,12.0,66.0,13.0,27.0,49.0,30.0,7.0,16.0,19.0,51.91,40.02,53.39,58.76,74.05,68.23,65.24,63.83,68.89,65.25,62.18,80.24,70.01,81.73,6.8,3.5,2.1,0.2,2.0,1.4,0.6,0.3,0.2,0.1,0.3,0.2,1.72,1.21,1.53,1.46,1.16,1.39,0.26,0.06,0.14,0.3,0.3,0.2,0.3,0.1,0.5,0.2,0.2,0.2,0.2,4.0,20.0,15.0,4.0,6.0,5.0,1.0,4.0,3.0,10.0,7.0,6.0,6.0,1.0,10.0,1.0,20.0,1.0,6.0,14.0,6.0,1.0,3.0,1.0,17.0,42.0,38.0,24.0,17.0,17.0,5.0,19.0,15.0,23.0,20.0,25.0,17.0,12.0,31.0,10.0,35.0,11.0,18.0,27.0,21.0,6.0,12.0,17.0,3.0,4.0,14.0,16.0,9.0,15.0,18.0
2019-09-24 19:00:00,6.0,5.0,4.0,11.0,5.0,2.0,3.0,10.0,8.0,4.0,11.0,7.0,14.0,21.0,22.0,23.0,26.0,20.0,20.0,35.0,25.0,11.0,24.0,28.0,90.0,29.0,33.0,30.0,22.0,5.0,31.0,20.0,43.0,34.0,32.0,24.0,16.0,43.0,16.0,98.0,14.0,30.0,60.0,29.0,6.0,22.0,22.0,37.66,31.14,50.71,52.97,68.69,56.87,58.4,56.08,57.0,59.3,53.76,75.1,58.91,71.05,6.2,1.7,2.4,0.1,2.0,1.6,0.7,0.1,0.2,0.1,0.3,0.3,1.69,1.21,1.51,1.46,1.16,1.41,0.23,0.05,0.1,0.3,0.4,0.2,0.3,0.1,0.6,0.2,0.2,0.1,0.2,4.0,25.0,5.0,3.0,7.0,4.0,1.0,5.0,2.0,7.0,8.0,5.0,5.0,1.0,8.0,1.0,35.0,1.0,6.0,17.0,5.0,1.0,3.0,2.0,21.0,51.0,22.0,28.0,20.0,16.0,4.0,24.0,16.0,32.0,22.0,24.0,16.0,14.0,31.0,14.0,44.0,12.0,22.0,34.0,21.0,5.0,17.0,19.0,2.0,7.0,11.0,20.0,12.0,9.0,18.0
2019-09-24 20:00:00,6.0,5.0,6.0,11.0,5.0,6.0,4.0,10.0,8.0,5.0,19.0,7.0,9.0,17.0,22.0,34.0,16.0,13.0,14.0,41.0,18.0,14.0,24.0,28.0,88.0,36.0,33.0,30.0,25.0,6.0,33.0,22.0,37.0,51.0,47.0,38.0,18.0,49.0,14.0,92.0,15.0,41.0,152.0,37.0,9.0,23.0,29.0,32.57,27.61,44.79,46.53,64.53,47.91,51.96,44.37,55.44,54.42,31.16,66.61,52.78,61.17,5.9,1.5,2.4,0.1,1.8,1.6,0.9,0.1,0.3,0.1,0.4,0.3,1.65,1.18,1.52,1.46,1.14,1.43,0.19,0.04,0.09,0.2,0.4,0.2,0.4,0.1,0.6,0.2,0.3,0.3,0.3,4.0,23.0,5.0,2.0,6.0,3.0,1.0,4.0,2.0,5.0,11.0,7.0,8.0,1.0,8.0,1.0,29.0,1.0,6.0,45.0,5.0,1.0,2.0,1.0,23.0,53.0,28.0,30.0,21.0,20.0,5.0,28.0,19.0,28.0,34.0,37.0,26.0,17.0,37.0,13.0,49.0,13.0,32.0,83.0,30.0,7.0,21.0,27.0,9.0,3.0,13.0,11.0,7.0,4.0,13.0
2019-09-24 21:00:00,6.0,5.0,7.0,10.0,4.0,7.0,4.0,10.0,9.0,5.0,20.0,10.0,9.0,14.0,15.0,22.0,23.0,15.0,7.0,41.0,22.0,13.0,26.0,33.0,107.0,61.0,29.0,30.0,25.0,8.0,26.0,29.0,38.0,50.0,48.0,46.0,20.0,48.0,14.0,88.0,21.0,31.0,101.0,34.0,10.0,25.0,32.0,17.7,28.38,42.39,45.49,62.3,44.19,46.78,28.49,55.44,46.14,39.93,49.08,48.22,43.62,8.2,2.1,2.5,0.1,1.6,1.3,0.8,0.3,0.3,0.1,0.4,0.2,1.67,1.16,1.53,1.48,1.13,1.45,0.2,0.03,0.08,0.3,0.5,0.2,0.3,0.1,0.7,0.2,0.3,0.3,0.2,4.0,26.0,14.0,1.0,6.0,3.0,1.0,2.0,3.0,5.0,11.0,8.0,8.0,1.0,7.0,1.0,28.0,1.0,3.0,34.0,5.0,1.0,1.0,1.0,26.0,68.0,40.0,27.0,21.0,20.0,7.0,23.0,25.0,30.0,33.0,36.0,33.0,18.0,38.0,13.0,45.0,20.0,26.0,49.0,27.0,8.0,23.0,30.0,10.0,5.0,8.0,18.0,9.0,1.0,14.0
2019-09-24 22:00:00,7.0,4.0,8.0,9.0,5.0,5.0,4.0,10.0,9.0,5.0,24.0,10.0,11.0,15.0,23.0,19.0,36.0,10.0,14.0,33.0,27.0,13.0,8.0,41.0,88.0,64.0,35.0,29.0,36.0,52.0,20.0,41.0,39.0,46.0,36.0,48.0,27.0,37.0,25.0,74.0,27.0,21.0,58.0,23.0,9.0,18.0,24.0,10.0,16.0,35.55,25.86,39.56,37.37,23.89,30.62,30.68,36.3,33.83,51.97,40.33,51.73,11.7,4.1,2.3,0.7,1.5,0.8,0.9,0.5,0.3,0.2,0.4,0.1,1.69,1.29,1.51,1.48,1.2,1.44,0.21,0.1,0.07,0.3,0.5,0.2,0.4,0.2,0.7,0.2,0.3,0.2,0.2,6.0,19.0,17.0,3.0,5.0,4.0,1.0,1.0,4.0,5.0,10.0,5.0,7.0,1.0,5.0,1.0,24.0,1.0,2.0,13.0,2.0,1.0,1.0,1.0,32.0,58.0,39.0,31.0,21.0,30.0,51.0,18.0,34.0,31.0,31.0,28.0,37.0,25.0,29.0,23.0,36.0,26.0,18.0,39.0,20.0,7.0,17.0,23.0,14.0,5.0,14.0,33.0,5.0,5.0,18.0
2019-09-24 23:00:00,7.0,4.0,9.0,8.0,4.0,5.0,4.0,10.0,9.0,6.0,25.0,10.0,6.0,11.0,12.0,20.0,46.0,9.0,12.0,24.0,12.0,10.0,6.0,34.0,75.0,44.0,24.0,21.0,25.0,17.0,17.0,38.0,39.0,40.0,35.0,43.0,23.0,36.0,25.0,71.0,23.0,16.0,39.0,19.0,11.0,18.0,26.0,10.55,20.09,38.25,31.02,33.53,41.29,21.62,32.07,24.59,33.58,38.68,51.93,40.75,47.02,11.5,2.0,1.9,0.4,1.4,0.8,0.8,0.3,0.3,0.1,0.4,0.1,1.67,1.16,1.51,1.48,1.12,1.43,0.2,0.04,0.08,0.3,0.5,0.2,0.3,0.1,0.7,0.2,0.3,0.2,0.2,4.0,15.0,10.0,1.0,4.0,3.0,1.0,1.0,4.0,5.0,7.0,6.0,6.0,1.0,4.0,1.0,24.0,1.0,1.0,8.0,2.0,1.0,1.0,1.0,28.0,52.0,29.0,22.0,15.0,20.0,15.0,15.0,32.0,31.0,30.0,26.0,34.0,22.0,30.0,23.0,34.0,21.0,14.0,28.0,17.0,9.0,17.0,25.0,17.0,3.0,7.0,45.0,4.0,3.0,5.0
2019-09-25 00:00:00,8.0,4.0,9.0,8.0,4.0,6.0,4.0,8.0,9.0,6.0,14.0,7.0,9.0,13.0,9.0,12.0,21.0,9.0,13.0,23.0,9.0,9.0,1.0,34.0,61.0,33.0,19.0,18.0,17.0,15.0,17.0,42.0,27.0,27.0,23.0,24.0,18.0,27.0,20.0,42.0,21.0,13.0,19.0,16.0,7.0,12.0,18.0,15.06,22.98,37.27,34.93,35.03,45.03,24.18,40.01,28.02,37.21,44.88,59.88,49.29,58.97,11.3,2.1,1.3,0.3,1.3,0.7,0.7,0.3,0.2,0.1,0.4,0.1,1.65,1.17,1.51,1.47,1.12,1.44,0.18,0.05,0.08,0.3,0.4,0.2,0.3,0.1,0.7,0.2,0.2,0.1,0.2,4.0,10.0,6.0,1.0,3.0,2.0,1.0,1.0,7.0,3.0,3.0,3.0,4.0,1.0,3.0,1.0,13.0,1.0,1.0,2.0,1.0,1.0,1.0,1.0,27.0,46.0,24.0,18.0,14.0,13.0,14.0,15.0,32.0,23.0,23.0,18.0,19.0,17.0,24.0,18.0,22.0,19.0,11.0,16.0,14.0,6.0,11.0,16.0,7.0,6.0,5.0,17.0,4.0,5.0,6.0
2019-09-25 01:00:00,8.0,4.0,9.0,7.0,4.0,5.0,4.0,8.0,9.0,6.0,19.0,8.0,8.0,9.0,10.0,1.0,23.0,7.0,10.0,19.0,9.0,9.0,1.0,26.0,39.0,17.0,12.0,15.0,15.0,10.0,9.0,26.0,18.0,13.0,11.0,21.0,16.0,9.0,14.0,16.0,13.0,5.0,17.0,10.0,4.0,7.0,12.0,32.41,31.42,35.92,33.94,45.95,56.69,33.72,56.54,45.3,43.8,43.15,67.82,61.26,68.75,9.1,2.0,0.9,0.3,1.1,0.5,0.5,0.2,0.1,0.1,0.4,0.1,1.63,1.17,1.5,1.48,1.12,1.41,0.15,0.05,0.08,0.3,0.3,0.2,0.3,0.1,0.6,0.1,0.2,0.1,0.2,3.0,4.0,3.0,1.0,3.0,2.0,1.0,1.0,2.0,2.0,2.0,1.0,2.0,1.0,1.0,1.0,4.0,1.0,1.0,1.0,1.0,1.0,1.0,1.0,20.0,32.0,13.0,11.0,11.0,13.0,9.0,7.0,23.0,14.0,11.0,9.0,17.0,15.0,8.0,12.0,10.0,12.0,4.0,15.0,8.0,3.0,6.0,10.0,12.0,5.0,7.0,19.0,4.0,5.0,7.0
2019-09-25 02:00:00,8.0,4.0,9.0,6.0,4.0,6.0,4.0,8.0,9.0,6.0,4.0,5.0,7.0,9.0,7.0,1.0,16.0,4.0,9.0,22.0,6.0,8.0,1.0,13.0,27.0,11.0,9.0,15.0,12.0,7.0,7.0,22.0,10.0,10.0,7.0,18.0,13.0,9.0,9.0,10.0,14.0,4.0,12.0,11.0,4.0,6.0,10.0,43.01,35.55,33.49,46.15,52.42,60.0,41.64,61.33,53.81,47.34,56.57,69.05,65.91,73.07,5.7,0.8,1.0,0.2,0.7,0.5,0.3,0.1,0.1,0.1,0.2,0.1,1.6,1.17,1.5,1.47,1.11,1.41,0.13,0.06,0.09,0.2,0.2,0.1,0.3,0.1,0.6,0.2,0.2,0.1,0.2,1.0,2.0,1.0,1.0,2.0,1.0,1.0,1.0,2.0,1.0,1.0,1.0,2.0,1.0,1.0,1.0,2.0,1.0,1.0,1.0,1.0,1.0,1.0,1.0,11.0,23.0,9.0,7.0,12.0,10.0,5.0,5.0,20.0,8.0,9.0,5.0,15.0,12.0,7.0,7.0,7.0,12.0,2.0,10.0,9.0,2.0,5.0,8.0,1.0,5.0,5.0,12.0,2.0,3.0,5.0
2019-09-25 03:00:00,8.0,4.0,10.0,7.0,4.0,7.0,4.0,8.0,9.0,6.0,6.0,4.0,5.0,6.0,4.0,1.0,17.0,4.0,12.0,22.0,6.0,7.0,4.0,11.0,20.0,8.0,7.0,11.0,7.0,4.0,6.0,15.0,7.0,7.0,5.0,10.0,9.0,5.0,7.0,14.0,9.0,3.0,8.0,10.0,4.0,5.0,10.0,48.74,41.13,45.89,54.3,60.57,60.03,47.67,63.53,58.36,55.11,62.58,67.37,65.88,70.89,5.2,0.6,0.8,0.2,0.5,1.2,0.2,0.1,0.1,0.1,0.2,0.1,1.58,1.16,1.5,1.46,1.1,1.4,0.12,0.06,0.11,0.2,0.2,0.1,0.3,0.1,0.6,0.1,0.2,0.1,0.2,2.0,1.0,1.0,1.0,2.0,1.0,1.0,1.0,1.0,1.0,1.0,1.0,1.0,1.0,1.0,1.0,3.0,1.0,1.0,1.0,1.0,1.0,1.0,1.0,9.0,18.0,7.0,5.0,9.0,6.0,3.0,4.0,14.0,5.0,5.0,4.0,9.0,7.0,3.0,5.0,9.0,7.0,2.0,7.0,9.0,3.0,4.0,8.0,3.0,3.0,1.0,14.0,2.0,7.0,4.0
2019-09-25 04:00:00,8.0,4.0,10.0,6.0,4.0,7.0,4.0,8.0,9.0,6.0,9.0,8.0,7.0,9.0,5.0,1.0,20.0,3.0,10.0,16.0,6.0,3.0,1.0,9.0,17.0,11.0,7.0,18.0,6.0,4.0,6.0,13.0,7.0,9.0,6.0,6.0,7.0,4.0,7.0,12.0,8.0,4.0,7.0,17.0,5.0,6.0,10.0,51.75,41.37,40.0,57.71,63.0,58.56,53.34,61.89,59.45,60.19,67.03,65.91,64.35,70.86,4.5,0.5,0.7,0.2,0.4,0.7,0.2,0.1,0.1,0.1,0.2,0.1,1.57,1.16,1.5,1.46,1.1,1.4,0.11,0.06,0.1,0.2,0.2,0.1,0.3,0.1,0.6,0.1,0.2,0.1,0.2,1.0,1.0,2.0,1.0,2.0,1.0,1.0,1.0,2.0,1.0,2.0,1.0,1.0,1.0,1.0,1.0,3.0,1.0,1.0,1.0,1.0,1.0,1.0,1.0,7.0,15.0,8.0,5.0,15.0,5.0,2.0,5.0,10.0,5.0,6.0,4.0,5.0,6.0,2.0,5.0,7.0,7.0,3.0,5.0,15.0,3.0,5.0,9.0,10.0,4.0,2.0,16.0,1.0,5.0,4.0
2019-09-25 05:00:00,8.0,4.0,9.0,6.0,4.0,7.0,4.0,8.0,8.0,6.0,8.0,7.0,9.0,12.0,7.0,1.0,18.0,4.0,6.0,15.0,8.0,4.0,1.0,8.0,15.0,7.0,7.0,15.0,6.0,4.0,8.0,15.0,6.0,7.0,6.0,7.0,7.0,3.0,5.0,9.0,9.0,6.0,7.0,17.0,8.0,7.0,10.0,53.82,41.65,45.01,58.63,64.07,56.98,53.46,61.38,60.41,59.61,67.75,59.81,63.5,70.88,4.2,0.5,0.6,0.3,0.4,0.6,0.2,0.1,0.1,0.1,0.2,0.1,1.57,1.17,1.51,1.46,1.1,1.4,0.11,0.07,0.11,0.2,0.2,0.1,0.3,0.1,0.5,0.1,0.2,0.1,0.2,1.0,1.0,1.0,1.0,1.0,1.0,1.0,1.0,2.0,1.0,1.0,1.0,1.0,1.0,1.0,1.0,1.0,1.0,1.0,1.0,1.0,1.0,1.0,1.0,6.0,13.0,6.0,6.0,13.0,4.0,2.0,7.0,12.0,4.0,5.0,5.0,6.0,5.0,2.0,4.0,7.0,7.0,4.0,5.0,15.0,6.0,6.0,8.0,6.0,6.0,4.0,14.0,2.0,1.0,6.0
2019-09-25 06:00:00,8.0,4.0,10.0,6.0,4.0,7.0,4.0,8.0,8.0,6.0,5.0,5.0,9.0,13.0,6.0,1.0,14.0,7.0,7.0,10.0,6.0,3.0,1.0,13.0,21.0,8.0,8.0,11.0,8.0,3.0,14.0,21.0,9.0,8.0,7.0,9.0,7.0,6.0,7.0,14.0,11.0,10.0,8.0,13.0,9.0,9.0,9.0,51.12,42.16,53.47,58.68,66.94,52.55,55.93,63.62,59.14,58.1,68.42,52.06,61.9,74.88,4.9,0.5,0.6,0.2,0.5,0.5,0.3,0.1,0.1,0.1,0.2,0.1,1.57,1.16,1.53,1.46,1.09,1.4,0.11,0.07,0.13,0.2,0.2,0.1,0.3,0.1,0.6,0.1,0.2,0.1,0.2,1.0,2.0,1.0,1.0,1.0,1.0,1.0,1.0,5.0,1.0,1.0,1.0,1.0,1.0,1.0,1.0,3.0,1.0,1.0,1.0,1.0,1.0,1.0,1.0,12.0,18.0,6.0,7.0,9.0,6.0,2.0,13.0,13.0,7.0,7.0,5.0,7.0,6.0,5.0,5.0,9.0,10.0,9.0,7.0,12.0,7.0,8.0,8.0,4.0,4.0,2.0,10.0,5.0,1.0,4.0
2019-09-25 07:00:00,8.0,4.0,9.0,6.0,4.0,7.0,4.0,8.0,8.0,6.0,9.0,5.0,9.0,14.0,7.0,2.0,2.0,2.0,8.0,3.0,6.0,4.0,2.0,16.0,37.0,24.0,20.0,42.0,11.0,5.0,41.0,19.0,16.0,18.0,15.0,25.0,12.0,14.0,7.0,70.0,20.0,20.0,19.0,22.0,24.0,13.0,14.0,45.73,39.0,35.92,59.14,67.54,38.96,53.37,59.39,64.59,52.99,62.4,42.63,62.7,70.11,2.2,0.8,0.6,0.1,0.4,0.8,0.2,0.1,0.1,0.1,0.2,0.1,1.56,1.16,1.52,1.46,1.09,1.39,0.1,0.07,0.14,0.2,0.2,0.2,0.3,0.1,0.6,0.1,0.2,0.1,0.2,2.0,4.0,4.0,2.0,6.0,2.0,1.0,5.0,2.0,2.0,3.0,1.0,5.0,1.0,1.0,1.0,22.0,1.0,2.0,2.0,1.0,2.0,1.0,1.0,13.0,30.0,17.0,17.0,33.0,8.0,3.0,34.0,16.0,12.0,14.0,14.0,18.0,11.0,13.0,5.0,36.0,19.0,18.0,17.0,20.0,21.0,11.0,12.0,6.0,5.0,4.0,1.0,1.0,1.0,3.0
2019-09-25 08:00:00,8.0,4.0,10.0,6.0,4.0,7.0,4.0,8.0,9.0,7.0,4.0,6.0,11.0,12.0,6.0,8.0,11.0,9.0,13.0,9.0,8.0,10.0,11.0,52.0,81.0,63.0,60.0,64.0,22.0,13.0,58.0,51.0,54.0,79.0,46.0,55.0,32.0,41.0,17.0,93.0,35.0,143.0,45.0,66.0,55.0,38.0,48.0,19.6,17.68,23.47,46.18,56.42,26.18,33.2,30.41,45.88,39.36,45.86,17.52,35.32,31.71,4.0,1.0,0.7,0.1,0.6,0.8,0.4,0.1,0.1,0.1,0.3,0.1,1.6,1.16,1.54,1.47,1.1,1.4,0.14,0.07,0.14,0.3,0.4,0.2,0.4,0.1,0.6,0.2,0.3,0.2,0.3,8.0,14.0,6.0,8.0,9.0,2.0,1.0,6.0,6.0,7.0,19.0,2.0,9.0,1.0,3.0,1.0,21.0,1.0,45.0,7.0,7.0,9.0,3.0,2.0,39.0,61.0,53.0,48.0,50.0,20.0,11.0,49.0,42.0,44.0,50.0,43.0,41.0,30.0,36.0,15.0,61.0,33.0,74.0,35.0,55.0,41.0,33.0,45.0,2.0,6.0,1.0,8.0,6.0,4.0,5.0
2019-09-25 09:00:00,10.0,5.0,11.0,6.0,4.0,8.0,5.0,10.0,9.0,7.0,29.0,8.0,10.0,24.0,12.0,23.0,7.0,11.0,16.0,23.0,11.0,16.0,12.0,183.0,177.0,80.0,119.0,110.0,77.0,39.0,46.0,111.0,200.0,189.0,79.0,149.0,109.0,74.0,41.0,80.0,178.0,115.0,99.0,77.0,42.0,58.0,49.0,3.62,4.47,10.93,16.09,29.0,35.84,9.74,17.22,23.03,6.37,16.92,16.92,20.5,30.57,5.9,2.3,1.2,0.3,1.7,0.8,1.2,0.3,0.3,0.1,0.5,0.2,1.69,1.2,1.54,1.49,1.14,1.4,0.2,0.07,0.15,0.6,0.6,0.4,0.4,0.2,0.7,1.3,0.4,0.3,0.3,71.0,56.0,10.0,31.0,28.0,21.0,3.0,7.0,26.0,76.0,63.0,11.0,44.0,23.0,9.0,4.0,13.0,61.0,34.0,23.0,14.0,6.0,5.0,5.0,74.0,91.0,65.0,72.0,67.0,45.0,34.0,36.0,71.0,83.0,92.0,62.0,82.0,74.0,60.0,35.0,61.0,84.0,63.0,64.0,56.0,33.0,50.0,42.0,4.0,7.0,4.0,3.0,5.0,5.0,6.0
2019-09-25 10:00:00,10.0,5.0,11.0,7.0,5.0,8.0,4.0,8.0,10.0,7.0,10.0,14.0,9.0,36.0,26.0,31.0,18.0,18.0,17.0,21.0,14.0,16.0,9.0,172.0,97.0,39.0,40.0,105.0,80.0,53.0,27.0,120.0,76.0,100.0,41.0,115.0,93.0,36.0,44.0,40.0,173.0,50.0,141.0,33.0,63.0,26.0,23.0,23.13,16.63,15.88,15.46,30.6,49.74,19.52,3.58,32.15,17.13,18.65,17.3,47.66,52.44,5.3,2.5,2.7,1.0,3.3,1.7,1.3,0.3,0.5,0.3,0.9,0.2,1.64,1.2,1.52,1.48,1.13,1.38,0.16,0.08,0.14,0.6,0.4,0.2,0.5,0.2,0.9,0.3,0.3,0.3,0.3,73.0,23.0,5.0,4.0,29.0,21.0,9.0,4.0,38.0,19.0,30.0,5.0,34.0,22.0,4.0,5.0,7.0,64.0,11.0,46.0,6.0,19.0,4.0,1.0,61.0,61.0,32.0,34.0,61.0,48.0,38.0,21.0,62.0,47.0,54.0,33.0,63.0,60.0,30.0,36.0,29.0,75.0,33.0,70.0,24.0,34.0,20.0,21.0,1.0,4.0,13.0,11.0,8.0,4.0,7.0
2019-09-25 11:00:00,8.0,4.0,10.0,7.0,5.0,7.0,4.0,7.0,9.0,7.0,7.0,8.0,11.0,19.0,20.0,11.0,8.0,10.0,15.0,6.0,14.0,13.0,10.0,56.0,66.0,31.0,24.0,42.0,34.0,46.0,25.0,79.0,26.0,70.0,56.0,28.0,39.0,20.0,23.0,22.0,24.0,18.0,76.0,28.0,35.0,18.0,18.0,37.28,27.25,39.22,46.39,42.21,55.09,27.79,22.22,48.6,53.6,42.97,45.36,55.52,59.08,4.0,1.3,2.5,1.8,2.7,1.0,0.8,0.1,0.3,0.3,0.6,0.1,1.61,1.21,1.51,1.47,1.12,1.38,0.14,0.08,0.13,0.4,0.3,0.2,0.4,0.2,0.7,0.2,0.4,0.2,0.3,13.0,15.0,5.0,2.0,7.0,7.0,10.0,4.0,23.0,6.0,22.0,15.0,5.0,7.0,3.0,2.0,5.0,1.0,4.0,22.0,6.0,6.0,4.0,1.0,35.0,42.0,23.0,20.0,31.0,24.0,30.0,18.0,44.0,17.0,37.0,33.0,19.0,29.0,15.0,20.0,14.0,21.0,12.0,43.0,18.0,26.0,12.0,16.0,3.0,4.0,10.0,3.0,5.0,7.0,7.0
2019-09-25 12:00:00,8.0,4.0,10.0,9.0,5.0,7.0,4.0,7.0,9.0,6.0,6.0,10.0,13.0,9.0,22.0,7.0,21.0,6.0,14.0,19.0,13.0,10.0,8.0,56.0,58.0,36.0,16.0,30.0,38.0,38.0,15.0,88.0,23.0,51.0,31.0,22.0,31.0,19.0,16.0,20.0,18.0,12.0,60.0,20.0,34.0,8.0,16.0,45.03,35.51,51.69,47.47,49.69,64.02,36.47,56.55,56.77,60.77,53.25,52.08,67.47,65.04,2.9,1.1,2.0,2.4,2.2,0.3,0.6,0.1,0.2,0.3,0.4,0.1,1.6,1.21,1.51,1.48,1.12,1.37,0.12,0.09,0.14,0.4,0.3,0.2,0.4,0.2,0.6,0.2,0.2,0.2,0.2,14.0,13.0,8.0,2.0,6.0,9.0,9.0,3.0,32.0,7.0,15.0,6.0,4.0,6.0,4.0,1.0,5.0,1.0,3.0,16.0,5.0,6.0,2.0,1.0,34.0,37.0,24.0,14.0,20.0,25.0,25.0,11.0,39.0,13.0,28.0,21.0,15.0,23.0,13.0,14.0,12.0,17.0,8.0,35.0,12.0,25.0,6.0,14.0,6.0,6.0,14.0,16.0,1.0,7.0,6.0
2019-09-25 13:00:00,7.0,4.0,8.0,12.0,5.0,6.0,4.0,7.0,9.0,5.0,1.0,8.0,14.0,11.0,27.0,13.0,25.0,14.0,8.0,21.0,10.0,10.0,3.0,43.0,37.0,66.0,12.0,27.0,30.0,34.0,23.0,63.0,20.0,48.0,28.0,27.0,20.0,16.0,9.0,27.0,22.0,10.0,40.0,15.0,16.0,43.0,12.0,62.41,43.7,59.68,57.55,55.76,65.66,46.69,68.55,70.88,59.88,64.36,71.86,77.59,80.03,2.0,1.5,2.1,2.7,1.8,0.3,0.4,0.2,0.2,0.3,0.4,0.1,1.57,1.21,1.5,1.46,1.13,1.37,0.11,0.08,0.13,0.3,0.2,0.2,0.4,0.2,0.6,0.2,0.2,0.1,0.2,11.0,8.0,19.0,1.0,6.0,7.0,8.0,4.0,18.0,5.0,15.0,7.0,6.0,3.0,3.0,1.0,8.0,1.0,2.0,9.0,3.0,2.0,9.0,1.0,26.0,25.0,38.0,10.0,17.0,20.0,22.0,16.0,36.0,13.0,25.0,18.0,17.0,15.0,10.0,8.0,16.0,20.0,6.0,26.0,10.0,13.0,28.0,10.0,2.0,6.0,18.0,22.0,7.0,2.0,4.0
2019-09-25 14:00:00,6.0,4.0,7.0,12.0,5.0,5.0,4.0,7.0,8.0,3.0,13.0,7.0,15.0,17.0,18.0,6.0,25.0,13.0,3.0,24.0,12.0,7.0,3.0,44.0,35.0,46.0,16.0,25.0,30.0,25.0,26.0,43.0,27.0,50.0,26.0,24.0,18.0,23.0,13.0,22.0,19.0,11.0,58.0,15.0,13.0,25.0,13.0,69.1,47.24,65.97,63.34,67.59,67.75,56.84,74.12,73.93,69.94,65.29,84.12,86.7,84.22,1.8,2.0,1.5,2.2,1.6,0.5,0.3,0.2,0.2,0.2,0.4,0.1,1.58,1.21,1.51,1.46,1.12,1.37,0.13,0.08,0.14,0.3,0.3,0.2,0.4,0.2,0.6,0.2,0.4,0.2,0.2,10.0,7.0,11.0,1.0,5.0,6.0,5.0,5.0,10.0,7.0,13.0,5.0,5.0,2.0,5.0,1.0,5.0,1.0,2.0,15.0,3.0,2.0,4.0,1.0,29.0,24.0,30.0,14.0,17.0,21.0,17.0,18.0,28.0,16.0,30.0,19.0,16.0,15.0,16.0,11.0,14.0,17.0,8.0,35.0,10.0,11.0,18.0,11.0,7.0,7.0,10.0,19.0,8.0,1.0,6.0
2019-09-25 15:00:00,6.0,4.0,7.0,13.0,5.0,4.0,4.0,7.0,8.0,3.0,4.0,23.0,18.0,14.0,19.0,3.0,18.0,14.0,9.0,23.0,15.0,6.0,4.0,36.0,41.0,44.0,26.0,32.0,32.0,24.0,19.0,40.0,30.0,52.0,28.0,25.0,22.0,23.0,19.0,66.0,18.0,13.0,67.0,28.0,19.0,20.0,17.0,71.52,42.57,69.06,68.58,75.47,78.4,64.09,80.67,75.26,78.98,66.4,78.13,84.34,85.19,4.6,1.9,1.9,2.2,1.8,0.4,0.5,0.2,0.2,0.2,0.3,0.2,1.62,1.21,1.51,1.46,1.11,1.37,0.16,0.1,0.14,0.3,0.3,0.2,0.4,0.2,0.6,0.2,0.2,0.2,0.3,7.0,7.0,8.0,3.0,7.0,6.0,4.0,3.0,8.0,7.0,13.0,4.0,4.0,2.0,3.0,1.0,20.0,1.0,2.0,18.0,7.0,2.0,3.0,1.0,26.0,29.0,31.0,22.0,22.0,23.0,18.0,15.0,28.0,20.0,31.0,21.0,18.0,19.0,18.0,17.0,35.0,16.0,9.0,40.0,17.0,15.0,15.0,16.0,1.0,10.0,11.0,12.0,10.0,2.0,8.0
2019-09-25 16:00:00,13.0,5.0,6.0,13.0,5.0,3.0,4.0,7.0,8.0,2.0,15.0,17.0,15.0,19.0,18.0,8.0,13.0,9.0,11.0,22.0,14.0,7.0,8.0,43.0,65.0,61.0,32.0,28.0,28.0,22.0,17.0,39.0,30.0,57.0,35.0,31.0,28.0,54.0,24.0,54.0,17.0,15.0,56.0,32.0,15.0,12.0,24.0,66.4,41.62,75.91,75.15,81.86,84.3,69.6,84.45,87.11,85.34,74.48,86.31,81.42,82.63,3.5,2.6,2.0,2.0,2.2,0.3,0.6,0.3,0.2,0.2,0.4,0.1,1.69,1.2,1.52,1.47,1.11,1.37,0.22,0.09,0.15,0.2,0.4,0.2,0.4,0.2,0.6,0.2,0.3,0.2,0.2,6.0,15.0,12.0,5.0,5.0,4.0,3.0,2.0,7.0,5.0,12.0,6.0,5.0,3.0,11.0,2.0,14.0,1.0,3.0,12.0,7.0,2.0,2.0,2.0,33.0,43.0,43.0,24.0,21.0,22.0,17.0,14.0,29.0,22.0,38.0,26.0,23.0,23.0,37.0,22.0,33.0,16.0,11.0,37.0,22.0,13.0,9.0,21.0,1.0,8.0,7.0,8.0,2.0,4.0,8.0
2019-09-25 17:00:00,11.0,5.0,5.0,11.0,5.0,3.0,4.0,7.0,8.0,3.0,22.0,13.0,14.0,13.0,30.0,14.0,19.0,9.0,23.0,22.0,15.0,8.0,7.0,36.0,66.0,81.0,41.0,31.0,25.0,16.0,41.0,40.0,48.0,47.0,28.0,52.0,31.0,57.0,26.0,96.0,28.0,23.0,54.0,43.0,16.0,20.0,26.0,70.76,44.15,76.41,77.75,87.15,79.14,71.55,93.28,80.22,80.71,76.54,90.1,78.37,93.98,4.8,4.1,1.7,1.7,2.5,0.3,0.7,0.4,0.2,0.2,0.4,0.7,1.75,1.19,1.54,1.48,1.1,1.37,0.27,0.08,0.16,0.4,0.4,0.2,0.4,0.2,0.6,0.2,0.2,0.2,0.3,6.0,13.0,17.0,5.0,6.0,3.0,2.0,11.0,6.0,8.0,9.0,3.0,10.0,2.0,10.0,2.0,28.0,1.0,3.0,12.0,7.0,1.0,3.0,2.0,28.0,46.0,55.0,34.0,22.0,20.0,13.0,24.0,30.0,35.0,33.0,23.0,35.0,27.0,41.0,24.0,53.0,27.0,18.0,36.0,32.0,13.0,15.0,23.0,1.0,8.0,16.0,15.0,1.0,13.0,9.0
2019-09-25 18:00:00,7.0,5.0,5.0,9.0,4.0,4.0,4.0,7.0,8.0,3.0,16.0,4.0,8.0,26.0,23.0,8.0,5.0,10.0,16.0,27.0,12.0,9.0,8.0,31.0,59.0,75.0,51.0,28.0,14.0,12.0,47.0,27.0,50.0,50.0,24.0,41.0,22.0,42.0,22.0,67.0,32.0,37.0,43.0,37.0,12.0,34.0,22.0,72.47,41.8,78.43,87.64,90.09,74.95,79.11,94.97,79.05,79.23,83.86,94.52,75.13,97.05,4.3,3.8,1.3,0.8,2.3,0.9,0.7,0.3,0.1,0.1,0.4,0.1,1.74,1.18,1.55,1.48,1.11,1.38,0.26,0.07,0.17,0.3,0.3,0.3,0.3,0.2,0.6,0.2,0.2,0.1,0.3,4.0,11.0,16.0,6.0,5.0,2.0,1.0,7.0,4.0,9.0,12.0,3.0,6.0,2.0,7.0,1.0,18.0,1.0,5.0,9.0,6.0,1.0,4.0,2.0,25.0,41.0,51.0,42.0,21.0,12.0,10.0,36.0,21.0,37.0,32.0,20.0,32.0,20.0,32.0,20.0,39.0,30.0,30.0,30.0,27.0,11.0,28.0,20.0,2.0,3.0,12.0,3.0,1.0,5.0,6.0
2019-09-25 19:00:00,6.0,5.0,5.0,9.0,4.0,4.0,4.0,7.0,8.0,3.0,6.0,11.0,7.0,25.0,16.0,3.0,1.0,14.0,12.0,34.0,7.0,6.0,4.0,29.0,52.0,57.0,39.0,29.0,20.0,9.0,48.0,24.0,30.0,43.0,23.0,43.0,22.0,42.0,11.0,84.0,27.0,50.0,84.0,30.0,14.0,30.0,17.0,70.67,42.13,74.3,79.42,87.71,74.42,80.6,92.19,78.16,81.22,65.22,90.68,76.44,99.98,5.7,9.6,1.0,0.4,2.1,1.7,0.6,0.3,0.2,0.1,0.4,0.3,1.69,1.18,1.58,1.47,1.11,1.41,0.22,0.07,0.17,0.3,0.3,0.2,0.3,0.2,0.6,0.2,0.2,0.2,0.3,3.0,8.0,10.0,3.0,4.0,2.0,1.0,4.0,3.0,3.0,8.0,2.0,6.0,1.0,6.0,1.0,23.0,1.0,5.0,21.0,5.0,1.0,3.0,1.0,24.0,39.0,41.0,35.0,23.0,17.0,8.0,42.0,20.0,26.0,30.0,21.0,34.0,21.0,32.0,10.0,48.0,25.0,41.0,52.0,23.0,13.0,26.0,16.0,1.0,3.0,7.0,1.0,8.0,3.0,3.0
2019-09-25 20:00:00,6.0,5.0,6.0,9.0,4.0,6.0,4.0,7.0,8.0,3.0,18.0,10.0,7.0,21.0,15.0,14.0,8.0,12.0,9.0,38.0,12.0,7.0,6.0,49.0,91.0,107.0,43.0,34.0,48.0,28.0,57.0,47.0,54.0,67.0,30.0,69.0,35.0,39.0,11.0,48.0,48.0,69.0,179.0,49.0,21.0,33.0,24.0,41.55,35.75,62.81,51.97,66.95,60.66,63.39,77.17,57.24,60.8,23.88,72.18,68.75,89.81,4.3,2.4,1.8,0.8,2.2,1.9,0.8,0.3,0.2,0.1,0.5,0.3,1.69,1.2,1.59,1.47,1.12,1.41,0.22,0.09,0.18,0.3,0.5,0.2,0.4,0.2,0.6,0.2,0.2,0.3,0.3,4.0,16.0,20.0,1.0,2.0,3.0,1.0,2.0,5.0,3.0,12.0,1.0,8.0,1.0,2.0,1.0,5.0,2.0,7.0,50.0,5.0,1.0,1.0,1.0,42.0,67.0,76.0,41.0,32.0,43.0,26.0,54.0,40.0,49.0,49.0,28.0,58.0,34.0,36.0,10.0,40.0,46.0,58.0,103.0,42.0,19.0,31.0,23.0,9.0,3.0,6.0,6.0,9.0,3.0,8.0
2019-09-25 21:00:00,7.0,5.0,8.0,8.0,4.0,5.0,4.0,8.0,9.0,4.0,30.0,12.0,8.0,21.0,16.0,31.0,17.0,10.0,4.0,33.0,17.0,13.0,15.0,70.0,123.0,133.0,76.0,69.0,44.0,22.0,80.0,62.0,124.0,125.0,67.0,93.0,49.0,70.0,28.0,155.0,61.0,78.0,134.0,77.0,28.0,60.0,43.0,20.38,21.44,35.61,40.13,58.72,37.84,39.82,37.33,47.84,49.92,27.56,47.6,41.86,57.97,5.8,4.7,2.6,1.4,2.4,1.5,1.3,0.7,0.3,0.2,0.6,0.2,1.72,1.19,1.69,1.5,1.12,1.51,0.22,0.07,0.18,0.3,0.5,0.3,0.4,0.2,0.7,0.4,0.4,0.3,0.4,6.0,23.0,26.0,3.0,5.0,2.0,1.0,1.0,6.0,18.0,31.0,6.0,10.0,1.0,9.0,1.0,47.0,2.0,3.0,32.0,7.0,1.0,1.0,1.0,61.0,89.0,94.0,72.0,62.0,41.0,20.0,77.0,53.0,96.0,77.0,58.0,77.0,48.0,56.0,26.0,83.0,58.0,74.0,85.0,65.0,27.0,59.0,42.0,15.0,2.0,7.0,11.0,4.0,1.0,12.0
2019-09-25 22:00:00,9.0,5.0,9.0,7.0,4.0,6.0,4.0,8.0,9.0,5.0,22.0,8.0,10.0,28.0,15.0,35.0,13.0,9.0,17.0,31.0,13.0,15.0,16.0,61.0,120.0,156.0,89.0,83.0,57.0,22.0,108.0,56.0,137.0,115.0,67.0,90.0,37.0,52.0,32.0,105.0,67.0,106.0,90.0,58.0,31.0,84.0,48.0,9.36,8.23,21.74,22.58,53.15,14.3,32.3,30.38,38.53,36.82,24.29,34.52,16.85,38.7,7.7,6.7,4.7,0.8,3.1,1.9,1.4,0.9,0.3,0.2,0.9,0.4,1.75,1.19,1.73,1.52,1.12,1.53,0.24,0.07,0.2,0.4,0.6,0.4,0.5,0.2,0.7,0.4,0.4,0.3,0.3,3.0,23.0,38.0,5.0,12.0,4.0,1.0,10.0,4.0,20.0,25.0,4.0,8.0,1.0,2.0,1.0,22.0,2.0,12.0,14.0,4.0,1.0,3.0,1.0,57.0,84.0,97.0,81.0,66.0,51.0,21.0,92.0,51.0,106.0,76.0,61.0,78.0,35.0,49.0,31.0,72.0,63.0,88.0,69.0,52.0,30.0,79.0,46.0,13.0,5.0,6.0,7.0,5.0,7.0,9.0
2019-09-25 23:00:00,8.0,5.0,10.0,7.0,4.0,6.0,4.0,8.0,10.0,6.0,30.0,9.0,7.0,35.0,18.0,36.0,15.0,8.0,15.0,22.0,18.0,9.0,9.0,78.0,123.0,58.0,61.0,125.0,62.0,23.0,93.0,94.0,114.0,81.0,61.0,142.0,95.0,51.0,45.0,66.0,126.0,76.0,217.0,24.0,32.0,38.0,32.0,8.23,11.24,6.69,15.27,47.52,13.34,13.48,36.59,20.22,9.5,6.78,23.26,35.54,50.92,7.3,4.8,8.4,0.7,3.9,1.6,1.6,0.5,0.4,0.2,1.0,0.3,1.85,1.2,1.6,1.54,1.12,1.4,0.31,0.08,0.19,0.5,0.6,0.3,0.5,0.2,0.9,0.4,0.3,0.5,0.3,11.0,23.0,3.0,3.0,27.0,5.0,1.0,11.0,12.0,16.0,10.0,4.0,22.0,10.0,1.0,1.0,7.0,18.0,9.0,80.0,2.0,1.0,1.0,1.0,61.0,88.0,53.0,57.0,84.0,55.0,22.0,76.0,75.0,89.0,65.0,55.0,108.0,81.0,49.0,44.0,55.0,99.0,63.0,95.0,21.0,30.0,36.0,31.0,18.0,3.0,9.0,10.0,4.0,5.0,13.0
2019-09-26 00:00:00,9.0,4.0,11.0,8.0,4.0,7.0,4.0,7.0,9.0,5.0,4.0,10.0,11.0,30.0,14.0,21.0,22.0,11.0,14.0,10.0,23.0,10.0,8.0,102.0,69.0,45.0,62.0,136.0,88.0,41.0,58.0,60.0,97.0,61.0,35.0,100.0,86.0,32.0,54.0,40.0,131.0,63.0,286.0,25.0,30.0,35.0,25.0,22.46,9.38,3.08,2.69,27.07,27.27,24.59,45.99,13.2,2.31,4.01,22.31,34.23,57.88,4.9,2.3,8.7,1.0,3.7,1.3,1.0,0.2,0.6,0.2,0.8,0.3,1.72,1.22,1.6,1.52,1.13,1.43,0.2,0.1,0.17,0.6,0.4,0.3,0.6,0.2,0.8,0.4,0.3,0.7,0.3,26.0,5.0,3.0,1.0,34.0,14.0,1.0,5.0,6.0,15.0,8.0,1.0,8.0,4.0,1.0,1.0,2.0,23.0,5.0,120.0,2.0,1.0,1.0,1.0,63.0,61.0,40.0,60.0,83.0,67.0,40.0,50.0,51.0,74.0,49.0,33.0,87.0,81.0,31.0,52.0,37.0,96.0,55.0,101.0,22.0,28.0,34.0,23.0,11.0,6.0,7.0,17.0,7.0,4.0,15.0
2019-09-26 01:00:00,9.0,4.0,11.0,8.0,5.0,8.0,4.0,8.0,9.0,6.0,8.0,14.0,12.0,20.0,14.0,15.0,16.0,12.0,15.0,6.0,23.0,10.0,7.0,126.0,46.0,21.0,27.0,138.0,93.0,61.0,53.0,50.0,86.0,53.0,31.0,92.0,86.0,31.0,40.0,31.0,87.0,60.0,139.0,15.0,29.0,20.0,22.0,34.4,22.73,3.15,1.0,7.37,22.03,25.96,47.16,24.09,11.44,4.14,20.07,44.53,60.85,4.2,1.7,9.0,2.0,3.0,1.2,0.8,0.2,0.7,0.4,0.6,0.2,1.69,1.27,1.68,1.51,1.15,1.51,0.18,0.11,0.17,0.6,0.3,0.2,0.6,0.3,0.7,0.3,0.2,0.4,0.2,37.0,2.0,1.0,1.0,39.0,21.0,3.0,2.0,3.0,13.0,8.0,1.0,8.0,5.0,5.0,1.0,2.0,10.0,4.0,38.0,1.0,1.0,1.0,1.0,69.0,43.0,20.0,25.0,78.0,61.0,56.0,50.0,46.0,66.0,41.0,30.0,80.0,78.0,23.0,39.0,28.0,73.0,54.0,80.0,14.0,28.0,18.0,20.0,5.0,7.0,7.0,12.0,8.0,4.0,14.0
2019-09-26 02:00:00,8.0,4.0,11.0,8.0,4.0,7.0,4.0,7.0,9.0,6.0,20.0,14.0,14.0,12.0,13.0,7.0,22.0,8.0,10.0,6.0,17.0,9.0,6.0,98.0,39.0,16.0,24.0,130.0,63.0,46.0,48.0,40.0,36.0,35.0,17.0,39.0,46.0,14.0,22.0,19.0,51.0,54.0,95.0,11.0,26.0,18.0,16.0,33.4,25.55,2.7,4.07,13.19,19.9,32.02,59.44,33.05,21.53,4.51,19.96,43.53,61.21,4.4,0.9,6.2,2.8,2.1,0.9,0.6,0.1,0.5,0.4,0.5,0.2,1.67,1.25,1.65,1.51,1.15,1.5,0.17,0.1,0.16,0.5,0.3,0.2,0.5,0.2,0.6,0.2,0.2,0.3,0.2,28.0,2.0,1.0,1.0,37.0,7.0,2.0,1.0,3.0,2.0,6.0,1.0,1.0,2.0,1.0,1.0,1.0,1.0,3.0,17.0,1.0,1.0,1.0,1.0,55.0,37.0,14.0,22.0,74.0,53.0,44.0,46.0,35.0,34.0,26.0,15.0,37.0,43.0,12.0,21.0,17.0,50.0,50.0,69.0,10.0,24.0,16.0,15.0,1.0,7.0,6.0,19.0,4.0,2.0,11.0
2019-09-26 03:00:00,8.0,4.0,11.0,7.0,4.0,8.0,4.0,7.0,9.0,5.0,4.0,9.0,11.0,11.0,6.0,9.0,27.0,6.0,10.0,19.0,14.0,7.0,6.0,55.0,47.0,13.0,23.0,112.0,44.0,35.0,32.0,36.0,31.0,30.0,19.0,26.0,66.0,10.0,19.0,24.0,50.0,46.0,71.0,11.0,23.0,14.0,18.0,25.4,23.44,2.63,14.19,19.5,29.79,30.72,51.73,34.22,16.49,7.77,15.44,44.06,55.19,5.7,1.6,4.2,2.1,1.9,0.6,0.5,0.1,0.4,0.3,0.4,0.2,1.66,1.24,1.71,1.51,1.14,1.56,0.15,0.09,0.15,0.3,0.2,0.2,0.4,0.2,0.6,0.2,0.2,0.2,0.2,8.0,3.0,1.0,1.0,29.0,5.0,1.0,1.0,2.0,2.0,5.0,1.0,1.0,7.0,1.0,1.0,1.0,1.0,1.0,8.0,1.0,1.0,1.0,1.0,42.0,43.0,12.0,21.0,68.0,37.0,34.0,31.0,32.0,28.0,22.0,17.0,25.0,56.0,8.0,18.0,23.0,49.0,44.0,59.0,10.0,22.0,12.0,17.0,2.0,7.0,2.0,23.0,3.0,3.0,9.0
2019-09-26 04:00:00,8.0,4.0,10.0,7.0,4.0,8.0,4.0,7.0,9.0,6.0,18.0,12.0,11.0,8.0,14.0,6.0,18.0,8.0,15.0,8.0,10.0,9.0,7.0,50.0,22.0,10.0,12.0,90.0,39.0,22.0,22.0,26.0,14.0,15.0,21.0,20.0,29.0,7.0,12.0,15.0,26.0,29.0,47.0,12.0,22.0,10.0,18.0,41.64,27.91,3.22,12.5,25.09,34.35,34.5,46.14,37.96,33.31,18.14,13.13,44.84,54.17,5.4,1.1,3.7,1.8,1.5,0.6,0.4,0.1,0.3,0.2,0.4,0.1,1.64,1.22,1.65,1.5,1.14,1.52,0.14,0.08,0.13,0.3,0.2,0.1,0.4,0.2,0.6,0.1,0.2,0.2,0.2,9.0,1.0,1.0,1.0,19.0,4.0,1.0,1.0,2.0,1.0,1.0,1.0,1.0,1.0,1.0,1.0,1.0,1.0,1.0,2.0,1.0,1.0,1.0,1.0,37.0,20.0,9.0,11.0,61.0,32.0,21.0,20.0,22.0,12.0,13.0,19.0,19.0,28.0,6.0,11.0,14.0,24.0,28.0,43.0,11.0,21.0,9.0,17.0,6.0,7.0,9.0,15.0,5.0,7.0,6.0
2019-09-26 05:00:00,8.0,4.0,9.0,6.0,4.0,8.0,4.0,7.0,8.0,6.0,14.0,7.0,9.0,10.0,9.0,5.0,6.0,7.0,10.0,12.0,10.0,9.0,5.0,35.0,15.0,10.0,11.0,39.0,22.0,21.0,38.0,40.0,9.0,15.0,17.0,11.0,13.0,7.0,10.0,14.0,25.0,31.0,32.0,17.0,22.0,11.0,14.0,46.04,28.93,16.27,26.51,20.43,23.8,29.5,47.39,40.41,36.35,24.7,11.13,41.29,55.09,10.4,0.8,3.0,1.3,1.2,0.6,0.3,0.1,0.2,0.2,0.3,0.1,1.63,1.23,1.66,1.49,1.15,1.52,0.14,0.08,0.14,0.3,0.2,0.1,0.3,0.2,0.6,0.1,0.2,0.1,0.2,4.0,1.0,1.0,1.0,2.0,1.0,1.0,3.0,7.0,1.0,1.0,1.0,1.0,1.0,1.0,1.0,1.0,1.0,2.0,2.0,3.0,1.0,1.0,1.0,29.0,13.0,9.0,10.0,35.0,20.0,19.0,33.0,28.0,7.0,12.0,15.0,10.0,11.0,5.0,8.0,12.0,23.0,28.0,29.0,12.0,20.0,10.0,13.0,9.0,6.0,5.0,4.0,4.0,2.0,6.0
2019-09-26 06:00:00,8.0,4.0,9.0,6.0,4.0,8.0,4.0,7.0,9.0,6.0,6.0,6.0,9.0,7.0,9.0,6.0,12.0,10.0,11.0,1.0,10.0,8.0,5.0,44.0,27.0,14.0,14.0,41.0,21.0,17.0,41.0,33.0,14.0,19.0,22.0,14.0,19.0,9.0,11.0,23.0,26.0,46.0,41.0,12.0,22.0,18.0,17.0,35.95,26.25,13.4,23.75,19.18,18.37,30.75,40.6,44.08,33.45,21.78,10.4,32.92,49.74,9.4,0.8,1.7,1.6,1.0,0.7,0.3,0.1,0.1,0.2,0.3,0.1,1.62,1.24,1.7,1.49,1.15,1.55,0.13,0.09,0.15,0.3,0.2,0.1,0.3,0.2,0.6,0.1,0.2,0.1,0.2,8.0,3.0,1.0,1.0,3.0,1.0,1.0,4.0,5.0,2.0,3.0,1.0,1.0,1.0,1.0,1.0,5.0,1.0,5.0,5.0,1.0,1.0,1.0,1.0,31.0,23.0,12.0,13.0,36.0,19.0,16.0,35.0,26.0,11.0,15.0,20.0,13.0,17.0,8.0,10.0,16.0,24.0,39.0,33.0,11.0,20.0,17.0,16.0,3.0,6.0,5.0,11.0,6.0,3.0,6.0
2019-09-26 07:00:00,9.0,4.0,10.0,6.0,4.0,9.0,4.0,7.0,9.0,6.0,9.0,8.0,9.0,10.0,6.0,8.0,12.0,7.0,16.0,13.0,8.0,8.0,6.0,84.0,40.0,29.0,22.0,88.0,28.0,14.0,80.0,31.0,23.0,32.0,29.0,34.0,30.0,17.0,19.0,39.0,41.0,73.0,109.0,24.0,29.0,23.0,23.0,26.61,22.03,4.09,18.88,29.27,5.97,33.23,35.17,35.99,21.67,10.81,6.82,24.54,43.91,6.0,1.0,2.0,1.0,0.9,0.7,0.3,0.1,0.2,0.1,0.3,0.1,1.62,1.23,1.74,1.49,1.15,1.58,0.12,0.07,0.16,0.3,0.2,0.2,0.4,0.1,0.6,0.2,0.2,0.3,0.2,31.0,3.0,1.0,1.0,23.0,2.0,1.0,17.0,4.0,2.0,4.0,1.0,3.0,1.0,1.0,1.0,4.0,2.0,15.0,37.0,2.0,5.0,1.0,1.0,36.0,35.0,27.0,21.0,52.0,25.0,13.0,55.0,25.0,19.0,25.0,28.0,29.0,28.0,16.0,18.0,33.0,38.0,50.0,53.0,20.0,22.0,22.0,21.0,4.0,6.0,2.0,10.0,4.0,2.0,5.0
2019-09-26 08:00:00,11.0,4.0,10.0,7.0,4.0,9.0,4.0,8.0,9.0,7.0,6.0,11.0,4.0,13.0,11.0,13.0,18.0,4.0,12.0,15.0,12.0,11.0,10.0,221.0,88.0,58.0,57.0,94.0,84.0,17.0,113.0,65.0,55.0,118.0,66.0,75.0,62.0,44.0,41.0,64.0,85.0,130.0,118.0,48.0,51.0,37.0,58.0,10.09,7.53,2.54,1.73,18.26,3.12,19.84,11.83,15.13,7.6,5.41,3.64,13.84,19.77,3.3,1.6,3.2,0.5,1.0,0.7,0.4,0.1,0.4,0.1,0.4,0.1,1.62,1.23,1.68,1.5,1.17,1.52,0.13,0.06,0.17,0.6,0.3,0.2,0.6,0.1,0.7,0.2,0.3,0.3,0.2,109.0,18.0,6.0,7.0,22.0,31.0,1.0,33.0,13.0,9.0,36.0,7.0,11.0,5.0,4.0,1.0,9.0,18.0,46.0,39.0,6.0,16.0,3.0,12.0,54.0,61.0,49.0,46.0,60.0,36.0,16.0,63.0,45.0,41.0,63.0,55.0,59.0,54.0,38.0,39.0,50.0,58.0,60.0,58.0,38.0,27.0,32.0,39.0,6.0,1.0,4.0,15.0,2.0,4.0,6.0
2019-09-26 09:00:00,13.0,5.0,14.0,9.0,4.0,9.0,4.0,10.0,9.0,7.0,25.0,14.0,9.0,17.0,18.0,17.0,18.0,10.0,14.0,20.0,15.0,16.0,18.0,321.0,167.0,84.0,71.0,197.0,116.0,46.0,118.0,123.0,104.0,219.0,147.0,104.0,105.0,81.0,65.0,101.0,117.0,138.0,176.0,92.0,51.0,57.0,126.0,2.5,4.26,3.23,1.15,7.01,3.44,6.3,2.89,3.23,6.55,5.36,4.41,7.37,7.24,4.1,2.4,5.8,0.7,2.0,0.8,0.9,0.2,0.9,0.2,0.5,0.3,1.71,1.25,1.71,1.52,1.19,1.54,0.19,0.07,0.16,0.8,0.6,0.3,0.7,0.2,0.8,0.3,0.5,0.4,0.3,167.0,58.0,16.0,13.0,83.0,47.0,9.0,38.0,38.0,32.0,84.0,47.0,25.0,27.0,16.0,10.0,25.0,35.0,51.0,73.0,23.0,18.0,11.0,57.0,65.0,79.0,59.0,51.0,70.0,44.0,32.0,60.0,65.0,55.0,90.0,76.0,66.0,64.0,57.0,50.0,63.0,64.0,59.0,65.0,56.0,24.0,41.0,39.0,13.0,6.0,7.0,14.0,5.0,3.0,9.0
2019-09-26 10:00:00,13.0,5.0,12.0,9.0,5.0,10.0,4.0,10.0,9.0,7.0,26.0,18.0,14.0,20.0,21.0,19.0,31.0,12.0,18.0,9.0,22.0,17.0,15.0,299.0,140.0,75.0,66.0,152.0,116.0,92.0,103.0,149.0,65.0,164.0,140.0,83.0,114.0,64.0,61.0,80.0,111.0,112.0,197.0,106.0,35.0,40.0,59.0,11.65,6.57,7.52,4.42,8.73,9.33,9.04,9.44,10.43,13.88,9.17,12.2,19.95,23.23,6.3,3.1,4.4,1.3,3.4,0.8,1.4,0.3,0.6,0.3,0.9,0.2,1.69,1.27,1.61,1.5,1.19,1.47,0.18,0.09,0.15,0.9,0.5,0.2,0.6,0.3,0.8,0.3,0.5,0.5,0.4,155.0,47.0,16.0,13.0,58.0,46.0,33.0,37.0,54.0,17.0,60.0,45.0,20.0,35.0,13.0,10.0,21.0,34.0,44.0,82.0,33.0,11.0,10.0,17.0,62.0,68.0,51.0,46.0,63.0,45.0,41.0,46.0,65.0,40.0,72.0,71.0,52.0,61.0,43.0,46.0,48.0,58.0,45.0,71.0,56.0,18.0,25.0,32.0,6.0,8.0,7.0,24.0,5.0,2.0,13.0
2019-09-26 11:00:00,10.0,5.0,11.0,9.0,5.0,9.0,4.0,8.0,9.0,7.0,22.0,18.0,11.0,16.0,21.0,26.0,24.0,10.0,11.0,13.0,25.0,15.0,13.0,209.0,97.0,67.0,39.0,96.0,117.0,90.0,89.0,110.0,46.0,124.0,81.0,67.0,73.0,39.0,49.0,44.0,24.0,75.0,140.0,54.0,35.0,33.0,47.0,24.45,13.97,16.4,11.75,21.8,19.81,19.56,28.38,22.97,25.43,22.35,34.34,31.94,36.68,4.9,4.9,5.2,3.6,5.6,0.9,0.9,0.3,0.6,0.6,0.9,0.1,1.65,1.28,1.67,1.5,1.17,1.52,0.15,0.12,0.16,0.7,0.4,0.2,0.6,0.4,0.8,0.2,0.3,0.4,0.3,96.0,27.0,17.0,5.0,28.0,44.0,28.0,27.0,35.0,12.0,40.0,21.0,16.0,18.0,7.0,6.0,11.0,1.0,24.0,51.0,15.0,8.0,8.0,13.0,61.0,55.0,41.0,31.0,54.0,49.0,48.0,47.0,56.0,28.0,62.0,49.0,42.0,45.0,28.0,39.0,27.0,21.0,38.0,61.0,32.0,22.0,20.0,27.0,8.0,4.0,7.0,18.0,4.0,2.0,14.0
2019-09-26 12:00:00,9.0,5.0,11.0,11.0,5.0,8.0,4.0,8.0,9.0,6.0,11.0,17.0,13.0,8.0,23.0,20.0,13.0,7.0,12.0,29.0,18.0,13.0,11.0,122.0,76.0,66.0,38.0,77.0,76.0,85.0,80.0,123.0,44.0,141.0,69.0,73.0,62.0,47.0,49.0,45.0,18.0,47.0,99.0,31.0,19.0,37.0,32.0,34.45,21.05,28.36,28.39,31.05,28.61,23.1,39.88,33.74,31.09,36.21,59.86,42.95,51.66,4.3,3.2,3.9,5.6,5.4,0.8,0.7,0.2,0.5,0.7,0.7,0.2,1.66,1.29,1.57,1.5,1.17,1.42,0.16,0.13,0.15,0.5,0.3,0.2,0.5,0.3,0.8,0.2,0.3,0.3,0.3,43.0,18.0,16.0,6.0,20.0,22.0,24.0,23.0,39.0,9.0,54.0,17.0,19.0,14.0,10.0,7.0,11.0,1.0,12.0,30.0,7.0,3.0,9.0,7.0,56.0,49.0,41.0,28.0,47.0,42.0,48.0,45.0,64.0,30.0,58.0,42.0,44.0,41.0,31.0,39.0,28.0,17.0,28.0,52.0,20.0,14.0,23.0,21.0,3.0,6.0,10.0,7.0,1.0,2.0,9.0
2019-09-26 13:00:00,7.0,5.0,9.0,14.0,5.0,6.0,4.0,8.0,9.0,5.0,17.0,18.0,14.0,22.0,16.0,23.0,16.0,13.0,18.0,28.0,22.0,11.0,9.0,88.0,86.0,88.0,52.0,61.0,60.0,70.0,47.0,98.0,56.0,119.0,60.0,82.0,60.0,72.0,58.0,67.0,22.0,60.0,100.0,30.0,20.0,32.0,31.0,37.98,21.94,39.18,42.4,44.86,55.14,31.46,52.73,35.11,59.88,44.57,66.49,53.17,56.95,5.0,4.1,3.3,5.7,4.6,1.6,0.7,0.3,0.4,0.6,0.6,0.2,1.68,1.29,1.57,1.54,1.17,1.42,0.14,0.11,0.15,0.5,0.4,0.2,0.5,0.3,0.7,0.2,0.3,0.2,0.2,26.0,20.0,22.0,10.0,14.0,14.0,17.0,9.0,27.0,12.0,36.0,14.0,19.0,12.0,17.0,8.0,18.0,1.0,14.0,29.0,6.0,3.0,7.0,6.0,49.0,55.0,54.0,37.0,40.0,38.0,44.0,32.0,58.0,39.0,63.0,39.0,53.0,42.0,45.0,46.0,39.0,20.0,38.0,56.0,20.0,15.0,21.0,22.0,3.0,6.0,3.0,9.0,3.0,5.0,13.0
2019-09-26 14:00:00,6.0,6.0,8.0,14.0,5.0,5.0,4.0,8.0,9.0,4.0,12.0,27.0,15.0,26.0,27.0,25.0,25.0,21.0,22.0,31.0,20.0,11.0,15.0,59.0,78.0,118.0,63.0,54.0,52.0,53.0,59.0,68.0,63.0,109.0,66.0,60.0,52.0,73.0,46.0,94.0,19.0,54.0,108.0,54.0,30.0,53.0,40.0,51.15,25.32,51.42,52.77,59.64,58.41,46.16,63.75,52.21,69.94,49.29,71.42,51.84,63.95,7.3,4.8,2.9,4.4,4.8,2.0,1.4,0.4,0.3,0.4,0.6,0.3,1.72,1.27,1.59,1.52,1.17,1.43,0.19,0.1,0.15,0.4,0.6,0.3,0.4,0.2,0.7,0.2,0.3,0.2,0.3,13.0,18.0,31.0,11.0,11.0,11.0,11.0,11.0,15.0,13.0,34.0,13.0,14.0,9.0,17.0,5.0,26.0,1.0,12.0,34.0,12.0,4.0,12.0,9.0,38.0,51.0,69.0,45.0,36.0,35.0,37.0,41.0,45.0,44.0,56.0,45.0,39.0,39.0,47.0,38.0,54.0,17.0,36.0,56.0,36.0,23.0,34.0,26.0,4.0,7.0,10.0,16.0,10.0,9.0,10.0
2019-09-26 15:00:00,5.0,5.0,7.0,13.0,5.0,5.0,4.0,7.0,9.0,4.0,33.0,26.0,18.0,20.0,22.0,19.0,25.0,19.0,30.0,42.0,20.0,13.0,13.0,48.0,68.0,98.0,50.0,36.0,42.0,41.0,49.0,52.0,47.0,95.0,57.0,63.0,37.0,70.0,34.0,93.0,28.0,42.0,101.0,58.0,40.0,43.0,38.0,60.62,37.08,67.06,62.76,69.21,66.6,57.21,71.74,65.29,78.57,58.61,71.82,61.98,76.35,5.1,5.1,2.6,3.1,3.5,2.0,1.0,0.5,0.2,0.3,0.5,0.3,1.78,1.26,1.69,1.59,1.17,1.56,0.19,0.09,0.14,0.3,0.3,0.2,0.4,0.2,0.6,0.2,0.3,0.2,0.3,9.0,14.0,23.0,7.0,6.0,8.0,7.0,9.0,10.0,10.0,30.0,10.0,16.0,4.0,16.0,3.0,25.0,2.0,8.0,27.0,12.0,6.0,8.0,9.0,34.0,46.0,62.0,38.0,26.0,30.0,30.0,35.0,37.0,32.0,50.0,42.0,38.0,30.0,46.0,30.0,54.0,25.0,29.0,60.0,40.0,31.0,30.0,25.0,3.0,10.0,8.0,16.0,8.0,15.0,8.0
2019-09-26 16:00:00,5.0,6.0,5.0,13.0,5.0,3.0,4.0,7.0,9.0,4.0,26.0,26.0,15.0,20.0,27.0,13.0,25.0,19.0,27.0,36.0,19.0,12.0,13.0,32.0,61.0,71.0,41.0,21.0,24.0,22.0,39.0,32.0,40.0,72.0,53.0,42.0,21.0,49.0,20.0,92.0,25.0,34.0,56.0,48.0,38.0,33.0,37.0,72.59,45.42,87.23,83.42,85.91,76.58,74.51,77.98,85.79,85.67,82.54,80.45,72.94,82.19,3.9,5.9,2.2,2.8,3.2,1.4,0.7,0.5,0.2,0.2,0.4,0.1,1.82,1.26,1.7,1.6,1.17,1.57,0.23,0.09,0.13,0.3,0.3,0.2,0.3,0.2,0.6,0.2,0.3,0.2,0.3,5.0,13.0,14.0,5.0,3.0,4.0,3.0,6.0,5.0,7.0,19.0,9.0,9.0,1.0,9.0,1.0,27.0,1.0,6.0,13.0,9.0,5.0,6.0,7.0,24.0,42.0,49.0,33.0,16.0,18.0,17.0,30.0,25.0,30.0,42.0,39.0,28.0,19.0,36.0,18.0,50.0,23.0,24.0,37.0,35.0,30.0,24.0,27.0,3.0,8.0,12.0,19.0,7.0,12.0,10.0
2019-09-26 17:00:00,6.0,6.0,4.0,12.0,5.0,2.0,4.0,7.0,8.0,4.0,10.0,15.0,8.0,25.0,30.0,13.0,35.0,16.0,22.0,35.0,16.0,9.0,7.0,24.0,54.0,86.0,32.0,20.0,17.0,13.0,33.0,23.0,42.0,34.0,30.0,35.0,16.0,41.0,15.0,68.0,22.0,27.0,48.0,33.0,19.0,25.0,21.0,82.84,54.21,92.58,97.26,100.1,86.63,88.85,96.81,96.95,96.72,91.5,97.48,83.21,98.26,4.1,4.0,1.2,0.9,3.1,1.7,0.7,0.3,0.1,0.2,0.4,0.2,1.88,1.28,1.63,1.58,1.2,1.49,0.31,0.08,0.15,0.3,0.3,0.2,0.3,0.2,0.6,0.2,0.2,0.1,0.3,4.0,10.0,19.0,2.0,3.0,2.0,1.0,4.0,3.0,7.0,6.0,4.0,5.0,1.0,7.0,1.0,19.0,1.0,4.0,10.0,5.0,2.0,4.0,1.0,19.0,39.0,57.0,29.0,15.0,14.0,11.0,27.0,19.0,31.0,25.0,24.0,27.0,14.0,31.0,14.0,39.0,21.0,22.0,33.0,25.0,16.0,20.0,20.0,3.0,2.0,18.0,29.0,6.0,9.0,9.0
2019-09-26 18:00:00,6.0,6.0,4.0,12.0,5.0,3.0,4.0,8.0,8.0,4.0,12.0,10.0,15.0,22.0,26.0,10.0,26.0,28.0,16.0,31.0,16.0,10.0,7.0,24.0,45.0,77.0,39.0,25.0,21.0,12.0,32.0,23.0,42.0,53.0,39.0,31.0,14.0,47.0,12.0,54.0,25.0,33.0,72.0,31.0,15.0,23.0,26.0,92.68,57.22,95.72,97.65,105.3,93.14,97.65,99.12,105.5,98.01,85.69,108.7,91.23,109.3,3.6,3.7,1.9,0.9,2.4,1.8,0.6,0.4,0.2,0.1,0.4,0.2,1.8,1.24,1.61,1.54,1.17,1.46,0.26,0.08,0.15,0.3,0.3,0.2,0.3,0.2,0.6,0.2,0.2,0.2,0.3,3.0,7.0,14.0,3.0,4.0,2.0,1.0,3.0,2.0,6.0,11.0,5.0,4.0,1.0,6.0,1.0,11.0,1.0,4.0,15.0,4.0,1.0,3.0,6.0,20.0,34.0,56.0,35.0,19.0,17.0,10.0,28.0,19.0,33.0,37.0,32.0,25.0,13.0,38.0,10.0,37.0,23.0,27.0,49.0,25.0,13.0,19.0,17.0,4.0,7.0,16.0,22.0,19.0,5.0,8.0
2019-09-26 19:00:00,6.0,6.0,5.0,12.0,5.0,3.0,4.0,8.0,8.0,4.0,28.0,14.0,15.0,25.0,28.0,15.0,31.0,18.0,12.0,33.0,15.0,9.0,7.0,26.0,61.0,95.0,54.0,32.0,23.0,11.0,33.0,30.0,42.0,51.0,42.0,42.0,17.0,55.0,15.0,62.0,36.0,44.0,136.0,32.0,15.0,22.0,20.0,85.17,51.52,86.61,91.53,104.6,92.41,93.6,94.22,100.8,90.31,65.19,108.7,92.7,111.1,3.1,3.9,2.3,0.7,2.4,1.9,0.6,0.3,0.2,0.1,0.5,0.2,1.76,1.23,1.58,1.51,1.16,1.44,0.25,0.07,0.14,0.3,0.4,0.2,0.4,0.2,0.6,0.2,0.3,0.4,0.3,3.0,10.0,19.0,4.0,4.0,2.0,1.0,2.0,3.0,5.0,9.0,2.0,5.0,1.0,6.0,1.0,9.0,2.0,5.0,42.0,3.0,1.0,2.0,1.0,22.0,46.0,66.0,47.0,26.0,20.0,9.0,30.0,25.0,35.0,37.0,38.0,34.0,16.0,45.0,13.0,48.0,33.0,36.0,72.0,27.0,14.0,19.0,19.0,16.0,8.0,16.0,25.0,10.0,1.0,7.0
2019-09-26 20:00:00,6.0,6.0,6.0,12.0,5.0,7.0,4.0,8.0,9.0,4.0,19.0,18.0,13.0,17.0,23.0,20.0,25.0,19.0,16.0,37.0,30.0,8.0,8.0,33.0,55.0,158.0,60.0,57.0,35.0,16.0,40.0,39.0,54.0,62.0,44.0,62.0,25.0,55.0,19.0,80.0,54.0,43.0,168.0,53.0,22.0,32.0,25.0,76.8,40.54,63.77,77.33,93.97,80.52,81.75,81.18,82.54,73.15,43.09,94.63,80.74,104.4,3.2,4.8,2.7,0.8,2.8,1.7,0.7,0.5,0.3,0.1,0.5,0.2,1.72,1.24,1.66,1.5,1.16,1.52,0.22,0.08,0.14,0.3,0.3,0.3,0.4,0.2,0.7,0.2,0.3,0.3,0.3,2.0,5.0,40.0,2.0,6.0,3.0,1.0,1.0,3.0,4.0,9.0,1.0,6.0,1.0,2.0,1.0,9.0,3.0,2.0,50.0,3.0,1.0,1.0,1.0,29.0,47.0,97.0,57.0,48.0,31.0,15.0,39.0,34.0,49.0,48.0,43.0,52.0,24.0,51.0,17.0,66.0,49.0,41.0,91.0,48.0,21.0,31.0,23.0,6.0,6.0,10.0,17.0,12.0,6.0,13.0
2019-09-26 21:00:00,6.0,5.0,7.0,11.0,5.0,8.0,4.0,7.0,9.0,4.0,33.0,13.0,12.0,17.0,25.0,22.0,19.0,18.0,16.0,40.0,21.0,12.0,11.0,67.0,125.0,184.0,88.0,77.0,81.0,44.0,80.0,79.0,92.0,96.0,75.0,99.0,70.0,105.0,31.0,74.0,82.0,99.0,287.0,79.0,60.0,60.0,40.0,26.16,19.75,37.53,29.13,64.1,42.24,46.73,49.15,58.74,47.22,5.99,42.4,45.79,74.65,4.7,4.9,4.9,1.7,3.1,1.2,1.1,0.6,0.4,0.2,0.6,0.1,1.8,1.26,1.87,1.54,1.17,1.68,0.25,0.09,0.19,0.4,0.5,0.3,0.5,0.2,0.8,0.3,0.4,0.6,0.4,5.0,15.0,40.0,1.0,3.0,6.0,1.0,1.0,5.0,6.0,11.0,1.0,9.0,1.0,7.0,1.0,2.0,6.0,9.0,92.0,4.0,1.0,1.0,1.0,59.0,101.0,123.0,86.0,73.0,72.0,42.0,78.0,72.0,83.0,79.0,73.0,85.0,69.0,95.0,29.0,72.0,73.0,84.0,145.0,73.0,58.0,58.0,38.0,10.0,5.0,13.0,11.0,10.0,7.0,10.0
2019-09-26 22:00:00,8.0,5.0,11.0,12.0,5.0,7.0,4.0,8.0,9.0,5.0,29.0,17.0,16.0,29.0,17.0,35.0,23.0,24.0,17.0,45.0,38.0,17.0,29.0,108.0,146.0,284.0,131.0,207.0,155.0,107.0,125.0,111.0,135.0,155.0,195.0,80.0,102.0,148.0,53.0,113.0,79.0,134.0,509.0,129.0,78.0,123.0,81.0,12.03,4.64,4.12,1.25,12.26,10.36,18.34,4.64,26.95,44.41,4.89,17.93,5.22,21.67,6.2,11.1,10.0,3.7,3.7,2.6,1.5,1.4,0.8,0.5,0.8,0.4,1.92,1.32,1.83,1.66,1.18,1.61,0.27,0.14,0.22,0.5,0.6,0.4,0.7,0.4,0.9,0.4,0.9,1.2,0.6,12.0,21.0,85.0,9.0,54.0,35.0,4.0,6.0,11.0,17.0,25.0,46.0,4.0,1.0,20.0,1.0,6.0,4.0,24.0,221.0,12.0,6.0,7.0,10.0,90.0,114.0,155.0,116.0,125.0,103.0,101.0,116.0,95.0,109.0,117.0,124.0,74.0,100.0,117.0,51.0,104.0,73.0,97.0,170.0,111.0,69.0,111.0,66.0,7.0,6.0,4.0,16.0,14.0,6.0,23.0
2019-09-26 23:00:00,8.0,5.0,15.0,13.0,5.0,6.0,4.0,8.0,9.0,7.0,26.0,21.0,25.0,36.0,28.0,35.0,26.0,27.0,24.0,29.0,54.0,20.0,18.0,104.0,112.0,267.0,187.0,328.0,193.0,159.0,161.0,110.0,127.0,121.0,280.0,83.0,114.0,192.0,64.0,165.0,170.0,152.0,556.0,154.0,62.0,160.0,65.0,21.91,1.87,3.94,0.95,1.01,2.94,16.63,3.34,20.82,5.28,4.78,18.66,1.21,27.68,4.9,21.0,15.2,5.1,4.0,3.1,1.2,2.6,1.1,0.8,0.8,0.6,2.07,1.35,2.03,1.83,1.19,1.75,0.23,0.16,0.28,0.6,0.4,0.7,0.8,0.4,0.8,0.5,1.3,1.1,0.7,14.0,13.0,80.0,42.0,129.0,59.0,26.0,23.0,10.0,15.0,13.0,94.0,4.0,6.0,49.0,1.0,26.0,39.0,39.0,256.0,22.0,2.0,29.0,7.0,83.0,91.0,144.0,123.0,130.0,102.0,119.0,125.0,95.0,104.0,101.0,135.0,76.0,105.0,116.0,63.0,125.0,111.0,92.0,164.0,121.0,59.0,116.0,55.0,10.0,10.0,15.0,19.0,15.0,11.0,34.0
2019-09-27 00:00:00,10.0,5.0,16.0,14.0,5.0,7.0,4.0,9.0,9.0,8.0,15.0,26.0,32.0,31.0,27.0,29.0,27.0,29.0,30.0,37.0,66.0,18.0,22.0,211.0,133.0,302.0,148.0,353.0,249.0,159.0,267.0,147.0,105.0,146.0,279.0,111.0,202.0,249.0,64.0,173.0,164.0,276.0,680.0,118.0,50.0,115.0,59.0,7.5,2.16,3.58,1.22,1.0,1.04,4.17,3.18,20.77,1.99,5.02,18.44,2.52,26.59,5.2,16.9,20.5,6.6,4.4,3.6,1.2,1.9,1.6,1.0,0.9,0.7,2.66,1.36,2.04,2.38,1.19,1.77,0.28,0.17,0.27,0.9,0.5,0.6,1.2,0.4,1.0,0.4,1.3,1.4,0.6,80.0,16.0,105.0,22.0,148.0,105.0,31.0,89.0,23.0,9.0,22.0,98.0,6.0,58.0,82.0,1.0,34.0,36.0,107.0,330.0,13.0,1.0,8.0,9.0,88.0,109.0,142.0,114.0,127.0,89.0,112.0,130.0,111.0,91.0,112.0,129.0,102.0,114.0,123.0,63.0,122.0,110.0,111.0,173.0,98.0,48.0,103.0,46.0,3.0,16.0,13.0,17.0,15.0,15.0,43.0
2019-09-27 01:00:00,10.0,6.0,15.0,13.0,5.0,9.0,4.0,10.0,10.0,9.0,26.0,27.0,27.0,32.0,31.0,32.0,48.0,35.0,26.0,40.0,54.0,20.0,23.0,216.0,274.0,302.0,168.0,294.0,183.0,140.0,157.0,190.0,84.0,218.0,262.0,119.0,275.0,261.0,129.0,189.0,131.0,181.0,281.0,169.0,41.0,164.0,87.0,0.89,2.12,3.14,1.04,1.0,1.14,2.18,2.93,2.95,2.96,4.02,16.34,1.12,10.36,9.1,19.9,16.4,5.3,6.6,4.2,1.8,2.2,1.6,0.8,1.1,0.6,2.6,1.34,2.08,2.18,1.19,1.85,0.42,0.15,0.23,0.9,1.0,0.7,0.9,0.4,1.1,0.4,1.1,0.7,0.7,89.0,93.0,109.0,38.0,120.0,71.0,27.0,32.0,53.0,4.0,64.0,94.0,16.0,107.0,92.0,25.0,47.0,19.0,53.0,109.0,37.0,1.0,39.0,33.0,79.0,132.0,135.0,110.0,110.0,74.0,99.0,109.0,109.0,78.0,120.0,118.0,94.0,111.0,120.0,91.0,116.0,102.0,100.0,114.0,113.0,39.0,104.0,36.0,9.0,13.0,15.0,37.0,18.0,10.0,35.0
2019-09-27 02:00:00,10.0,6.0,14.0,10.0,5.0,10.0,4.0,9.0,10.0,9.0,36.0,20.0,22.0,30.0,35.0,29.0,43.0,34.0,37.0,25.0,27.0,14.0,18.0,180.0,212.0,199.0,129.0,257.0,109.0,88.0,75.0,207.0,108.0,204.0,228.0,125.0,191.0,211.0,165.0,322.0,132.0,103.0,146.0,58.0,38.0,95.0,60.0,0.78,2.08,2.95,1.0,2.22,15.06,4.14,2.34,2.36,2.06,4.03,14.18,13.76,12.27,11.3,21.7,10.3,4.3,9.9,3.2,2.1,1.9,0.9,0.7,1.5,0.5,2.54,1.29,1.91,2.15,1.18,1.74,0.39,0.11,0.17,0.7,0.7,0.5,0.6,0.3,1.2,0.4,0.8,0.4,0.4,73.0,62.0,54.0,21.0,105.0,29.0,9.0,4.0,70.0,12.0,60.0,75.0,16.0,63.0,67.0,47.0,129.0,19.0,16.0,36.0,1.0,1.0,12.0,10.0,69.0,117.0,116.0,97.0,97.0,65.0,75.0,69.0,99.0,90.0,112.0,114.0,101.0,94.0,109.0,93.0,125.0,103.0,78.0,90.0,56.0,37.0,76.0,44.0,15.0,10.0,18.0,31.0,18.0,15.0,16.0
2019-09-27 03:00:00,9.0,6.0,13.0,9.0,5.0,11.0,4.0,10.0,10.0,8.0,29.0,16.0,18.0,24.0,29.0,32.0,40.0,29.0,33.0,25.0,17.0,12.0,13.0,127.0,161.0,74.0,43.0,226.0,72.0,95.0,47.0,187.0,100.0,143.0,73.0,138.0,134.0,89.0,162.0,54.0,147.0,70.0,93.0,30.0,33.0,25.0,40.0,5.05,13.85,2.62,0.84,0.95,26.92,2.95,19.82,2.55,1.71,4.06,13.96,39.91,30.48,13.9,27.6,5.5,3.1,11.5,2.2,2.1,0.9,0.5,0.5,1.4,0.3,2.21,1.31,1.82,1.85,1.18,1.67,0.36,0.13,0.15,0.5,0.6,0.3,0.5,0.3,1.0,0.3,0.3,0.3,0.3,44.0,39.0,6.0,1.0,90.0,10.0,15.0,1.0,67.0,12.0,35.0,3.0,23.0,38.0,10.0,55.0,4.0,30.0,4.0,12.0,1.0,1.0,1.0,1.0,60.0,100.0,65.0,41.0,88.0,57.0,73.0,46.0,85.0,82.0,90.0,69.0,103.0,76.0,73.0,78.0,48.0,101.0,64.0,75.0,29.0,32.0,23.0,38.0,11.0,10.0,13.0,31.0,17.0,10.0,10.0
2019-09-27 04:00:00,9.0,5.0,12.0,8.0,5.0,9.0,4.0,9.0,9.0,8.0,29.0,12.0,18.0,18.0,17.0,19.0,30.0,18.0,10.0,21.0,15.0,11.0,8.0,74.0,65.0,36.0,34.0,164.0,67.0,74.0,42.0,86.0,54.0,82.0,51.0,70.0,95.0,32.0,90.0,62.0,107.0,55.0,92.0,26.0,29.0,24.0,27.0,22.43,16.79,2.38,1.15,1.49,24.49,7.81,29.36,6.37,5.76,4.39,14.12,37.96,52.83,8.6,27.1,4.8,4.1,9.9,1.7,1.2,0.2,0.5,0.6,1.0,0.2,1.92,1.31,1.75,1.66,1.19,1.6,0.25,0.12,0.15,0.4,0.3,0.2,0.5,0.3,0.9,0.2,0.3,0.3,0.3,15.0,5.0,1.0,1.0,57.0,10.0,8.0,1.0,16.0,4.0,9.0,2.0,3.0,19.0,1.0,17.0,6.0,16.0,2.0,14.0,1.0,1.0,1.0,1.0,51.0,57.0,34.0,32.0,77.0,51.0,62.0,41.0,62.0,48.0,68.0,48.0,65.0,65.0,31.0,64.0,52.0,83.0,52.0,71.0,24.0,27.0,22.0,25.0,15.0,10.0,5.0,23.0,11.0,1.0,9.0
2019-09-27 05:00:00,8.0,5.0,12.0,8.0,4.0,10.0,4.0,8.0,9.0,7.0,43.0,11.0,16.0,15.0,14.0,19.0,28.0,14.0,18.0,14.0,16.0,11.0,10.0,82.0,76.0,32.0,29.0,145.0,67.0,44.0,58.0,103.0,44.0,88.0,58.0,44.0,68.0,29.0,42.0,43.0,66.0,75.0,79.0,22.0,29.0,20.0,29.0,11.52,20.86,2.5,1.43,12.43,14.3,3.34,20.92,15.75,13.38,5.87,13.05,38.81,41.88,6.8,13.2,4.0,2.5,7.6,1.4,1.0,0.2,0.4,0.4,0.8,0.1,1.86,1.28,1.9,1.64,1.19,1.76,0.23,0.1,0.15,0.4,0.4,0.2,0.4,0.2,1.1,0.2,0.3,0.2,0.2,24.0,10.0,1.0,1.0,49.0,15.0,2.0,3.0,25.0,3.0,11.0,1.0,1.0,5.0,1.0,1.0,4.0,2.0,8.0,11.0,1.0,1.0,1.0,1.0,46.0,61.0,31.0,28.0,70.0,44.0,41.0,54.0,65.0,40.0,71.0,56.0,41.0,60.0,28.0,41.0,37.0,64.0,63.0,62.0,20.0,27.0,19.0,27.0,28.0,10.0,3.0,23.0,9.0,8.0,10.0
2019-09-27 06:00:00,8.0,5.0,12.0,8.0,4.0,10.0,4.0,8.0,9.0,8.0,27.0,11.0,14.0,11.0,22.0,16.0,17.0,14.0,17.0,21.0,13.0,11.0,8.0,68.0,93.0,26.0,34.0,127.0,37.0,34.0,60.0,76.0,38.0,63.0,63.0,37.0,56.0,22.0,30.0,41.0,54.0,74.0,50.0,24.0,26.0,20.0,26.0,9.95,20.17,2.16,9.56,14.12,9.78,7.23,16.35,22.65,21.04,14.05,11.25,38.97,40.7,6.9,10.8,3.7,1.5,6.6,1.4,0.8,0.2,0.3,0.2,0.7,0.2,1.83,1.28,1.7,1.61,1.19,1.56,0.22,0.1,0.14,0.3,0.4,0.2,0.4,0.2,1.0,0.2,0.3,0.2,0.2,19.0,21.0,1.0,1.0,40.0,3.0,1.0,6.0,14.0,4.0,4.0,3.0,2.0,2.0,1.0,1.0,5.0,2.0,14.0,3.0,1.0,1.0,1.0,1.0,40.0,61.0,25.0,32.0,65.0,33.0,32.0,51.0,55.0,32.0,57.0,58.0,35.0,53.0,20.0,28.0,34.0,51.0,53.0,45.0,22.0,25.0,19.0,24.0,15.0,9.0,11.0,12.0,9.0,9.0,9.0
2019-09-27 07:00:00,10.0,5.0,12.0,7.0,4.0,10.0,4.0,9.0,9.0,7.0,18.0,10.0,12.0,26.0,19.0,11.0,11.0,14.0,16.0,14.0,12.0,12.0,6.0,88.0,64.0,43.0,32.0,156.0,48.0,29.0,97.0,75.0,55.0,97.0,108.0,53.0,60.0,23.0,24.0,67.0,103.0,101.0,88.0,44.0,35.0,24.0,33.0,18.97,20.74,2.25,4.46,12.02,2.67,8.75,4.29,27.77,3.39,8.96,6.7,34.03,30.64,8.5,7.8,3.2,1.8,5.6,1.4,0.7,0.2,0.3,0.3,0.6,0.2,1.76,1.3,1.89,1.57,1.22,1.74,0.2,0.09,0.15,0.4,0.3,0.2,0.4,0.2,0.7,0.2,0.3,0.2,0.3,29.0,5.0,3.0,1.0,59.0,8.0,1.0,20.0,13.0,8.0,18.0,24.0,4.0,8.0,1.0,1.0,7.0,19.0,24.0,22.0,2.0,6.0,1.0,2.0,44.0,56.0,39.0,29.0,65.0,36.0,27.0,66.0,55.0,43.0,70.0,72.0,47.0,48.0,22.0,22.0,56.0,74.0,64.0,54.0,41.0,27.0,23.0,31.0,7.0,8.0,11.0,8.0,9.0,10.0,8.0
2019-09-27 08:00:00,13.0,5.0,14.0,8.0,4.0,10.0,4.0,10.0,10.0,7.0,13.0,11.0,11.0,21.0,22.0,16.0,12.0,12.0,18.0,23.0,12.0,14.0,12.0,150.0,173.0,100.0,88.0,223.0,70.0,29.0,147.0,146.0,107.0,155.0,153.0,121.0,118.0,65.0,39.0,108.0,130.0,194.0,120.0,69.0,51.0,43.0,73.0,1.03,5.99,2.32,1.03,9.23,1.02,6.61,1.53,13.69,2.76,4.85,3.64,19.57,9.33,6.6,9.6,3.8,2.5,4.2,1.4,0.9,0.3,0.5,0.3,0.6,0.3,1.78,1.31,1.79,1.56,1.24,1.62,0.22,0.08,0.18,0.4,0.5,0.3,0.5,0.2,0.9,0.4,0.4,0.3,0.3,60.0,53.0,16.0,16.0,99.0,19.0,1.0,45.0,50.0,30.0,42.0,41.0,26.0,42.0,4.0,1.0,20.0,33.0,75.0,39.0,8.0,15.0,1.0,29.0,58.0,92.0,75.0,63.0,71.0,40.0,27.0,78.0,69.0,60.0,90.0,91.0,82.0,53.0,59.0,37.0,77.0,79.0,79.0,60.0,56.0,29.0,41.0,28.0,4.0,7.0,12.0,7.0,8.0,6.0,7.0
2019-09-27 09:00:00,14.0,6.0,18.0,9.0,5.0,10.0,5.0,11.0,11.0,7.0,13.0,15.0,11.0,32.0,23.0,38.0,25.0,16.0,24.0,16.0,16.0,11.0,13.0,269.0,227.0,139.0,142.0,348.0,116.0,52.0,255.0,186.0,199.0,248.0,298.0,209.0,207.0,108.0,53.0,121.0,190.0,240.0,225.0,74.0,48.0,100.0,83.0,0.99,2.83,2.68,0.96,10.92,1.25,2.04,2.12,7.91,3.17,4.97,4.44,4.55,4.08,7.0,6.3,4.3,2.0,5.1,1.6,1.6,0.5,0.7,0.2,0.8,0.5,1.81,1.34,1.77,1.56,1.26,1.58,0.25,0.08,0.19,0.8,0.7,0.4,0.7,0.2,1.0,0.6,0.9,0.5,0.3,132.0,87.0,36.0,44.0,171.0,51.0,12.0,105.0,77.0,77.0,95.0,133.0,76.0,92.0,22.0,2.0,29.0,71.0,106.0,99.0,11.0,14.0,26.0,37.0,66.0,94.0,83.0,75.0,86.0,37.0,33.0,94.0,68.0,80.0,103.0,94.0,93.0,66.0,75.0,49.0,77.0,81.0,77.0,74.0,56.0,25.0,60.0,26.0,3.0,7.0,7.0,19.0,9.0,9.0,8.0
2019-09-27 10:00:00,13.0,6.0,14.0,11.0,5.0,10.0,5.0,11.0,11.0,8.0,34.0,22.0,14.0,50.0,38.0,44.0,27.0,23.0,23.0,38.0,25.0,19.0,21.0,341.0,220.0,162.0,172.0,219.0,152.0,110.0,187.0,224.0,169.0,242.0,334.0,177.0,245.0,139.0,121.0,139.0,232.0,150.0,285.0,112.0,32.0,150.0,114.0,4.75,4.36,3.85,2.08,6.97,5.74,5.67,4.48,2.21,6.03,7.17,16.49,9.1,11.42,8.2,7.2,6.2,2.2,7.5,2.5,1.9,0.9,0.9,0.4,1.1,0.7,1.89,1.34,1.76,1.59,1.25,1.58,0.29,0.09,0.18,0.9,0.8,1.0,0.7,0.3,1.3,0.5,0.9,0.7,0.5,178.0,81.0,51.0,61.0,91.0,73.0,42.0,71.0,91.0,63.0,96.0,149.0,61.0,108.0,41.0,40.0,41.0,96.0,58.0,131.0,33.0,9.0,53.0,63.0,69.0,95.0,84.0,78.0,80.0,40.0,46.0,78.0,84.0,72.0,95.0,105.0,83.0,79.0,77.0,60.0,76.0,86.0,62.0,84.0,62.0,19.0,69.0,16.0,12.0,8.0,16.0,19.0,10.0,7.0,16.0
2019-09-27 11:00:00,10.0,7.0,15.0,11.0,6.0,11.0,5.0,10.0,11.0,7.0,38.0,24.0,24.0,39.0,40.0,50.0,44.0,28.0,26.0,49.0,32.0,16.0,21.0,173.0,182.0,140.0,39.0,251.0,144.0,153.0,102.0,218.0,127.0,187.0,130.0,163.0,261.0,111.0,143.0,106.0,154.0,81.0,253.0,65.0,40.0,58.0,56.0,12.22,11.29,6.29,7.45,11.51,22.6,7.43,20.63,4.53,15.2,11.34,30.91,29.59,35.39,10.0,5.2,7.6,3.5,7.5,1.5,1.7,0.6,0.7,0.7,1.2,0.3,1.87,1.37,1.76,1.6,1.24,1.6,0.27,0.13,0.15,0.6,0.6,0.4,0.7,0.4,1.1,0.3,0.4,0.6,0.3,72.0,61.0,41.0,5.0,102.0,59.0,60.0,28.0,87.0,41.0,67.0,36.0,54.0,113.0,29.0,43.0,30.0,51.0,24.0,107.0,17.0,11.0,16.0,21.0,63.0,89.0,78.0,31.0,95.0,54.0,61.0,59.0,85.0,63.0,84.0,74.0,80.0,87.0,66.0,76.0,60.0,75.0,45.0,89.0,39.0,24.0,34.0,24.0,14.0,13.0,16.0,33.0,15.0,9.0,17.0
2019-09-27 12:00:00,10.0,6.0,14.0,14.0,6.0,10.0,5.0,10.0,11.0,7.0,26.0,23.0,35.0,33.0,38.0,34.0,45.0,23.0,28.0,43.0,35.0,14.0,13.0,194.0,169.0,88.0,38.0,206.0,161.0,142.0,91.0,228.0,88.0,195.0,83.0,140.0,170.0,131.0,124.0,74.0,109.0,69.0,99.0,36.0,45.0,60.0,38.0,18.04,27.19,11.19,14.63,24.69,38.72,9.6,44.22,10.7,29.81,20.26,48.75,41.88,52.52,9.7,5.1,8.6,7.3,6.4,0.9,1.4,0.4,0.8,1.0,1.0,0.2,1.89,1.39,1.65,1.6,1.23,1.51,0.3,0.16,0.14,0.8,0.6,0.3,0.8,0.5,1.2,0.3,0.3,0.5,0.3,77.0,51.0,18.0,6.0,73.0,59.0,45.0,21.0,84.0,20.0,67.0,18.0,41.0,57.0,37.0,28.0,18.0,27.0,15.0,30.0,7.0,8.0,14.0,9.0,76.0,91.0,61.0,28.0,94.0,71.0,73.0,59.0,99.0,57.0,93.0,56.0,76.0,83.0,74.0,81.0,47.0,68.0,45.0,52.0,26.0,32.0,38.0,24.0,7.0,18.0,15.0,31.0,8.0,12.0,9.0
2019-09-27 13:00:00,8.0,6.0,11.0,15.0,6.0,9.0,5.0,9.0,11.0,6.0,23.0,31.0,36.0,21.0,47.0,38.0,47.0,29.0,26.0,42.0,36.0,13.0,7.0,148.0,129.0,102.0,52.0,146.0,104.0,100.0,72.0,142.0,92.0,173.0,92.0,140.0,122.0,127.0,95.0,82.0,106.0,65.0,171.0,35.0,43.0,54.0,30.0,34.56,21.94,21.1,33.18,45.38,56.77,25.38,51.2,27.9,38.44,30.95,68.08,58.9,70.75,13.2,4.9,7.5,7.0,6.8,1.2,1.9,0.4,0.7,0.8,0.9,0.3,1.84,1.36,1.66,1.58,1.22,1.51,0.26,0.14,0.15,0.6,0.6,0.3,0.6,0.4,0.9,0.3,0.4,0.4,0.3,51.0,32.0,21.0,10.0,43.0,27.0,23.0,14.0,39.0,19.0,49.0,19.0,37.0,29.0,33.0,15.0,19.0,23.0,14.0,52.0,6.0,6.0,10.0,4.0,70.0,80.0,70.0,37.0,80.0,63.0,65.0,50.0,82.0,64.0,98.0,63.0,83.0,77.0,77.0,72.0,53.0,71.0,44.0,92.0,26.0,33.0,38.0,24.0,4.0,15.0,20.0,34.0,12.0,9.0,21.0
2019-09-27 14:00:00,12.0,6.0,9.0,14.0,5.0,8.0,5.0,8.0,11.0,5.0,26.0,25.0,35.0,21.0,26.0,19.0,52.0,35.0,29.0,45.0,31.0,14.0,11.0,87.0,101.0,105.0,86.0,105.0,84.0,65.0,66.0,92.0,99.0,113.0,80.0,114.0,102.0,95.0,71.0,143.0,71.0,64.0,149.0,67.0,38.0,61.0,38.0,53.56,37.4,36.73,46.02,64.61,71.25,48.98,66.56,46.19,57.83,46.56,77.48,62.67,79.65,8.3,5.6,5.5,6.7,6.3,1.2,1.2,0.5,0.6,0.7,0.8,0.4,1.8,1.29,1.66,1.56,1.18,1.5,0.24,0.11,0.16,0.4,0.4,0.4,0.5,0.3,0.8,0.3,0.5,0.3,0.3,17.0,21.0,20.0,18.0,23.0,18.0,13.0,11.0,19.0,20.0,28.0,15.0,25.0,19.0,22.0,8.0,42.0,9.0,11.0,41.0,13.0,5.0,11.0,5.0,61.0,69.0,74.0,59.0,69.0,56.0,46.0,49.0,64.0,68.0,70.0,56.0,77.0,73.0,62.0,59.0,79.0,57.0,47.0,86.0,47.0,30.0,44.0,30.0,9.0,17.0,5.0,35.0,18.0,12.0,17.0
2019-09-27 15:00:00,8.0,5.0,7.0,12.0,5.0,4.0,5.0,7.0,10.0,4.0,18.0,25.0,20.0,21.0,30.0,6.0,34.0,22.0,24.0,42.0,23.0,9.0,6.0,36.0,77.0,118.0,68.0,40.0,23.0,10.0,72.0,45.0,77.0,66.0,45.0,77.0,39.0,52.0,36.0,110.0,63.0,69.0,63.0,45.0,24.0,54.0,25.0,71.92,29.75,80.61,88.97,102.3,71.36,71.16,89.75,81.19,71.84,85.92,95.29,70.03,96.05,7.9,4.9,3.0,1.8,4.8,1.6,1.1,0.5,0.3,0.2,0.6,0.4,1.77,1.19,1.64,1.52,1.12,1.47,0.25,0.07,0.18,0.4,0.4,0.3,0.4,0.2,0.7,0.3,0.3,0.2,0.3,6.0,15.0,29.0,11.0,6.0,4.0,1.0,12.0,8.0,15.0,15.0,7.0,15.0,3.0,9.0,2.0,31.0,6.0,13.0,15.0,8.0,3.0,9.0,1.0,27.0,54.0,75.0,51.0,30.0,17.0,8.0,54.0,33.0,54.0,43.0,34.0,54.0,33.0,38.0,32.0,63.0,54.0,50.0,41.0,33.0,20.0,40.0,23.0,5.0,11.0,15.0,20.0,11.0,10.0,13.0
2019-09-27 16:00:00,7.0,5.0,5.0,12.0,4.0,1.0,4.0,7.0,9.0,4.0,15.0,11.0,16.0,34.0,23.0,2.0,21.0,16.0,25.0,31.0,18.0,5.0,1.0,23.0,66.0,68.0,49.0,20.0,17.0,6.0,42.0,20.0,39.0,40.0,32.0,30.0,14.0,40.0,11.0,57.0,25.0,37.0,56.0,30.0,8.0,27.0,19.0,86.48,42.72,91.19,94.33,106.3,91.43,95.84,105.4,105.4,100.4,91.05,107.0,91.06,109.9,4.5,4.4,1.1,0.4,2.9,2.0,0.7,0.5,0.2,0.1,0.4,0.3,1.81,1.18,1.56,1.49,1.11,1.41,0.32,0.07,0.15,0.3,0.3,0.3,0.3,0.1,0.6,0.2,0.2,0.1,0.3,4.0,15.0,15.0,8.0,3.0,3.0,1.0,6.0,3.0,7.0,9.0,5.0,4.0,1.0,6.0,1.0,15.0,1.0,6.0,14.0,5.0,1.0,4.0,1.0,17.0,43.0,45.0,37.0,15.0,12.0,5.0,34.0,16.0,29.0,26.0,24.0,23.0,13.0,31.0,9.0,34.0,23.0,29.0,35.0,22.0,7.0,21.0,17.0,7.0,11.0,13.0,12.0,10.0,13.0,13.0
2019-09-27 17:00:00,7.0,6.0,4.0,12.0,5.0,1.0,4.0,7.0,8.0,3.0,15.0,10.0,6.0,8.0,15.0,3.0,13.0,8.0,20.0,24.0,11.0,7.0,5.0,23.0,45.0,82.0,35.0,23.0,15.0,8.0,25.0,21.0,41.0,42.0,31.0,23.0,12.0,39.0,9.0,37.0,20.0,25.0,57.0,26.0,9.0,14.0,28.0,91.42,52.98,90.45,95.38,104.3,103.7,96.42,103.8,105.1,101.0,87.15,106.4,99.58,107.6,3.7,2.4,1.5,0.2,2.1,1.5,0.7,0.3,0.2,0.1,0.4,0.2,1.86,1.19,1.53,1.49,1.11,1.38,0.37,0.08,0.15,0.3,0.3,0.2,0.3,0.1,0.5,0.2,0.2,0.1,0.2,3.0,9.0,19.0,5.0,4.0,2.0,1.0,3.0,3.0,9.0,9.0,4.0,3.0,1.0,6.0,1.0,7.0,1.0,3.0,12.0,4.0,1.0,2.0,9.0,18.0,32.0,52.0,27.0,17.0,12.0,7.0,21.0,16.0,27.0,28.0,24.0,18.0,11.0,29.0,7.0,27.0,19.0,20.0,39.0,20.0,7.0,12.0,14.0,8.0,3.0,7.0,8.0,5.0,11.0,7.0
2019-09-27 18:00:00,7.0,6.0,4.0,12.0,5.0,2.0,4.0,8.0,8.0,4.0,3.0,9.0,7.0,8.0,11.0,4.0,12.0,11.0,10.0,25.0,8.0,8.0,3.0,24.0,50.0,80.0,37.0,30.0,22.0,9.0,24.0,20.0,48.0,35.0,31.0,25.0,12.0,35.0,7.0,72.0,22.0,28.0,68.0,28.0,12.0,13.0,19.0,89.24,52.68,86.31,90.29,104.6,100.3,97.57,101.9,106.0,99.07,83.82,105.6,99.17,113.0,3.4,2.5,1.4,0.4,2.2,0.9,0.7,0.3,0.2,0.1,0.4,0.2,1.84,1.19,1.53,1.48,1.11,1.38,0.35,0.08,0.15,0.3,0.3,0.2,0.3,0.2,0.5,0.2,0.2,0.1,0.2,3.0,9.0,17.0,5.0,5.0,3.0,1.0,2.0,2.0,8.0,7.0,3.0,3.0,1.0,4.0,1.0,23.0,1.0,4.0,15.0,4.0,1.0,1.0,3.0,19.0,36.0,55.0,30.0,23.0,17.0,7.0,21.0,16.0,37.0,25.0,26.0,20.0,10.0,29.0,6.0,37.0,21.0,22.0,45.0,22.0,11.0,11.0,15.0,2.0,4.0,3.0,6.0,6.0,5.0,5.0
2019-09-27 19:00:00,6.0,6.0,4.0,12.0,5.0,3.0,4.0,7.0,8.0,4.0,13.0,11.0,9.0,15.0,19.0,10.0,13.0,12.0,16.0,24.0,11.0,7.0,7.0,28.0,57.0,109.0,43.0,42.0,22.0,12.0,31.0,30.0,36.0,36.0,37.0,31.0,15.0,46.0,11.0,50.0,26.0,34.0,95.0,31.0,12.0,17.0,19.0,82.38,48.13,79.71,89.98,103.3,94.2,87.89,92.95,98.26,95.42,71.67,102.0,93.75,111.4,2.7,3.2,2.0,0.4,2.1,0.9,0.6,0.3,0.3,0.1,0.4,0.3,1.78,1.2,1.54,1.48,1.12,1.38,0.31,0.08,0.15,0.3,0.3,0.3,0.4,0.2,0.6,0.2,0.2,0.2,0.2,3.0,8.0,23.0,4.0,6.0,3.0,1.0,2.0,3.0,4.0,5.0,2.0,3.0,1.0,5.0,1.0,6.0,1.0,3.0,22.0,3.0,1.0,1.0,1.0,23.0,44.0,74.0,38.0,32.0,18.0,10.0,27.0,26.0,30.0,28.0,33.0,26.0,14.0,39.0,10.0,41.0,25.0,29.0,60.0,26.0,11.0,15.0,17.0,6.0,5.0,11.0,9.0,6.0,9.0,7.0
2019-09-27 20:00:00,6.0,6.0,6.0,12.0,4.0,6.0,4.0,7.0,8.0,4.0,22.0,9.0,13.0,39.0,17.0,11.0,11.0,13.0,8.0,26.0,12.0,7.0,5.0,53.0,90.0,90.0,67.0,70.0,34.0,13.0,63.0,31.0,57.0,60.0,38.0,49.0,32.0,57.0,25.0,103.0,31.0,55.0,188.0,40.0,19.0,32.0,19.0,51.53,32.96,60.57,70.49,96.14,66.35,82.04,84.08,79.98,86.61,39.53,88.16,79.74,99.09,3.0,3.6,1.7,0.4,2.0,1.4,0.7,0.4,0.2,0.1,0.4,0.2,1.76,1.19,1.59,1.48,1.11,1.41,0.28,0.09,0.18,0.3,0.4,0.3,0.4,0.2,0.7,0.2,0.2,0.3,0.3,5.0,11.0,12.0,5.0,9.0,2.0,1.0,3.0,1.0,4.0,10.0,1.0,4.0,1.0,4.0,1.0,25.0,1.0,4.0,58.0,4.0,1.0,1.0,1.0,45.0,74.0,72.0,59.0,56.0,31.0,12.0,58.0,29.0,51.0,46.0,36.0,43.0,30.0,51.0,24.0,65.0,30.0,49.0,99.0,34.0,17.0,30.0,18.0,9.0,8.0,9.0,6.0,7.0,1.0,7.0
2019-09-27 21:00:00,7.0,6.0,7.0,10.0,4.0,9.0,4.0,8.0,9.0,4.0,20.0,12.0,10.0,26.0,21.0,11.0,17.0,13.0,9.0,28.0,15.0,7.0,17.0,76.0,138.0,146.0,100.0,102.0,52.0,21.0,61.0,67.0,92.0,97.0,61.0,90.0,50.0,70.0,36.0,144.0,68.0,74.0,336.0,90.0,39.0,47.0,40.0,15.08,11.73,31.46,44.52,82.39,58.11,47.51,52.65,53.87,49.85,16.52,53.72,53.23,71.81,5.4,4.3,2.7,0.3,2.0,1.3,1.1,0.6,0.4,0.1,0.4,0.3,1.82,1.18,1.6,1.5,1.1,1.41,0.33,0.08,0.19,0.4,0.5,0.4,0.4,0.2,0.8,0.3,0.3,0.5,0.3,6.0,18.0,33.0,9.0,13.0,3.0,1.0,4.0,3.0,11.0,17.0,1.0,9.0,1.0,4.0,1.0,38.0,1.0,7.0,127.0,13.0,2.0,1.0,1.0,67.0,111.0,96.0,86.0,82.0,48.0,19.0,55.0,63.0,75.0,71.0,59.0,76.0,48.0,64.0,35.0,85.0,66.0,63.0,140.0,71.0,37.0,45.0,38.0,1.0,4.0,10.0,9.0,8.0,1.0,9.0
2019-09-27 22:00:00,8.0,5.0,9.0,10.0,4.0,7.0,4.0,8.0,9.0,5.0,23.0,13.0,10.0,24.0,17.0,6.0,20.0,9.0,14.0,20.0,15.0,11.0,12.0,75.0,98.0,119.0,110.0,153.0,57.0,25.0,101.0,74.0,78.0,106.0,74.0,99.0,52.0,92.0,38.0,130.0,79.0,101.0,286.0,113.0,37.0,101.0,54.0,29.96,4.95,8.97,34.49,72.73,25.43,36.69,40.35,45.86,35.38,12.98,43.6,17.78,50.46,6.8,5.7,3.9,0.5,2.5,1.2,1.6,0.7,0.6,0.1,0.5,0.3,1.97,1.18,1.6,1.51,1.09,1.41,0.46,0.09,0.2,0.3,0.5,0.4,0.5,0.2,0.8,0.4,0.4,0.6,0.4,4.0,9.0,23.0,10.0,29.0,4.0,1.0,9.0,5.0,6.0,21.0,2.0,9.0,1.0,7.0,1.0,33.0,1.0,14.0,100.0,12.0,1.0,7.0,1.0,69.0,84.0,85.0,95.0,109.0,51.0,23.0,88.0,66.0,69.0,75.0,71.0,85.0,50.0,81.0,37.0,79.0,77.0,79.0,133.0,95.0,36.0,90.0,53.0,9.0,5.0,6.0,13.0,4.0,5.0,11.0
2019-09-27 23:00:00,13.0,5.0,11.0,9.0,4.0,7.0,4.0,8.0,9.0,7.0,24.0,8.0,6.0,20.0,5.0,12.0,8.0,8.0,17.0,2.0,15.0,14.0,15.0,70.0,120.0,117.0,90.0,185.0,54.0,24.0,106.0,68.0,78.0,128.0,112.0,90.0,43.0,68.0,40.0,96.0,161.0,78.0,143.0,99.0,18.0,38.0,65.0,17.41,4.04,3.59,33.97,71.33,21.23,40.9,23.55,44.82,7.61,15.12,45.43,50.98,32.17,5.4,5.3,4.2,0.7,3.0,1.3,1.4,0.9,0.6,0.1,0.7,0.4,1.95,1.18,1.77,1.52,1.09,1.55,0.44,0.09,0.22,0.4,0.6,0.4,0.5,0.2,0.8,0.3,0.5,0.3,0.5,4.0,17.0,20.0,2.0,47.0,3.0,1.0,8.0,5.0,5.0,22.0,15.0,7.0,1.0,4.0,1.0,13.0,31.0,3.0,27.0,7.0,1.0,1.0,3.0,64.0,95.0,86.0,86.0,113.0,50.0,22.0,94.0,60.0,70.0,94.0,89.0,79.0,41.0,62.0,39.0,76.0,114.0,74.0,101.0,88.0,17.0,36.0,60.0,18.0,2.0,1.0,3.0,3.0,9.0,11.0
2019-09-28 00:00:00,9.0,5.0,13.0,8.0,4.0,8.0,4.0,8.0,9.0,8.0,21.0,12.0,7.0,17.0,13.0,12.0,10.0,11.0,17.0,3.0,22.0,11.0,13.0,90.0,112.0,52.0,49.0,217.0,53.0,20.0,106.0,72.0,56.0,114.0,218.0,57.0,89.0,39.0,38.0,74.0,81.0,105.0,347.0,52.0,23.0,20.0,77.0,24.57,13.28,2.81,32.06,74.61,15.78,33.85,2.23,40.11,24.59,3.38,41.12,61.52,19.29,7.0,4.5,5.5,0.6,4.6,1.5,1.6,0.8,0.7,0.1,0.8,0.4,1.87,1.18,1.73,1.52,1.1,1.51,0.36,0.08,0.22,0.6,0.5,0.3,0.5,0.2,0.8,0.3,0.9,0.8,0.4,10.0,20.0,2.0,1.0,69.0,3.0,1.0,9.0,6.0,5.0,15.0,66.0,2.0,6.0,2.0,1.0,4.0,1.0,12.0,143.0,2.0,1.0,1.0,6.0,75.0,81.0,49.0,48.0,110.0,48.0,18.0,92.0,63.0,49.0,90.0,117.0,55.0,80.0,36.0,37.0,68.0,80.0,87.0,127.0,49.0,21.0,19.0,68.0,11.0,3.0,6.0,3.0,7.0,7.0,14.0
2019-09-28 01:00:00,8.0,5.0,14.0,8.0,4.0,8.0,4.0,8.0,9.0,7.0,15.0,14.0,11.0,15.0,14.0,9.0,14.0,13.0,13.0,5.0,35.0,9.0,7.0,67.0,77.0,45.0,43.0,213.0,67.0,25.0,105.0,73.0,58.0,79.0,110.0,54.0,59.0,52.0,37.0,48.0,56.0,146.0,306.0,33.0,30.0,26.0,56.0,28.73,16.73,2.86,14.1,66.26,7.33,28.21,24.55,34.41,42.54,3.44,33.89,49.3,34.88,4.7,2.9,9.1,1.2,5.1,2.0,1.1,0.4,0.8,0.1,0.9,0.4,1.78,1.2,1.76,1.51,1.11,1.5,0.28,0.09,0.26,0.5,0.4,0.2,0.6,0.2,0.8,0.3,0.5,1.0,0.3,10.0,5.0,1.0,1.0,71.0,6.0,1.0,9.0,5.0,7.0,11.0,21.0,2.0,1.0,6.0,1.0,2.0,1.0,38.0,118.0,2.0,1.0,1.0,3.0,51.0,70.0,43.0,42.0,104.0,58.0,23.0,91.0,64.0,47.0,62.0,78.0,50.0,57.0,43.0,35.0,45.0,54.0,89.0,125.0,30.0,28.0,24.0,52.0,10.0,6.0,6.0,7.0,9.0,5.0,22.0
2019-09-28 02:00:00,9.0,5.0,12.0,9.0,4.0,8.0,4.0,8.0,9.0,7.0,9.0,16.0,12.0,17.0,13.0,12.0,15.0,9.0,12.0,21.0,31.0,10.0,8.0,135.0,131.0,109.0,86.0,168.0,96.0,37.0,102.0,62.0,62.0,81.0,68.0,67.0,109.0,63.0,32.0,36.0,53.0,90.0,169.0,54.0,29.0,75.0,43.0,8.47,8.64,2.47,2.21,46.52,4.59,33.56,33.27,37.72,38.62,3.49,28.2,11.94,42.03,4.4,3.8,16.3,1.6,4.1,2.4,1.0,0.4,1.0,0.3,0.7,0.5,1.79,1.24,1.66,1.52,1.13,1.44,0.27,0.11,0.22,0.7,0.6,0.4,0.7,0.2,0.7,0.2,0.3,0.6,0.3,43.0,27.0,22.0,13.0,47.0,21.0,1.0,11.0,3.0,5.0,10.0,3.0,4.0,19.0,2.0,1.0,1.0,1.0,11.0,45.0,3.0,1.0,5.0,1.0,69.0,89.0,76.0,67.0,96.0,64.0,36.0,85.0,58.0,54.0,66.0,62.0,61.0,81.0,60.0,30.0,34.0,51.0,73.0,100.0,49.0,27.0,67.0,41.0,3.0,7.0,6.0,10.0,3.0,8.0,21.0
2019-09-28 03:00:00,8.0,5.0,11.0,10.0,4.0,8.0,4.0,8.0,8.0,7.0,17.0,16.0,14.0,15.0,11.0,10.0,25.0,13.0,7.0,11.0,25.0,10.0,7.0,116.0,110.0,197.0,62.0,134.0,97.0,36.0,114.0,86.0,55.0,114.0,95.0,46.0,181.0,84.0,36.0,52.0,61.0,119.0,192.0,55.0,29.0,57.0,67.0,9.49,7.42,2.32,0.84,38.45,1.0,16.45,5.67,32.45,24.98,3.44,21.71,20.6,21.76,5.3,9.4,22.6,5.3,3.5,2.0,1.1,1.3,1.2,0.3,0.7,0.3,1.79,1.24,1.69,1.52,1.13,1.45,0.28,0.11,0.24,0.6,0.5,0.3,0.7,0.2,0.9,0.2,0.4,0.5,0.3,30.0,16.0,59.0,2.0,32.0,30.0,1.0,19.0,8.0,4.0,17.0,8.0,2.0,57.0,6.0,1.0,2.0,2.0,30.0,65.0,1.0,1.0,2.0,4.0,70.0,85.0,107.0,59.0,86.0,51.0,35.0,85.0,73.0,49.0,88.0,83.0,43.0,94.0,75.0,34.0,49.0,59.0,72.0,93.0,53.0,27.0,53.0,62.0,7.0,9.0,4.0,17.0,8.0,2.0,17.0
2019-09-28 04:00:00,10.0,5.0,11.0,9.0,4.0,9.0,4.0,8.0,9.0,7.0,17.0,13.0,12.0,13.0,13.0,10.0,28.0,11.0,8.0,11.0,22.0,9.0,9.0,150.0,134.0,53.0,50.0,114.0,71.0,41.0,93.0,90.0,51.0,88.0,75.0,36.0,160.0,54.0,35.0,59.0,28.0,125.0,104.0,31.0,26.0,51.0,31.0,9.68,11.63,2.36,1.78,28.1,3.59,8.39,14.32,33.62,54.49,4.14,20.29,22.88,50.78,6.4,16.7,11.0,3.5,3.8,2.0,1.0,0.8,0.8,0.3,0.7,0.3,1.77,1.24,1.83,1.53,1.14,1.55,0.24,0.1,0.28,0.6,0.5,0.2,0.5,0.2,0.9,0.2,0.3,0.3,0.2,59.0,31.0,5.0,1.0,25.0,15.0,1.0,22.0,9.0,6.0,9.0,2.0,1.0,52.0,1.0,1.0,5.0,1.0,39.0,18.0,1.0,1.0,1.0,1.0,60.0,86.0,46.0,49.0,75.0,47.0,40.0,60.0,76.0,42.0,74.0,72.0,34.0,81.0,53.0,34.0,51.0,26.0,65.0,76.0,29.0,25.0,49.0,29.0,7.0,7.0,6.0,19.0,6.0,2.0,15.0
2019-09-28 05:00:00,9.0,5.0,11.0,8.0,4.0,9.0,4.0,8.0,9.0,7.0,11.0,10.0,14.0,17.0,12.0,14.0,25.0,8.0,10.0,4.0,13.0,9.0,6.0,84.0,31.0,20.0,30.0,97.0,47.0,53.0,84.0,62.0,37.0,47.0,37.0,24.0,99.0,15.0,21.0,22.0,42.0,94.0,59.0,19.0,25.0,31.0,15.0,51.88,20.46,3.77,7.67,8.42,8.51,23.79,48.58,40.73,42.98,12.46,19.02,35.14,68.66,8.3,6.7,5.5,4.3,3.6,1.4,0.7,0.4,0.4,0.3,0.6,0.2,1.7,1.28,1.98,1.51,1.16,1.78,0.19,0.12,0.21,0.4,0.2,0.2,0.4,0.2,0.7,0.2,0.2,0.2,0.2,24.0,1.0,1.0,1.0,19.0,3.0,1.0,13.0,6.0,2.0,5.0,1.0,1.0,23.0,1.0,1.0,1.0,1.0,16.0,2.0,1.0,1.0,1.0,1.0,47.0,30.0,19.0,29.0,67.0,42.0,51.0,64.0,53.0,34.0,39.0,36.0,23.0,64.0,14.0,19.0,21.0,40.0,69.0,56.0,17.0,24.0,30.0,13.0,3.0,9.0,6.0,18.0,5.0,1.0,9.0
2019-09-28 06:00:00,8.0,5.0,11.0,7.0,4.0,9.0,4.0,7.0,8.0,7.0,6.0,10.0,10.0,10.0,11.0,14.0,21.0,5.0,10.0,1.0,12.0,10.0,11.0,47.0,39.0,18.0,18.0,74.0,44.0,45.0,71.0,80.0,22.0,37.0,32.0,20.0,48.0,12.0,13.0,29.0,45.0,78.0,75.0,23.0,21.0,33.0,22.0,40.43,27.09,3.87,3.04,8.3,12.75,9.79,46.51,47.33,35.7,8.65,22.15,32.05,56.83,5.1,3.8,3.8,5.0,2.6,1.0,0.4,0.2,0.3,0.4,0.5,0.1,1.69,1.27,1.99,1.52,1.15,1.8,0.17,0.12,0.19,0.3,0.2,0.1,0.4,0.2,1.0,0.2,0.2,0.2,0.2,4.0,3.0,1.0,1.0,7.0,5.0,1.0,3.0,18.0,3.0,3.0,1.0,1.0,1.0,1.0,1.0,2.0,1.0,8.0,10.0,1.0,1.0,1.0,1.0,40.0,34.0,17.0,17.0,62.0,37.0,44.0,65.0,53.0,18.0,33.0,30.0,18.0,46.0,11.0,11.0,26.0,44.0,66.0,59.0,22.0,20.0,31.0,20.0,2.0,6.0,4.0,16.0,3.0,1.0,7.0
2019-09-28 07:00:00,9.0,5.0,11.0,8.0,4.0,10.0,4.0,8.0,8.0,7.0,9.0,8.0,13.0,7.0,13.0,10.0,11.0,7.0,13.0,7.0,11.0,12.0,10.0,57.0,45.0,22.0,20.0,102.0,36.0,37.0,89.0,70.0,20.0,72.0,34.0,20.0,46.0,14.0,17.0,29.0,48.0,70.0,63.0,19.0,22.0,23.0,20.0,35.95,23.94,2.95,9.71,11.53,6.23,9.48,38.43,36.12,29.01,14.38,19.84,38.35,58.5,3.7,3.8,2.6,3.6,2.4,0.8,0.5,0.2,0.2,0.3,0.4,0.1,1.69,1.3,1.9,1.53,1.2,1.73,0.16,0.1,0.17,0.3,0.2,0.1,0.4,0.2,0.9,0.2,0.2,0.2,0.2,10.0,4.0,1.0,1.0,26.0,3.0,1.0,14.0,15.0,3.0,10.0,1.0,1.0,1.0,1.0,1.0,2.0,1.0,9.0,9.0,1.0,1.0,1.0,1.0,43.0,39.0,20.0,19.0,63.0,31.0,36.0,68.0,46.0,16.0,57.0,32.0,19.0,44.0,12.0,16.0,26.0,46.0,56.0,48.0,17.0,21.0,21.0,19.0,2.0,8.0,6.0,8.0,4.0,3.0,7.0
2019-09-28 08:00:00,9.0,5.0,11.0,8.0,4.0,9.0,4.0,8.0,8.0,7.0,1.0,8.0,10.0,9.0,12.0,13.0,12.0,4.0,12.0,2.0,8.0,10.0,6.0,77.0,36.0,16.0,16.0,81.0,41.0,31.0,85.0,78.0,17.0,53.0,54.0,17.0,55.0,11.0,19.0,21.0,36.0,63.0,64.0,21.0,22.0,17.0,19.0,40.25,25.23,4.86,8.48,13.21,7.64,21.13,28.75,43.96,39.39,15.06,12.61,38.11,58.64,3.0,1.6,2.8,2.1,2.4,0.6,0.4,0.1,0.2,0.2,0.5,0.1,1.67,1.31,1.73,1.52,1.21,1.57,0.15,0.1,0.16,0.3,0.2,0.1,0.4,0.2,0.7,0.1,0.3,0.2,0.2,21.0,1.0,1.0,1.0,15.0,5.0,1.0,11.0,20.0,2.0,6.0,7.0,1.0,3.0,1.0,1.0,1.0,1.0,7.0,10.0,1.0,1.0,1.0,1.0,45.0,34.0,15.0,14.0,58.0,33.0,29.0,67.0,47.0,15.0,44.0,43.0,16.0,51.0,10.0,18.0,20.0,34.0,52.0,48.0,20.0,20.0,16.0,17.0,1.0,6.0,4.0,8.0,2.0,5.0,5.0
2019-09-28 09:00:00,10.0,5.0,14.0,8.0,4.0,8.0,4.0,8.0,9.0,7.0,13.0,9.0,8.0,12.0,16.0,10.0,12.0,5.0,13.0,3.0,11.0,12.0,10.0,123.0,50.0,20.0,22.0,180.0,55.0,26.0,83.0,74.0,47.0,59.0,49.0,34.0,73.0,12.0,20.0,34.0,53.0,81.0,89.0,26.0,25.0,17.0,28.0,32.1,21.12,2.6,4.88,17.84,10.25,18.9,29.71,40.94,26.19,10.24,15.46,37.66,50.25,2.2,0.9,3.5,2.5,2.2,0.5,0.4,0.1,0.3,0.2,0.5,0.1,1.64,1.32,1.76,1.5,1.22,1.6,0.14,0.1,0.16,0.4,0.2,0.2,0.5,0.1,0.7,0.2,0.3,0.2,0.2,49.0,6.0,1.0,1.0,71.0,13.0,2.0,15.0,15.0,10.0,12.0,4.0,3.0,14.0,1.0,1.0,2.0,4.0,16.0,22.0,2.0,2.0,1.0,4.0,48.0,41.0,18.0,21.0,71.0,35.0,23.0,60.0,52.0,31.0,42.0,43.0,29.0,52.0,11.0,19.0,30.0,47.0,56.0,56.0,23.0,22.0,15.0,23.0,7.0,4.0,8.0,7.0,4.0,4.0,7.0
2019-09-28 10:00:00,11.0,5.0,13.0,8.0,4.0,9.0,4.0,8.0,9.0,7.0,4.0,12.0,6.0,14.0,17.0,20.0,16.0,4.0,16.0,7.0,14.0,14.0,8.0,157.0,52.0,24.0,24.0,132.0,59.0,25.0,65.0,83.0,34.0,68.0,45.0,38.0,99.0,16.0,24.0,41.0,61.0,54.0,109.0,33.0,21.0,20.0,27.0,34.66,19.47,8.77,12.08,17.62,22.6,17.35,37.93,37.99,28.54,17.83,21.3,39.2,51.77,2.0,1.1,4.8,2.2,1.8,0.7,0.4,0.1,0.6,0.2,0.4,0.2,1.64,1.31,1.59,1.49,1.23,1.46,0.15,0.09,0.14,0.5,0.2,0.2,0.5,0.2,0.7,0.2,0.2,0.3,0.2,71.0,8.0,2.0,2.0,46.0,18.0,6.0,15.0,20.0,5.0,15.0,4.0,5.0,30.0,1.0,1.0,7.0,9.0,12.0,35.0,5.0,4.0,3.0,2.0,48.0,40.0,20.0,21.0,62.0,32.0,15.0,42.0,53.0,25.0,45.0,38.0,30.0,54.0,14.0,22.0,31.0,48.0,35.0,56.0,25.0,15.0,15.0,23.0,1.0,2.0,7.0,11.0,1.0,2.0,9.0
2019-09-28 11:00:00,10.0,5.0,10.0,8.0,5.0,9.0,4.0,6.0,9.0,7.0,11.0,12.0,9.0,11.0,19.0,21.0,20.0,6.0,13.0,21.0,16.0,16.0,18.0,119.0,45.0,34.0,24.0,64.0,53.0,36.0,78.0,75.0,30.0,68.0,45.0,38.0,38.0,15.0,21.0,25.0,51.0,62.0,103.0,29.0,18.0,18.0,20.0,44.74,21.81,25.84,26.82,35.21,25.91,26.96,45.13,47.92,42.76,29.71,40.99,46.5,59.25,2.4,1.2,3.0,1.6,1.9,0.4,0.4,0.1,0.3,0.2,0.4,0.1,1.62,1.27,1.56,1.49,1.18,1.43,0.14,0.08,0.13,0.5,0.2,0.2,0.5,0.2,0.7,0.2,0.2,0.3,0.2,48.0,8.0,6.0,4.0,14.0,15.0,9.0,21.0,20.0,7.0,20.0,8.0,7.0,6.0,2.0,2.0,5.0,9.0,17.0,32.0,5.0,3.0,4.0,2.0,45.0,33.0,24.0,18.0,43.0,30.0,23.0,46.0,45.0,19.0,37.0,34.0,28.0,28.0,12.0,19.0,17.0,37.0,36.0,54.0,21.0,13.0,12.0,17.0,3.0,3.0,8.0,15.0,2.0,5.0,10.0
2019-09-28 12:00:00,8.0,5.0,10.0,11.0,5.0,8.0,4.0,6.0,9.0,7.0,12.0,4.0,12.0,17.0,15.0,12.0,20.0,7.0,16.0,30.0,14.0,15.0,9.0,32.0,49.0,33.0,34.0,69.0,47.0,32.0,80.0,62.0,43.0,44.0,31.0,47.0,33.0,14.0,23.0,17.0,55.0,54.0,68.0,24.0,8.0,37.0,19.0,48.6,22.92,33.52,41.0,56.25,30.72,37.94,60.3,54.49,49.33,50.91,77.65,45.43,66.24,1.9,1.5,2.5,2.1,2.6,0.3,0.6,0.1,0.4,0.3,0.5,0.1,1.62,1.23,1.56,1.48,1.14,1.43,0.14,0.09,0.13,0.3,0.2,0.2,0.4,0.2,0.7,0.2,0.2,0.2,0.2,6.0,9.0,6.0,5.0,15.0,12.0,6.0,22.0,15.0,9.0,11.0,5.0,9.0,5.0,2.0,1.0,4.0,10.0,14.0,18.0,5.0,1.0,9.0,1.0,23.0,35.0,24.0,27.0,45.0,29.0,22.0,47.0,39.0,29.0,27.0,23.0,33.0,26.0,11.0,21.0,11.0,41.0,32.0,40.0,16.0,6.0,23.0,17.0,4.0,5.0,7.0,15.0,3.0,9.0,9.0
2019-09-28 13:00:00,9.0,5.0,9.0,14.0,5.0,6.0,4.0,7.0,10.0,6.0,20.0,9.0,9.0,20.0,10.0,13.0,19.0,10.0,24.0,26.0,11.0,12.0,6.0,40.0,57.0,46.0,47.0,55.0,37.0,28.0,35.0,56.0,49.0,51.0,32.0,65.0,58.0,22.0,37.0,23.0,49.0,39.0,79.0,19.0,8.0,42.0,19.0,52.83,22.36,45.62,56.43,70.32,64.19,47.25,72.95,27.9,59.85,53.27,87.32,54.01,78.41,2.2,1.9,2.4,2.0,2.3,0.5,0.5,0.1,0.3,0.3,0.4,0.1,1.64,1.23,1.56,1.49,1.14,1.42,0.15,0.09,0.14,0.3,0.3,0.2,0.4,0.2,0.7,0.2,0.2,0.2,0.2,7.0,11.0,9.0,8.0,11.0,8.0,5.0,6.0,11.0,9.0,13.0,5.0,13.0,12.0,3.0,3.0,5.0,7.0,8.0,21.0,4.0,1.0,9.0,2.0,29.0,40.0,33.0,35.0,38.0,25.0,20.0,25.0,39.0,36.0,31.0,24.0,46.0,40.0,17.0,32.0,16.0,39.0,26.0,48.0,14.0,6.0,27.0,16.0,12.0,2.0,3.0,13.0,6.0,18.0,6.0
2019-09-28 14:00:00,8.0,5.0,8.0,13.0,5.0,6.0,4.0,7.0,9.0,4.0,22.0,13.0,12.0,18.0,13.0,10.0,26.0,17.0,14.0,25.0,15.0,8.0,2.0,36.0,59.0,75.0,41.0,53.0,35.0,31.0,46.0,43.0,48.0,48.0,30.0,61.0,38.0,37.0,37.0,46.0,49.0,42.0,68.0,25.0,11.0,33.0,17.0,63.0,32.66,60.57,66.73,79.32,73.96,62.2,88.87,61.01,66.6,68.91,92.85,68.48,92.44,3.2,2.6,2.5,2.1,2.0,0.4,0.6,0.3,0.3,0.3,0.4,0.1,1.67,1.24,1.57,1.5,1.15,1.41,0.17,0.1,0.15,0.4,0.3,0.2,0.4,0.2,0.7,0.2,0.3,0.2,0.2,7.0,11.0,17.0,6.0,11.0,7.0,5.0,7.0,7.0,8.0,10.0,4.0,11.0,5.0,6.0,3.0,11.0,5.0,7.0,16.0,4.0,1.0,6.0,1.0,26.0,42.0,50.0,32.0,37.0,24.0,23.0,35.0,32.0,36.0,32.0,23.0,44.0,31.0,28.0,33.0,29.0,41.0,31.0,44.0,19.0,10.0,23.0,15.0,12.0,3.0,5.0,18.0,13.0,7.0,11.0
2019-09-28 15:00:00,6.0,5.0,8.0,12.0,5.0,5.0,4.0,6.0,9.0,4.0,8.0,4.0,12.0,16.0,10.0,2.0,24.0,19.0,15.0,19.0,13.0,5.0,4.0,31.0,51.0,58.0,34.0,37.0,26.0,21.0,33.0,35.0,37.0,39.0,31.0,33.0,35.0,33.0,28.0,47.0,27.0,31.0,58.0,29.0,15.0,28.0,17.0,78.6,42.62,76.47,80.36,90.89,83.33,75.78,99.37,80.65,87.91,80.3,99.63,78.32,104.8,2.7,3.4,1.7,1.7,1.8,0.8,0.6,0.3,0.2,0.2,0.3,0.1,1.71,1.21,1.55,1.49,1.13,1.4,0.22,0.09,0.16,0.3,0.3,0.2,0.4,0.2,0.6,0.2,0.3,0.2,0.3,6.0,9.0,11.0,4.0,7.0,4.0,3.0,5.0,5.0,7.0,7.0,4.0,5.0,4.0,5.0,2.0,10.0,1.0,5.0,12.0,4.0,1.0,5.0,1.0,22.0,37.0,41.0,28.0,27.0,20.0,17.0,26.0,27.0,27.0,28.0,25.0,25.0,29.0,25.0,25.0,32.0,25.0,24.0,40.0,22.0,13.0,20.0,16.0,2.0,5.0,3.0,16.0,14.0,6.0,9.0
2019-09-28 16:00:00,6.0,6.0,6.0,13.0,5.0,4.0,5.0,6.0,9.0,4.0,12.0,13.0,7.0,10.0,16.0,3.0,17.0,12.0,17.0,17.0,16.0,8.0,3.0,24.0,40.0,44.0,31.0,35.0,19.0,17.0,29.0,30.0,27.0,29.0,30.0,34.0,23.0,30.0,21.0,39.0,20.0,24.0,45.0,29.0,16.0,23.0,17.0,89.84,50.89,86.46,93.58,102.6,91.1,86.57,105.0,92.18,99.41,92.22,107.2,86.66,110.9,2.6,2.6,1.4,1.3,1.7,0.8,0.5,0.3,0.2,0.2,0.3,0.2,1.8,1.22,1.56,1.49,1.12,1.4,0.31,0.09,0.16,0.3,0.3,0.2,0.3,0.2,0.6,0.2,0.2,0.1,0.3,3.0,6.0,6.0,3.0,6.0,3.0,2.0,3.0,4.0,4.0,4.0,4.0,6.0,1.0,3.0,1.0,7.0,1.0,4.0,8.0,4.0,1.0,3.0,1.0,19.0,31.0,35.0,25.0,25.0,14.0,14.0,24.0,24.0,22.0,23.0,25.0,25.0,21.0,25.0,20.0,28.0,18.0,19.0,33.0,22.0,14.0,18.0,16.0,4.0,1.0,11.0,9.0,8.0,7.0,11.0
2019-09-28 17:00:00,6.0,6.0,4.0,12.0,5.0,1.0,5.0,7.0,9.0,4.0,22.0,15.0,12.0,29.0,23.0,1.0,24.0,20.0,15.0,11.0,17.0,5.0,1.0,18.0,38.0,36.0,21.0,26.0,12.0,13.0,23.0,23.0,24.0,26.0,22.0,18.0,16.0,24.0,14.0,41.0,16.0,19.0,36.0,24.0,15.0,20.0,15.0,99.49,62.36,99.84,107.0,112.7,100.1,99.68,117.3,106.2,108.9,106.9,114.8,94.3,119.6,2.4,1.9,0.9,1.0,1.6,0.8,0.5,0.2,0.2,0.2,0.3,0.1,1.87,1.22,1.59,1.51,1.13,1.42,0.36,0.09,0.16,0.3,0.2,0.2,0.3,0.2,0.6,0.2,0.2,0.1,0.3,2.0,5.0,5.0,2.0,4.0,2.0,1.0,2.0,3.0,4.0,4.0,2.0,2.0,1.0,2.0,1.0,8.0,1.0,2.0,6.0,3.0,1.0,3.0,1.0,15.0,30.0,29.0,19.0,19.0,10.0,11.0,20.0,19.0,19.0,20.0,19.0,15.0,14.0,20.0,12.0,28.0,15.0,16.0,26.0,20.0,14.0,16.0,14.0,13.0,5.0,16.0,16.0,15.0,7.0,11.0
2019-09-28 18:00:00,7.0,6.0,4.0,12.0,5.0,1.0,4.0,7.0,8.0,4.0,24.0,22.0,17.0,3.0,15.0,6.0,8.0,19.0,13.0,12.0,10.0,7.0,4.0,17.0,36.0,33.0,19.0,26.0,12.0,8.0,20.0,20.0,18.0,22.0,21.0,24.0,11.0,19.0,8.0,52.0,17.0,18.0,39.0,22.0,13.0,13.0,14.0,109.4,72.1,104.3,112.7,119.6,109.3,108.6,123.3,118.2,112.0,109.4,122.1,105.9,130.5,2.2,3.3,0.7,0.6,1.7,0.8,0.5,0.3,0.1,0.1,0.3,0.1,1.87,1.23,1.57,1.53,1.14,1.41,0.34,0.08,0.17,0.2,0.2,0.2,0.3,0.2,0.6,0.2,0.2,0.1,0.2,2.0,5.0,3.0,1.0,5.0,2.0,1.0,2.0,2.0,2.0,3.0,1.0,3.0,1.0,2.0,1.0,16.0,1.0,2.0,6.0,2.0,1.0,1.0,1.0,14.0,28.0,28.0,17.0,19.0,9.0,7.0,17.0,17.0,15.0,18.0,18.0,19.0,10.0,16.0,7.0,28.0,15.0,16.0,31.0,18.0,11.0,11.0,13.0,14.0,12.0,6.0,3.0,14.0,6.0,6.0
2019-09-28 19:00:00,7.0,6.0,4.0,12.0,5.0,3.0,4.0,7.0,9.0,3.0,18.0,17.0,13.0,42.0,23.0,7.0,12.0,15.0,6.0,15.0,9.0,5.0,3.0,20.0,44.0,45.0,23.0,29.0,21.0,9.0,20.0,21.0,28.0,28.0,23.0,26.0,12.0,22.0,9.0,33.0,21.0,18.0,64.0,20.0,17.0,13.0,14.0,100.7,73.47,94.13,103.3,116.3,111.4,106.5,122.0,109.3,110.9,96.87,117.0,108.2,127.8,2.1,1.6,0.8,0.3,1.5,0.7,0.5,0.2,0.1,0.1,0.4,0.1,1.85,1.24,1.6,1.55,1.15,1.43,0.3,0.08,0.17,0.3,0.3,0.2,0.4,0.2,0.6,0.2,0.2,0.1,0.2,2.0,4.0,4.0,1.0,4.0,4.0,1.0,1.0,2.0,2.0,4.0,1.0,3.0,1.0,1.0,1.0,4.0,1.0,1.0,12.0,2.0,1.0,1.0,1.0,17.0,38.0,39.0,22.0,23.0,14.0,7.0,18.0,18.0,24.0,22.0,21.0,21.0,11.0,20.0,8.0,28.0,20.0,16.0,45.0,18.0,15.0,12.0,12.0,5.0,8.0,11.0,7.0,10.0,2.0,6.0
2019-09-28 20:00:00,6.0,6.0,6.0,11.0,5.0,6.0,4.0,7.0,8.0,4.0,22.0,19.0,6.0,29.0,14.0,8.0,25.0,4.0,6.0,18.0,10.0,3.0,2.0,34.0,59.0,83.0,38.0,68.0,22.0,16.0,38.0,41.0,39.0,47.0,33.0,51.0,21.0,46.0,10.0,50.0,39.0,43.0,145.0,31.0,36.0,25.0,18.0,78.33,60.51,60.09,92.83,104.0,94.54,91.13,100.7,92.32,86.95,48.58,88.38,93.83,115.7,2.0,2.7,2.4,0.3,1.5,0.7,0.5,0.4,0.3,0.1,0.3,0.1,1.77,1.22,1.64,1.51,1.13,1.46,0.27,0.09,0.18,0.3,0.3,0.2,0.3,0.2,0.7,0.2,0.2,0.2,0.3,2.0,5.0,6.0,1.0,7.0,2.0,1.0,1.0,4.0,2.0,5.0,1.0,6.0,1.0,1.0,1.0,3.0,1.0,2.0,32.0,1.0,2.0,1.0,1.0,31.0,51.0,73.0,36.0,57.0,19.0,14.0,36.0,34.0,35.0,39.0,31.0,42.0,20.0,44.0,9.0,46.0,38.0,40.0,96.0,29.0,34.0,24.0,17.0,1.0,3.0,3.0,18.0,2.0,3.0,7.0
2019-09-28 21:00:00,8.0,5.0,11.0,11.0,5.0,8.0,4.0,9.0,9.0,5.0,43.0,8.0,9.0,18.0,17.0,11.0,15.0,15.0,8.0,32.0,23.0,8.0,15.0,121.0,134.0,427.0,77.0,260.0,95.0,59.0,110.0,89.0,104.0,210.0,211.0,91.0,168.0,101.0,19.0,82.0,228.0,98.0,428.0,128.0,70.0,85.0,37.0,37.28,28.83,4.83,26.11,63.08,36.8,49.81,24.96,75.0,8.75,6.42,37.33,37.16,70.17,2.7,7.4,3.9,0.9,2.2,1.0,0.7,1.3,0.4,0.2,0.5,0.2,1.83,1.25,1.77,1.51,1.13,1.52,0.32,0.12,0.25,0.5,0.5,0.3,0.5,0.2,0.9,0.4,0.9,1.0,0.4,20.0,23.0,146.0,4.0,83.0,14.0,1.0,8.0,9.0,13.0,56.0,59.0,4.0,39.0,12.0,1.0,7.0,62.0,6.0,171.0,24.0,4.0,2.0,2.0,90.0,98.0,203.0,72.0,132.0,73.0,57.0,98.0,76.0,85.0,124.0,121.0,84.0,108.0,83.0,18.0,71.0,132.0,88.0,166.0,91.0,63.0,82.0,34.0,7.0,3.0,7.0,7.0,11.0,1.0,13.0
2019-09-28 22:00:00,12.0,6.0,15.0,13.0,5.0,8.0,4.0,11.0,9.0,9.0,40.0,16.0,14.0,17.0,23.0,26.0,28.0,21.0,13.0,26.0,53.0,19.0,20.0,171.0,315.0,613.0,256.0,358.0,167.0,57.0,285.0,129.0,119.0,347.0,429.0,98.0,442.0,240.0,70.0,189.0,444.0,220.0,629.0,315.0,44.0,195.0,73.0,1.21,5.4,3.2,1.4,50.49,1.05,19.83,3.12,25.55,2.3,3.51,46.6,2.1,20.11,6.3,30.4,16.1,2.4,5.2,4.1,1.8,4.8,1.7,0.4,1.0,0.8,2.04,1.24,2.27,1.57,1.12,1.72,0.47,0.12,0.55,0.6,0.9,0.8,1.0,0.2,1.0,0.5,1.6,1.4,0.9,36.0,101.0,249.0,80.0,142.0,52.0,1.0,85.0,18.0,14.0,116.0,174.0,7.0,187.0,65.0,1.0,37.0,181.0,71.0,281.0,106.0,1.0,45.0,10.0,116.0,160.0,230.0,133.0,141.0,87.0,56.0,156.0,103.0,98.0,170.0,163.0,87.0,155.0,139.0,68.0,132.0,167.0,111.0,198.0,152.0,42.0,126.0,57.0,9.0,5.0,10.0,14.0,13.0,3.0,30.0
2019-09-28 23:00:00,11.0,7.0,17.0,15.0,5.0,10.0,4.0,11.0,9.0,12.0,41.0,41.0,18.0,20.0,32.0,21.0,50.0,28.0,25.0,11.0,60.0,20.0,31.0,200.0,381.0,598.0,235.0,400.0,186.0,89.0,329.0,223.0,95.0,355.0,421.0,76.0,419.0,272.0,81.0,118.0,445.0,191.0,362.0,294.0,33.0,216.0,69.0,1.26,1.16,3.35,3.58,17.61,1.0,5.25,3.05,17.54,2.75,3.03,45.51,0.92,16.91,11.1,33.2,23.4,4.5,8.8,6.3,2.8,5.3,3.4,0.5,1.5,1.4,2.14,1.26,2.29,1.6,1.13,1.8,0.54,0.12,0.49,0.9,1.2,0.9,1.3,0.3,1.4,0.5,1.5,0.9,1.0,70.0,143.0,253.0,67.0,171.0,74.0,2.0,114.0,66.0,5.0,129.0,172.0,5.0,178.0,88.0,1.0,8.0,185.0,57.0,140.0,100.0,1.0,61.0,9.0,92.0,162.0,211.0,132.0,138.0,72.0,85.0,154.0,122.0,88.0,157.0,156.0,69.0,146.0,136.0,79.0,107.0,161.0,103.0,147.0,142.0,31.0,123.0,55.0,18.0,9.0,16.0,29.0,18.0,15.0,41.0
2019-09-29 00:00:00,10.0,7.0,19.0,12.0,5.0,10.0,4.0,13.0,9.0,16.0,50.0,39.0,16.0,23.0,25.0,20.0,55.0,32.0,25.0,15.0,30.0,28.0,32.0,202.0,453.0,796.0,326.0,437.0,127.0,87.0,237.0,242.0,104.0,397.0,423.0,86.0,238.0,331.0,95.0,166.0,375.0,325.0,139.0,421.0,31.0,236.0,75.0,1.07,0.94,3.29,0.91,13.3,1.0,2.96,2.89,5.76,2.64,4.29,39.9,0.94,17.97,21.4,44.0,14.8,2.6,11.6,7.3,4.7,7.5,1.7,0.5,1.9,1.6,2.37,1.25,2.08,1.72,1.13,1.68,0.65,0.12,0.4,0.8,1.6,1.4,0.9,0.3,1.5,0.5,1.5,0.4,1.1,76.0,187.0,370.0,120.0,197.0,41.0,2.0,66.0,80.0,13.0,157.0,177.0,4.0,81.0,128.0,3.0,32.0,150.0,130.0,24.0,171.0,1.0,73.0,19.0,85.0,166.0,228.0,142.0,136.0,65.0,84.0,135.0,120.0,85.0,157.0,153.0,79.0,114.0,135.0,91.0,117.0,146.0,125.0,102.0,158.0,29.0,124.0,46.0,26.0,8.0,14.0,37.0,22.0,18.0,21.0
2019-09-29 01:00:00,10.0,8.0,20.0,10.0,5.0,11.0,4.0,14.0,9.0,16.0,51.0,20.0,15.0,28.0,50.0,25.0,33.0,44.0,44.0,20.0,23.0,22.0,24.0,182.0,491.0,451.0,232.0,443.0,115.0,106.0,149.0,255.0,97.0,431.0,347.0,121.0,192.0,360.0,130.0,449.0,297.0,161.0,170.0,249.0,27.0,167.0,156.0,1.16,0.93,2.9,0.85,1.55,8.07,2.76,2.16,2.13,1.79,3.44,35.56,1.22,3.8,19.2,54.4,12.2,2.8,16.0,5.5,4.2,7.3,1.4,0.6,2.3,1.1,2.77,1.28,1.9,2.1,1.14,1.64,0.67,0.14,0.27,0.7,1.6,0.9,0.7,0.3,1.7,0.4,1.1,0.4,1.0,70.0,212.0,182.0,69.0,204.0,35.0,9.0,30.0,97.0,13.0,182.0,138.0,17.0,61.0,147.0,19.0,188.0,106.0,43.0,42.0,78.0,1.0,38.0,78.0,75.0,165.0,172.0,126.0,130.0,62.0,93.0,103.0,107.0,78.0,152.0,135.0,95.0,99.0,135.0,100.0,161.0,134.0,96.0,105.0,130.0,25.0,108.0,37.0,29.0,7.0,32.0,23.0,29.0,28.0,16.0
2019-09-29 02:00:00,10.0,7.0,18.0,9.0,5.0,12.0,5.0,13.0,10.0,14.0,47.0,16.0,15.0,34.0,53.0,31.0,25.0,46.0,34.0,4.0,21.0,15.0,23.0,165.0,315.0,157.0,104.0,380.0,75.0,114.0,65.0,268.0,142.0,330.0,254.0,179.0,163.0,186.0,206.0,147.0,230.0,63.0,115.0,97.0,26.0,24.0,114.0,1.0,4.81,2.43,1.39,1.0,29.57,1.87,1.16,2.39,1.41,5.14,33.5,51.33,5.37,23.4,14.5,7.1,3.9,17.6,2.9,4.6,2.2,0.8,0.7,2.6,0.6,2.37,1.29,1.77,1.8,1.14,1.58,0.57,0.15,0.19,0.6,1.1,0.5,0.5,0.3,1.5,0.5,0.7,0.3,0.6,60.0,116.0,26.0,13.0,170.0,13.0,17.0,2.0,103.0,31.0,127.0,81.0,38.0,48.0,47.0,69.0,28.0,70.0,1.0,18.0,7.0,1.0,1.0,45.0,73.0,137.0,117.0,84.0,118.0,54.0,87.0,62.0,110.0,95.0,136.0,130.0,121.0,89.0,115.0,100.0,104.0,122.0,61.0,87.0,86.0,24.0,23.0,45.0,28.0,7.0,33.0,18.0,26.0,16.0,15.0
2019-09-29 03:00:00,10.0,5.0,16.0,8.0,5.0,10.0,4.0,8.0,10.0,12.0,28.0,11.0,15.0,20.0,32.0,30.0,24.0,31.0,19.0,4.0,15.0,13.0,16.0,140.0,127.0,74.0,36.0,279.0,61.0,102.0,57.0,201.0,75.0,109.0,71.0,137.0,138.0,55.0,115.0,57.0,153.0,60.0,96.0,42.0,24.0,20.0,44.0,10.79,15.11,2.13,1.44,1.42,30.43,1.66,35.55,2.08,2.39,5.72,32.44,54.63,34.16,11.3,6.2,6.5,3.4,14.8,1.6,2.2,0.7,0.6,0.6,2.1,0.3,1.97,1.28,1.85,1.65,1.14,1.66,0.32,0.15,0.18,0.5,0.5,0.3,0.5,0.3,1.2,0.3,0.3,0.3,0.4,49.0,22.0,5.0,1.0,116.0,7.0,13.0,1.0,65.0,12.0,14.0,4.0,19.0,38.0,1.0,21.0,3.0,32.0,1.0,12.0,1.0,1.0,1.0,3.0,65.0,93.0,67.0,34.0,101.0,50.0,82.0,55.0,101.0,57.0,87.0,65.0,107.0,80.0,53.0,84.0,52.0,105.0,58.0,78.0,40.0,22.0,19.0,40.0,15.0,8.0,18.0,15.0,13.0,8.0,11.0
2019-09-29 04:00:00,9.0,5.0,16.0,8.0,5.0,10.0,4.0,8.0,10.0,11.0,23.0,11.0,16.0,20.0,16.0,20.0,13.0,22.0,17.0,1.0,13.0,10.0,14.0,95.0,85.0,45.0,31.0,293.0,52.0,101.0,47.0,115.0,53.0,84.0,43.0,62.0,95.0,35.0,61.0,52.0,67.0,54.0,105.0,23.0,22.0,18.0,22.0,21.58,22.3,2.31,1.88,0.97,33.72,2.5,50.27,12.65,18.1,4.5,30.72,53.2,59.01,6.0,2.4,4.1,4.6,7.9,0.9,0.9,0.2,0.4,0.7,1.2,0.1,1.84,1.29,1.82,1.61,1.14,1.65,0.23,0.15,0.17,0.4,0.4,0.2,0.4,0.3,1.2,0.2,0.2,0.3,0.3,24.0,12.0,1.0,1.0,128.0,5.0,15.0,2.0,27.0,8.0,7.0,1.0,2.0,16.0,1.0,2.0,3.0,1.0,1.0,19.0,1.0,1.0,1.0,1.0,58.0,66.0,43.0,30.0,96.0,44.0,78.0,45.0,73.0,40.0,73.0,42.0,59.0,71.0,33.0,58.0,47.0,66.0,53.0,75.0,21.0,21.0,17.0,21.0,13.0,9.0,9.0,4.0,10.0,6.0,8.0
2019-09-29 05:00:00,9.0,5.0,15.0,9.0,4.0,10.0,4.0,8.0,10.0,10.0,18.0,11.0,15.0,19.0,16.0,17.0,16.0,15.0,10.0,1.0,14.0,11.0,9.0,91.0,50.0,31.0,22.0,264.0,55.0,81.0,54.0,92.0,34.0,49.0,38.0,41.0,83.0,25.0,36.0,36.0,65.0,67.0,100.0,20.0,23.0,14.0,21.0,36.83,26.97,2.33,0.92,2.22,24.61,4.47,47.96,26.17,16.74,3.53,26.02,55.14,57.18,4.4,2.3,4.3,3.8,5.0,0.8,0.8,0.2,0.4,0.7,0.9,0.1,1.77,1.29,1.89,1.58,1.15,1.71,0.19,0.14,0.18,0.4,0.3,0.2,0.4,0.3,1.1,0.2,0.2,0.2,0.2,25.0,3.0,1.0,1.0,115.0,8.0,6.0,1.0,15.0,3.0,3.0,1.0,1.0,12.0,1.0,1.0,2.0,2.0,3.0,18.0,1.0,1.0,1.0,1.0,53.0,45.0,29.0,20.0,88.0,44.0,72.0,53.0,69.0,29.0,45.0,37.0,39.0,65.0,24.0,35.0,34.0,62.0,63.0,72.0,19.0,21.0,13.0,19.0,9.0,9.0,7.0,9.0,8.0,2.0,8.0
2019-09-29 06:00:00,10.0,5.0,15.0,8.0,4.0,10.0,4.0,8.0,9.0,9.0,19.0,10.0,14.0,20.0,11.0,16.0,17.0,13.0,10.0,1.0,13.0,10.0,8.0,82.0,47.0,25.0,19.0,211.0,47.0,68.0,57.0,82.0,26.0,55.0,44.0,33.0,73.0,20.0,26.0,42.0,56.0,51.0,78.0,19.0,20.0,16.0,29.0,37.84,30.97,2.05,4.21,1.87,24.93,11.89,40.79,29.84,20.14,6.94,26.31,52.76,43.31,3.4,2.9,4.8,3.2,3.6,0.6,0.6,0.2,0.4,0.5,0.7,0.1,1.73,1.29,1.74,1.56,1.16,1.58,0.18,0.14,0.17,0.4,0.3,0.2,0.4,0.3,0.8,0.2,0.2,0.2,0.2,22.0,2.0,1.0,1.0,86.0,4.0,5.0,2.0,15.0,2.0,5.0,1.0,1.0,9.0,1.0,1.0,1.0,1.0,2.0,9.0,1.0,1.0,1.0,1.0,48.0,44.0,24.0,17.0,80.0,41.0,60.0,54.0,58.0,23.0,47.0,43.0,32.0,60.0,19.0,25.0,40.0,55.0,48.0,64.0,17.0,19.0,14.0,28.0,12.0,8.0,4.0,11.0,8.0,3.0,8.0
2019-09-29 07:00:00,9.0,5.0,13.0,8.0,4.0,9.0,4.0,8.0,9.0,9.0,14.0,10.0,13.0,15.0,18.0,12.0,11.0,12.0,10.0,2.0,13.0,11.0,8.0,68.0,41.0,27.0,23.0,149.0,34.0,49.0,71.0,63.0,25.0,56.0,43.0,35.0,59.0,18.0,23.0,34.0,45.0,58.0,68.0,20.0,20.0,21.0,25.0,41.43,28.69,1.97,12.56,6.1,16.6,14.55,39.57,33.28,33.79,14.65,21.57,44.59,48.27,3.3,3.6,3.6,2.7,2.9,0.5,0.6,0.3,0.3,0.5,0.6,0.1,1.71,1.29,1.81,1.54,1.16,1.64,0.17,0.13,0.18,0.3,0.3,0.2,0.4,0.2,0.9,0.2,0.2,0.2,0.2,16.0,2.0,1.0,1.0,51.0,3.0,2.0,5.0,9.0,3.0,5.0,1.0,1.0,3.0,1.0,1.0,1.0,1.0,3.0,9.0,1.0,1.0,1.0,1.0,43.0,39.0,25.0,21.0,71.0,30.0,46.0,63.0,49.0,21.0,48.0,42.0,33.0,55.0,17.0,21.0,32.0,43.0,53.0,54.0,18.0,19.0,20.0,24.0,8.0,8.0,11.0,7.0,7.0,3.0,9.0
2019-09-29 08:00:00,9.0,5.0,11.0,7.0,4.0,10.0,4.0,8.0,9.0,8.0,12.0,9.0,12.0,15.0,21.0,11.0,12.0,11.0,14.0,3.0,13.0,10.0,7.0,76.0,38.0,28.0,20.0,97.0,39.0,33.0,71.0,48.0,26.0,34.0,37.0,26.0,55.0,19.0,21.0,35.0,46.0,51.0,76.0,19.0,22.0,19.0,25.0,42.13,29.05,2.36,4.29,20.1,15.99,32.65,46.7,35.74,32.0,8.51,19.91,44.06,44.14,2.7,2.0,2.6,2.2,2.6,0.6,0.5,0.1,0.3,0.3,0.5,0.1,1.69,1.28,1.78,1.54,1.17,1.61,0.15,0.12,0.17,0.4,0.2,0.2,0.4,0.2,0.7,0.2,0.2,0.2,0.2,21.0,1.0,1.0,1.0,22.0,5.0,1.0,5.0,5.0,4.0,3.0,1.0,1.0,2.0,1.0,1.0,1.0,1.0,2.0,13.0,1.0,1.0,1.0,1.0,44.0,36.0,26.0,19.0,63.0,31.0,32.0,63.0,41.0,20.0,30.0,35.0,25.0,52.0,18.0,20.0,34.0,44.0,48.0,56.0,18.0,21.0,18.0,23.0,6.0,8.0,15.0,7.0,6.0,5.0,9.0
2019-09-29 09:00:00,10.0,5.0,12.0,8.0,4.0,10.0,5.0,10.0,10.0,8.0,12.0,12.0,12.0,19.0,14.0,22.0,10.0,13.0,13.0,4.0,15.0,14.0,9.0,98.0,44.0,38.0,44.0,158.0,51.0,32.0,97.0,68.0,36.0,34.0,44.0,31.0,62.0,37.0,25.0,42.0,34.0,96.0,113.0,26.0,22.0,26.0,22.0,39.8,17.67,2.4,3.56,19.78,9.05,27.92,41.09,37.53,44.09,6.82,16.22,35.08,46.81,2.6,2.3,2.8,2.1,2.1,0.7,0.5,0.2,0.4,0.3,0.4,0.2,1.71,1.29,1.77,1.56,1.18,1.58,0.15,0.11,0.2,0.4,0.3,0.2,0.4,0.2,0.8,0.2,0.2,0.3,0.2,36.0,3.0,2.0,2.0,61.0,12.0,2.0,16.0,14.0,5.0,3.0,1.0,1.0,8.0,6.0,1.0,3.0,1.0,23.0,34.0,3.0,2.0,2.0,1.0,43.0,40.0,35.0,41.0,66.0,33.0,29.0,72.0,48.0,29.0,29.0,42.0,29.0,50.0,28.0,23.0,38.0,32.0,62.0,60.0,21.0,20.0,24.0,20.0,5.0,7.0,8.0,5.0,6.0,6.0,10.0
2019-09-29 10:00:00,10.0,5.0,10.0,8.0,4.0,10.0,5.0,9.0,9.0,8.0,15.0,12.0,11.0,21.0,17.0,27.0,18.0,17.0,11.0,5.0,17.0,12.0,9.0,91.0,51.0,35.0,33.0,101.0,35.0,29.0,73.0,69.0,42.0,41.0,47.0,42.0,80.0,24.0,29.0,42.0,41.0,71.0,70.0,25.0,20.0,20.0,17.0,39.87,17.73,10.86,21.84,21.37,26.34,21.37,45.35,37.52,41.62,23.97,25.84,45.09,59.55,2.8,1.9,3.2,1.7,1.9,0.6,0.5,0.3,0.3,0.3,0.4,0.2,1.71,1.3,1.91,1.56,1.19,1.73,0.15,0.11,0.18,0.4,0.3,0.2,0.4,0.2,0.8,0.2,0.3,0.2,0.2,34.0,6.0,3.0,2.0,32.0,8.0,6.0,14.0,15.0,7.0,5.0,5.0,5.0,21.0,2.0,1.0,6.0,3.0,15.0,17.0,3.0,3.0,3.0,1.0,38.0,42.0,31.0,30.0,52.0,23.0,19.0,51.0,46.0,32.0,32.0,39.0,35.0,48.0,22.0,27.0,33.0,36.0,48.0,44.0,22.0,16.0,16.0,15.0,6.0,6.0,8.0,13.0,11.0,3.0,11.0
2019-09-29 11:00:00,10.0,5.0,10.0,8.0,5.0,9.0,4.0,8.0,9.0,9.0,13.0,16.0,13.0,26.0,14.0,53.0,15.0,13.0,14.0,1.0,19.0,15.0,21.0,104.0,44.0,35.0,22.0,62.0,45.0,48.0,74.0,44.0,34.0,38.0,29.0,36.0,49.0,24.0,25.0,19.0,47.0,54.0,95.0,22.0,20.0,21.0,17.0,51.41,30.25,26.62,32.49,32.41,40.66,45.0,65.29,46.43,50.44,34.75,46.19,56.22,68.31,3.8,1.4,2.8,2.2,1.9,0.5,0.6,0.2,0.3,0.3,0.4,0.1,1.69,1.34,1.74,1.53,1.21,1.56,0.16,0.13,0.18,0.5,0.5,0.2,0.5,0.2,0.8,0.2,0.3,0.3,0.2,37.0,6.0,5.0,2.0,12.0,12.0,12.0,14.0,8.0,6.0,8.0,3.0,5.0,8.0,3.0,1.0,3.0,6.0,10.0,27.0,3.0,3.0,4.0,2.0,48.0,34.0,28.0,19.0,43.0,27.0,30.0,52.0,32.0,25.0,27.0,24.0,28.0,37.0,20.0,24.0,14.0,37.0,38.0,53.0,18.0,16.0,15.0,14.0,4.0,5.0,6.0,9.0,8.0,6.0,13.0
2019-09-29 12:00:00,9.0,5.0,9.0,11.0,6.0,9.0,4.0,8.0,9.0,7.0,22.0,18.0,26.0,26.0,18.0,42.0,26.0,17.0,16.0,15.0,22.0,15.0,22.0,73.0,47.0,44.0,35.0,40.0,47.0,45.0,40.0,43.0,34.0,51.0,44.0,28.0,49.0,28.0,36.0,30.0,41.0,53.0,69.0,24.0,19.0,45.0,18.0,57.37,30.35,45.27,48.33,53.99,57.64,50.8,66.86,49.85,58.53,51.97,71.41,55.91,73.95,2.5,1.3,5.9,2.8,1.7,0.4,0.6,0.2,0.3,0.4,0.4,0.1,1.69,1.3,1.65,1.52,1.19,1.5,0.17,0.11,0.15,0.5,0.3,0.2,0.5,0.2,0.7,0.2,0.3,0.2,0.2,20.0,8.0,7.0,4.0,7.0,12.0,9.0,7.0,8.0,5.0,12.0,7.0,5.0,8.0,4.0,3.0,6.0,5.0,11.0,16.0,5.0,2.0,9.0,2.0,42.0,35.0,34.0,29.0,29.0,29.0,31.0,29.0,31.0,26.0,32.0,32.0,21.0,37.0,23.0,32.0,21.0,33.0,36.0,45.0,16.0,16.0,31.0,15.0,11.0,16.0,10.0,20.0,11.0,7.0,15.0
2019-09-29 13:00:00,6.0,5.0,8.0,14.0,6.0,8.0,4.0,8.0,9.0,6.0,28.0,18.0,26.0,22.0,31.0,12.0,29.0,20.0,12.0,29.0,22.0,12.0,14.0,47.0,52.0,64.0,32.0,38.0,37.0,48.0,61.0,46.0,34.0,60.0,51.0,34.0,32.0,40.0,32.0,42.0,26.0,53.0,64.0,19.0,18.0,43.0,23.0,65.4,38.86,62.71,59.99,65.09,60.18,58.89,72.76,63.47,81.61,63.76,85.89,62.47,82.25,2.8,2.1,2.1,3.7,2.2,0.4,0.7,0.3,0.3,0.4,0.5,0.2,1.71,1.31,1.64,1.54,1.19,1.49,0.17,0.12,0.15,0.4,0.3,0.2,0.4,0.2,0.7,0.2,0.4,0.2,0.2,9.0,9.0,9.0,4.0,6.0,8.0,9.0,11.0,8.0,5.0,12.0,9.0,5.0,3.0,6.0,2.0,7.0,1.0,11.0,14.0,4.0,2.0,8.0,3.0,33.0,39.0,49.0,26.0,28.0,25.0,34.0,44.0,34.0,27.0,42.0,38.0,26.0,27.0,31.0,28.0,31.0,24.0,36.0,43.0,14.0,15.0,30.0,18.0,14.0,15.0,18.0,22.0,13.0,3.0,14.0
2019-09-29 14:00:00,6.0,5.0,7.0,13.0,5.0,6.0,5.0,7.0,10.0,5.0,21.0,14.0,20.0,12.0,24.0,12.0,30.0,23.0,16.0,45.0,24.0,20.0,8.0,39.0,52.0,60.0,37.0,36.0,35.0,36.0,53.0,43.0,37.0,50.0,46.0,36.0,35.0,45.0,29.0,51.0,23.0,36.0,72.0,51.0,29.0,33.0,20.0,76.54,47.84,74.85,77.12,80.64,72.59,72.54,91.08,79.46,90.91,74.46,90.9,77.4,99.6,2.5,2.5,2.2,2.4,2.2,0.4,0.7,0.4,0.3,0.4,0.5,0.2,1.74,1.29,1.67,1.56,1.19,1.54,0.19,0.1,0.14,0.3,0.3,0.2,0.4,0.2,0.7,0.2,0.3,0.2,0.4,6.0,9.0,9.0,4.0,6.0,7.0,5.0,9.0,7.0,6.0,9.0,6.0,5.0,3.0,7.0,2.0,10.0,1.0,6.0,16.0,10.0,3.0,5.0,1.0,29.0,39.0,46.0,30.0,28.0,24.0,27.0,40.0,33.0,28.0,37.0,37.0,28.0,30.0,35.0,27.0,36.0,22.0,28.0,47.0,36.0,24.0,25.0,18.0,7.0,9.0,10.0,23.0,15.0,7.0,16.0
2019-09-29 15:00:00,6.0,5.0,6.0,12.0,5.0,3.0,5.0,7.0,9.0,5.0,25.0,20.0,14.0,10.0,25.0,1.0,29.0,25.0,23.0,35.0,24.0,14.0,9.0,22.0,44.0,45.0,30.0,23.0,26.0,9.0,32.0,25.0,32.0,30.0,28.0,35.0,19.0,27.0,17.0,55.0,22.0,24.0,36.0,32.0,18.0,24.0,17.0,95.67,58.38,99.98,101.0,118.3,100.1,93.13,114.2,105.2,106.0,107.6,111.8,97.53,116.4,2.4,2.6,2.3,1.2,2.0,0.7,0.6,0.4,0.3,0.2,0.3,0.2,1.77,1.21,1.65,1.54,1.13,1.51,0.23,0.07,0.15,0.3,0.3,0.2,0.4,0.2,0.6,0.2,0.3,0.2,0.3,3.0,6.0,6.0,3.0,4.0,4.0,1.0,4.0,3.0,5.0,5.0,3.0,6.0,1.0,3.0,1.0,12.0,1.0,3.0,6.0,5.0,2.0,3.0,1.0,17.0,35.0,36.0,26.0,17.0,20.0,8.0,26.0,21.0,24.0,23.0,24.0,26.0,17.0,23.0,16.0,37.0,21.0,19.0,26.0,25.0,15.0,19.0,15.0,11.0,5.0,10.0,21.0,17.0,11.0,16.0
2019-09-29 16:00:00,6.0,6.0,4.0,11.0,5.0,1.0,5.0,7.0,8.0,4.0,30.0,16.0,13.0,12.0,18.0,1.0,25.0,17.0,20.0,26.0,22.0,5.0,1.0,12.0,37.0,22.0,13.0,19.0,19.0,5.0,15.0,13.0,12.0,14.0,13.0,16.0,10.0,13.0,7.0,34.0,15.0,13.0,21.0,12.0,6.0,9.0,11.0,108.2,79.29,105.4,109.5,119.9,120.8,111.4,123.9,122.0,115.8,117.9,119.9,115.9,131.0,2.1,1.3,0.9,0.2,1.4,0.6,0.6,0.2,0.2,0.1,0.2,0.1,1.81,1.19,1.55,1.5,1.12,1.41,0.31,0.07,0.15,0.2,0.3,0.2,0.3,0.1,0.6,0.2,0.2,0.1,0.2,2.0,5.0,3.0,1.0,3.0,3.0,1.0,1.0,1.0,2.0,2.0,1.0,2.0,1.0,1.0,1.0,8.0,1.0,1.0,2.0,1.0,1.0,1.0,1.0,10.0,29.0,18.0,12.0,14.0,14.0,3.0,13.0,11.0,9.0,10.0,12.0,13.0,8.0,11.0,5.0,23.0,13.0,11.0,18.0,10.0,5.0,8.0,10.0,19.0,5.0,8.0,18.0,10.0,10.0,15.0
2019-09-29 17:00:00,7.0,6.0,3.0,11.0,5.0,2.0,4.0,7.0,8.0,4.0,28.0,7.0,13.0,34.0,16.0,1.0,13.0,19.0,14.0,19.0,20.0,5.0,5.0,13.0,42.0,19.0,12.0,21.0,12.0,5.0,12.0,12.0,12.0,16.0,12.0,13.0,9.0,13.0,7.0,24.0,15.0,10.0,26.0,11.0,13.0,8.0,11.0,105.1,84.84,102.0,109.6,120.7,122.8,111.6,126.4,118.6,115.6,113.9,119.4,116.3,131.2,2.2,1.1,0.8,0.1,1.2,0.4,0.5,0.1,0.1,0.1,0.2,0.1,1.85,1.19,1.53,1.49,1.12,1.38,0.36,0.07,0.15,0.2,0.3,0.2,0.3,0.1,0.6,0.2,0.2,0.1,0.2,2.0,6.0,2.0,1.0,4.0,2.0,1.0,1.0,1.0,2.0,2.0,1.0,1.0,1.0,1.0,1.0,5.0,1.0,1.0,3.0,1.0,2.0,1.0,1.0,10.0,32.0,16.0,10.0,15.0,10.0,4.0,11.0,10.0,9.0,12.0,10.0,10.0,8.0,11.0,5.0,17.0,13.0,8.0,21.0,9.0,11.0,6.0,9.0,20.0,6.0,7.0,5.0,15.0,8.0,13.0
2019-09-29 18:00:00,7.0,6.0,3.0,12.0,5.0,1.0,4.0,7.0,8.0,4.0,17.0,3.0,9.0,39.0,14.0,6.0,12.0,6.0,13.0,22.0,13.0,5.0,5.0,15.0,53.0,32.0,15.0,21.0,12.0,6.0,15.0,16.0,13.0,20.0,19.0,17.0,9.0,17.0,6.0,29.0,15.0,14.0,37.0,12.0,15.0,9.0,11.0,97.83,82.26,102.2,109.4,122.2,118.0,109.4,123.0,118.0,111.3,108.7,119.7,114.8,131.7,2.3,1.2,0.8,0.1,1.3,0.4,0.6,0.1,0.2,0.1,0.3,0.1,1.83,1.19,1.54,1.49,1.12,1.38,0.34,0.07,0.16,0.2,0.3,0.2,0.3,0.2,0.6,0.2,0.2,0.1,0.2,2.0,9.0,5.0,1.0,4.0,2.0,1.0,1.0,2.0,1.0,2.0,1.0,3.0,1.0,1.0,1.0,5.0,1.0,1.0,5.0,1.0,2.0,1.0,1.0,12.0,40.0,24.0,14.0,16.0,9.0,5.0,14.0,13.0,11.0,16.0,17.0,13.0,8.0,15.0,5.0,21.0,13.0,12.0,29.0,10.0,12.0,8.0,10.0,9.0,3.0,8.0,6.0,3.0,6.0,9.0
2019-09-29 19:00:00,6.0,6.0,3.0,13.0,5.0,3.0,4.0,7.0,8.0,4.0,22.0,10.0,13.0,39.0,18.0,11.0,16.0,10.0,20.0,22.0,10.0,6.0,7.0,20.0,47.0,40.0,22.0,25.0,21.0,8.0,22.0,23.0,17.0,25.0,26.0,20.0,12.0,37.0,8.0,31.0,16.0,22.0,50.0,17.0,12.0,15.0,13.0,99.87,77.52,101.9,103.8,123.2,111.8,109.1,122.0,113.7,116.3,101.2,121.4,109.4,131.5,2.1,1.5,0.9,0.2,1.3,0.5,0.6,0.2,0.2,0.1,0.3,0.1,1.78,1.19,1.56,1.49,1.13,1.39,0.29,0.06,0.17,0.3,0.3,0.2,0.4,0.2,0.6,0.2,0.2,0.2,0.2,2.0,5.0,3.0,1.0,3.0,4.0,1.0,1.0,2.0,2.0,2.0,1.0,2.0,1.0,2.0,1.0,3.0,1.0,2.0,6.0,1.0,1.0,1.0,1.0,17.0,40.0,35.0,20.0,21.0,14.0,6.0,20.0,20.0,15.0,22.0,24.0,17.0,11.0,34.0,7.0,26.0,15.0,20.0,40.0,16.0,11.0,14.0,12.0,9.0,7.0,11.0,10.0,4.0,9.0,6.0
2019-09-29 20:00:00,6.0,6.0,4.0,12.0,5.0,5.0,4.0,7.0,8.0,3.0,34.0,17.0,16.0,29.0,21.0,5.0,17.0,20.0,18.0,27.0,14.0,6.0,8.0,34.0,59.0,55.0,40.0,43.0,22.0,16.0,40.0,32.0,36.0,46.0,38.0,34.0,25.0,46.0,13.0,56.0,24.0,44.0,156.0,30.0,22.0,33.0,22.0,81.07,66.1,82.0,83.47,106.2,96.01,93.99,98.38,98.49,102.7,44.69,101.5,93.65,111.4,2.3,1.9,1.6,0.2,1.4,0.7,0.7,0.2,0.3,0.1,0.3,0.1,1.74,1.2,1.59,1.49,1.13,1.42,0.25,0.07,0.17,0.3,0.3,0.2,0.4,0.2,0.7,0.2,0.3,0.2,0.2,2.0,5.0,2.0,1.0,5.0,2.0,1.0,1.0,2.0,2.0,5.0,1.0,3.0,1.0,2.0,1.0,6.0,1.0,2.0,38.0,1.0,2.0,1.0,1.0,31.0,52.0,52.0,38.0,35.0,19.0,15.0,39.0,29.0,33.0,38.0,36.0,30.0,24.0,44.0,12.0,46.0,22.0,42.0,98.0,28.0,20.0,31.0,20.0,11.0,9.0,13.0,13.0,13.0,10.0,8.0
2019-09-29 21:00:00,7.0,5.0,7.0,12.0,4.0,7.0,4.0,6.0,8.0,4.0,55.0,20.0,15.0,18.0,19.0,6.0,20.0,18.0,20.0,32.0,22.0,7.0,5.0,70.0,104.0,83.0,86.0,158.0,95.0,25.0,98.0,55.0,78.0,58.0,69.0,77.0,68.0,104.0,30.0,161.0,42.0,70.0,256.0,49.0,59.0,80.0,31.0,36.8,33.34,16.42,46.71,84.69,42.3,64.7,58.33,67.71,72.89,7.81,43.87,47.03,80.9,3.7,2.6,4.0,0.3,1.4,0.7,0.9,0.3,0.6,0.1,0.3,0.1,1.76,1.19,1.64,1.49,1.11,1.43,0.27,0.08,0.21,0.5,0.4,0.4,0.5,0.2,0.8,0.3,0.4,0.6,0.3,5.0,10.0,3.0,3.0,33.0,14.0,1.0,3.0,3.0,4.0,3.0,1.0,4.0,1.0,7.0,1.0,45.0,1.0,3.0,78.0,2.0,2.0,1.0,1.0,62.0,89.0,78.0,81.0,107.0,73.0,24.0,94.0,51.0,72.0,54.0,68.0,71.0,67.0,94.0,27.0,93.0,40.0,65.0,136.0,46.0,55.0,79.0,29.0,13.0,7.0,9.0,13.0,11.0,12.0,11.0
2019-09-29 22:00:00,7.0,5.0,10.0,11.0,5.0,8.0,4.0,6.0,8.0,5.0,53.0,13.0,14.0,17.0,16.0,11.0,29.0,19.0,31.0,31.0,31.0,10.0,6.0,79.0,144.0,74.0,125.0,218.0,167.0,57.0,128.0,70.0,103.0,61.0,99.0,74.0,189.0,96.0,49.0,103.0,163.0,120.0,291.0,46.0,40.0,95.0,35.0,13.0,4.1,3.47,27.11,50.49,14.78,42.43,26.56,39.92,12.94,3.96,45.99,25.36,61.81,5.0,3.2,6.1,2.4,1.3,1.5,1.3,0.6,0.8,0.4,0.4,0.3,1.77,1.24,1.72,1.5,1.12,1.44,0.27,0.12,0.28,0.5,0.5,0.5,0.5,0.2,0.9,0.4,0.5,0.9,0.3,11.0,21.0,3.0,8.0,62.0,52.0,1.0,7.0,5.0,6.0,4.0,5.0,3.0,45.0,7.0,1.0,20.0,34.0,14.0,102.0,1.0,1.0,1.0,2.0,63.0,113.0,69.0,114.0,124.0,87.0,56.0,117.0,62.0,94.0,55.0,91.0,69.0,120.0,84.0,48.0,72.0,111.0,99.0,135.0,44.0,38.0,93.0,32.0,13.0,5.0,7.0,21.0,12.0,23.0,18.0
2019-09-29 23:00:00,8.0,5.0,10.0,11.0,4.0,7.0,4.0,8.0,9.0,5.0,34.0,13.0,17.0,20.0,14.0,18.0,33.0,16.0,23.0,19.0,29.0,8.0,20.0,81.0,163.0,102.0,112.0,192.0,186.0,41.0,259.0,80.0,102.0,141.0,215.0,103.0,173.0,80.0,43.0,140.0,275.0,211.0,246.0,86.0,39.0,93.0,48.0,6.89,4.15,2.76,7.78,53.67,1.0,32.76,2.69,40.24,1.99,3.06,41.56,17.74,28.93,5.4,5.7,5.1,0.8,1.9,2.6,1.4,0.8,0.8,0.2,0.4,0.5,1.81,1.19,1.75,1.52,1.1,1.44,0.3,0.09,0.31,0.4,0.7,0.5,0.6,0.2,1.0,0.4,1.0,0.6,0.3,7.0,34.0,13.0,8.0,53.0,74.0,1.0,74.0,8.0,10.0,26.0,61.0,7.0,42.0,4.0,1.0,34.0,96.0,60.0,78.0,4.0,1.0,2.0,3.0,71.0,111.0,82.0,100.0,112.0,72.0,40.0,146.0,68.0,86.0,101.0,122.0,92.0,108.0,75.0,41.0,88.0,128.0,119.0,126.0,80.0,37.0,89.0,43.0,18.0,9.0,7.0,25.0,10.0,15.0,19.0
2019-09-30 00:00:00,11.0,6.0,11.0,9.0,5.0,8.0,4.0,8.0,9.0,6.0,35.0,14.0,13.0,23.0,13.0,30.0,24.0,17.0,12.0,22.0,27.0,13.0,15.0,211.0,283.0,113.0,125.0,199.0,127.0,68.0,192.0,100.0,98.0,166.0,240.0,159.0,171.0,108.0,48.0,72.0,198.0,181.0,290.0,84.0,29.0,192.0,41.0,1.15,1.32,2.71,11.97,23.64,2.77,13.17,3.96,30.16,1.58,3.35,42.08,1.45,32.8,10.1,7.0,6.2,1.4,3.1,2.9,2.9,1.0,0.8,0.3,0.8,0.6,1.9,1.21,1.87,1.55,1.11,1.6,0.35,0.1,0.27,0.8,1.2,0.5,0.5,0.2,1.0,0.4,0.8,0.7,0.4,84.0,100.0,15.0,13.0,62.0,41.0,1.0,42.0,9.0,9.0,35.0,79.0,30.0,44.0,14.0,1.0,9.0,54.0,46.0,111.0,2.0,1.0,47.0,2.0,83.0,130.0,89.0,105.0,103.0,65.0,66.0,127.0,87.0,84.0,112.0,119.0,113.0,103.0,87.0,47.0,58.0,115.0,111.0,120.0,81.0,27.0,119.0,38.0,19.0,7.0,6.0,16.0,12.0,5.0,18.0
2019-09-30 01:00:00,10.0,5.0,10.0,8.0,4.0,7.0,5.0,7.0,10.0,6.0,26.0,11.0,16.0,28.0,22.0,34.0,33.0,14.0,21.0,6.0,24.0,12.0,11.0,170.0,137.0,49.0,118.0,177.0,115.0,52.0,96.0,77.0,111.0,84.0,74.0,141.0,180.0,40.0,72.0,33.0,216.0,92.0,172.0,58.0,26.0,72.0,29.0,4.53,3.32,2.45,10.73,33.5,21.8,20.42,33.64,6.56,3.5,4.92,34.36,22.75,57.25,9.4,4.4,4.5,1.9,3.7,2.2,2.1,0.6,0.5,0.3,0.8,0.4,1.86,1.23,1.76,1.56,1.13,1.57,0.3,0.1,0.2,0.7,0.6,0.4,0.5,0.2,0.9,0.4,0.3,0.4,0.3,64.0,20.0,1.0,13.0,52.0,35.0,1.0,9.0,3.0,13.0,6.0,1.0,20.0,51.0,1.0,3.0,1.0,63.0,5.0,46.0,1.0,1.0,4.0,1.0,73.0,106.0,47.0,98.0,97.0,62.0,51.0,82.0,73.0,91.0,75.0,72.0,110.0,102.0,39.0,68.0,31.0,119.0,84.0,102.0,56.0,25.0,66.0,28.0,13.0,9.0,13.0,24.0,10.0,15.0,16.0
2019-09-30 02:00:00,8.0,5.0,11.0,8.0,5.0,8.0,4.0,7.0,9.0,7.0,22.0,10.0,15.0,34.0,16.0,23.0,28.0,11.0,19.0,1.0,22.0,11.0,9.0,82.0,126.0,32.0,46.0,196.0,75.0,33.0,118.0,114.0,55.0,45.0,41.0,61.0,145.0,21.0,70.0,48.0,76.0,94.0,164.0,35.0,21.0,46.0,23.0,9.38,15.49,2.56,5.19,52.48,2.77,9.59,60.76,10.79,26.57,3.23,38.19,36.15,65.41,10.0,5.4,11.9,1.3,3.1,1.3,1.3,0.3,0.5,0.3,0.6,0.3,1.81,1.26,1.86,1.55,1.15,1.65,0.26,0.11,0.21,0.4,0.4,0.3,0.5,0.2,1.1,0.2,0.2,0.4,0.3,10.0,23.0,1.0,1.0,64.0,13.0,1.0,12.0,19.0,3.0,3.0,1.0,1.0,36.0,1.0,2.0,2.0,1.0,7.0,43.0,4.0,1.0,1.0,1.0,67.0,91.0,30.0,44.0,98.0,54.0,31.0,100.0,85.0,50.0,40.0,40.0,59.0,89.0,20.0,67.0,45.0,74.0,84.0,97.0,29.0,19.0,44.0,22.0,11.0,8.0,9.0,20.0,8.0,10.0,14.0
2019-09-30 03:00:00,8.0,5.0,9.0,9.0,5.0,9.0,4.0,8.0,9.0,7.0,21.0,16.0,13.0,20.0,23.0,11.0,29.0,11.0,14.0,4.0,25.0,12.0,11.0,70.0,124.0,51.0,65.0,115.0,61.0,62.0,88.0,166.0,48.0,68.0,81.0,59.0,140.0,35.0,124.0,47.0,88.0,95.0,182.0,35.0,18.0,59.0,23.0,5.38,10.22,2.6,1.2,18.4,5.65,1.77,26.12,2.98,7.72,3.47,33.95,21.14,57.72,8.8,3.9,21.6,1.6,2.4,1.1,1.1,0.3,0.8,0.3,0.5,0.2,1.88,1.29,1.92,1.62,1.18,1.68,0.26,0.12,0.24,0.4,0.4,0.3,0.5,0.2,1.1,0.2,0.3,0.5,0.3,8.0,21.0,1.0,1.0,23.0,7.0,1.0,3.0,46.0,2.0,10.0,15.0,1.0,36.0,1.0,31.0,1.0,1.0,12.0,60.0,1.0,1.0,1.0,1.0,57.0,92.0,49.0,63.0,80.0,50.0,60.0,83.0,96.0,45.0,54.0,58.0,58.0,86.0,33.0,76.0,46.0,86.0,77.0,90.0,34.0,17.0,57.0,22.0,2.0,7.0,16.0,23.0,7.0,5.0,15.0
2019-09-30 04:00:00,8.0,6.0,10.0,8.0,5.0,10.0,6.0,9.0,11.0,8.0,28.0,15.0,14.0,20.0,25.0,11.0,29.0,12.0,16.0,2.0,20.0,10.0,7.0,93.0,86.0,41.0,55.0,97.0,52.0,49.0,65.0,84.0,47.0,74.0,70.0,56.0,125.0,45.0,57.0,50.0,58.0,62.0,108.0,44.0,17.0,64.0,39.0,10.64,10.86,2.3,0.79,19.58,14.1,12.13,11.09,13.48,19.34,3.59,31.05,15.29,30.78,7.1,4.1,7.6,2.2,2.7,1.7,1.0,0.4,0.7,0.4,0.5,0.3,1.9,1.28,1.8,1.67,1.16,1.57,0.23,0.12,0.23,0.4,0.3,0.2,0.5,0.2,0.9,0.2,0.3,0.3,0.3,26.0,8.0,1.0,1.0,16.0,5.0,1.0,1.0,9.0,2.0,9.0,2.0,2.0,32.0,1.0,2.0,2.0,1.0,2.0,21.0,2.0,1.0,1.0,2.0,53.0,74.0,39.0,53.0,73.0,44.0,48.0,63.0,69.0,44.0,60.0,67.0,54.0,76.0,43.0,54.0,48.0,57.0,59.0,75.0,41.0,15.0,62.0,36.0,7.0,8.0,16.0,22.0,6.0,8.0,12.0
2019-09-30 05:00:00,9.0,6.0,11.0,8.0,4.0,10.0,5.0,8.0,11.0,9.0,26.0,11.0,13.0,19.0,8.0,10.0,29.0,15.0,18.0,4.0,16.0,11.0,10.0,77.0,56.0,26.0,31.0,139.0,55.0,32.0,70.0,69.0,33.0,52.0,90.0,24.0,91.0,29.0,40.0,35.0,40.0,72.0,54.0,50.0,18.0,52.0,34.0,31.33,18.58,2.37,7.35,25.82,6.57,23.26,2.58,25.35,37.51,14.79,29.11,17.05,29.5,5.4,2.2,3.8,2.2,4.0,2.2,0.8,0.3,0.3,0.3,0.5,0.3,1.83,1.26,1.8,1.62,1.16,1.56,0.22,0.11,0.24,0.3,0.3,0.2,0.4,0.2,0.8,0.2,0.3,0.2,0.3,20.0,3.0,1.0,1.0,44.0,8.0,1.0,3.0,7.0,2.0,3.0,9.0,1.0,17.0,1.0,1.0,2.0,1.0,9.0,3.0,1.0,1.0,1.0,1.0,45.0,51.0,25.0,29.0,71.0,44.0,31.0,65.0,57.0,29.0,48.0,75.0,22.0,64.0,28.0,38.0,32.0,39.0,59.0,50.0,48.0,16.0,50.0,32.0,10.0,8.0,1.0,24.0,10.0,9.0,11.0
2019-09-30 06:00:00,8.0,5.0,13.0,8.0,4.0,10.0,4.0,8.0,9.0,9.0,19.0,9.0,15.0,20.0,11.0,11.0,21.0,7.0,2.0,3.0,11.0,13.0,13.0,42.0,47.0,31.0,47.0,164.0,47.0,26.0,53.0,58.0,28.0,66.0,115.0,27.0,49.0,25.0,21.0,47.0,29.0,88.0,59.0,50.0,19.0,54.0,28.0,33.78,13.98,2.28,11.07,26.44,12.8,8.33,1.63,41.13,45.74,13.96,28.24,10.48,32.56,5.1,3.3,3.2,1.5,4.3,2.0,0.6,0.4,0.2,0.2,0.5,0.3,1.75,1.25,1.93,1.56,1.15,1.71,0.19,0.11,0.22,0.3,0.2,0.2,0.4,0.2,1.2,0.2,0.3,0.2,0.3,3.0,2.0,1.0,2.0,61.0,4.0,1.0,3.0,7.0,3.0,7.0,26.0,1.0,2.0,1.0,1.0,2.0,1.0,17.0,8.0,1.0,1.0,2.0,1.0,36.0,44.0,29.0,44.0,71.0,41.0,24.0,47.0,48.0,24.0,55.0,76.0,25.0,46.0,23.0,19.0,45.0,28.0,61.0,47.0,48.0,17.0,52.0,27.0,9.0,10.0,5.0,16.0,4.0,1.0,7.0
2019-09-30 07:00:00,9.0,5.0,15.0,8.0,4.0,10.0,5.0,9.0,10.0,9.0,15.0,8.0,12.0,15.0,20.0,27.0,14.0,10.0,13.0,2.0,14.0,14.0,12.0,77.0,93.0,55.0,95.0,249.0,34.0,27.0,149.0,76.0,65.0,151.0,116.0,83.0,46.0,44.0,25.0,58.0,71.0,122.0,92.0,63.0,26.0,64.0,38.0,13.75,1.21,2.54,3.3,21.76,1.11,3.06,1.52,32.49,14.0,9.85,21.76,4.62,21.11,3.6,3.8,2.7,1.1,4.0,1.6,0.3,0.3,0.3,0.2,0.5,0.3,1.78,1.25,1.96,1.58,1.15,1.74,0.2,0.1,0.22,0.3,0.3,0.3,0.4,0.2,1.1,0.2,0.4,0.2,0.3,22.0,19.0,5.0,18.0,115.0,3.0,1.0,41.0,16.0,8.0,45.0,31.0,17.0,1.0,1.0,1.0,3.0,9.0,35.0,23.0,4.0,2.0,3.0,5.0,43.0,64.0,48.0,68.0,73.0,30.0,26.0,87.0,52.0,52.0,82.0,69.0,57.0,44.0,42.0,23.0,54.0,57.0,67.0,56.0,57.0,23.0,59.0,30.0,6.0,9.0,11.0,10.0,7.0,7.0,10.0
2019-09-30 08:00:00,11.0,6.0,17.0,8.0,4.0,11.0,5.0,13.0,11.0,10.0,30.0,9.0,10.0,15.0,26.0,23.0,12.0,9.0,15.0,1.0,14.0,16.0,10.0,220.0,277.0,162.0,166.0,322.0,39.0,29.0,228.0,122.0,178.0,353.0,331.0,172.0,117.0,69.0,92.0,153.0,175.0,228.0,140.0,127.0,53.0,119.0,67.0,1.0,0.98,2.54,1.39,20.98,1.0,1.52,1.74,3.7,1.97,4.68,11.61,1.39,6.08,0.1,4.0,4.4,1.5,4.8,1.3,0.3,0.3,0.5,0.2,0.7,0.3,1.93,1.25,2.08,1.65,1.16,1.82,0.28,0.09,0.26,0.6,0.7,0.4,0.6,0.2,1.0,0.5,0.8,0.3,0.4,105.0,116.0,47.0,55.0,156.0,5.0,1.0,82.0,40.0,68.0,156.0,150.0,54.0,38.0,5.0,24.0,43.0,59.0,92.0,46.0,32.0,10.0,31.0,26.0,59.0,100.0,90.0,81.0,83.0,31.0,28.0,102.0,61.0,74.0,114.0,100.0,89.0,59.0,62.0,55.0,87.0,84.0,86.0,70.0,78.0,37.0,72.0,27.0,15.0,7.0,12.0,7.0,5.0,7.0,10.0
2019-09-30 09:00:00,14.0,6.0,18.0,12.0,4.0,13.0,6.0,15.0,12.0,9.0,35.0,28.0,11.0,19.0,49.0,31.0,20.0,16.0,33.0,2.0,15.0,17.0,23.0,346.0,308.0,209.0,213.0,329.0,51.0,49.0,304.0,254.0,198.0,460.0,535.0,232.0,236.0,144.0,206.0,233.0,166.0,224.0,224.0,110.0,46.0,195.0,146.0,1.16,0.92,2.55,0.97,10.91,0.93,2.58,2.39,1.53,5.34,4.31,13.23,2.44,6.38,0.1,12.3,15.5,2.8,7.7,0.8,0.5,0.7,1.5,0.2,1.3,0.3,1.95,1.26,1.88,1.65,1.16,1.65,0.3,0.1,0.23,0.9,0.9,0.5,0.7,0.2,1.1,0.5,1.1,0.4,0.4,177.0,128.0,76.0,81.0,160.0,12.0,7.0,129.0,113.0,75.0,208.0,255.0,84.0,104.0,41.0,88.0,88.0,51.0,92.0,93.0,24.0,9.0,69.0,92.0,74.0,111.0,92.0,89.0,84.0,33.0,38.0,106.0,81.0,83.0,140.0,145.0,104.0,76.0,81.0,71.0,98.0,88.0,83.0,81.0,73.0,32.0,88.0,5.0,12.0,7.0,25.0,11.0,9.0,9.0,9.0
2019-09-30 10:00:00,14.0,5.0,15.0,11.0,5.0,12.0,6.0,9.0,13.0,10.0,30.0,29.0,14.0,21.0,38.0,37.0,30.0,21.0,31.0,4.0,23.0,18.0,21.0,362.0,147.0,82.0,112.0,259.0,35.0,42.0,213.0,179.0,154.0,163.0,118.0,190.0,297.0,79.0,116.0,104.0,160.0,182.0,231.0,86.0,33.0,80.0,61.0,9.08,1.93,3.28,2.56,15.54,5.84,5.43,12.02,3.77,12.49,7.86,20.07,14.85,16.54,0.1,6.7,3.2,3.3,8.4,2.1,0.4,0.7,0.3,0.3,1.5,0.6,1.76,1.27,1.83,1.54,1.17,1.62,0.22,0.1,0.21,1.0,0.5,0.3,0.7,0.2,1.2,0.5,0.4,0.5,0.3,188.0,48.0,19.0,32.0,114.0,8.0,11.0,87.0,67.0,55.0,57.0,31.0,66.0,138.0,18.0,36.0,29.0,50.0,71.0,96.0,24.0,7.0,24.0,30.0,74.0,73.0,53.0,63.0,84.0,23.0,25.0,81.0,76.0,69.0,75.0,70.0,89.0,85.0,52.0,61.0,59.0,83.0,73.0,84.0,50.0,23.0,43.0,15.0,10.0,8.0,18.0,17.0,10.0,8.0,14.0
2019-09-30 11:00:00,14.0,5.0,15.0,11.0,5.0,9.0,6.0,8.0,13.0,9.0,20.0,34.0,16.0,41.0,29.0,39.0,48.0,19.0,21.0,31.0,31.0,16.0,17.0,339.0,107.0,58.0,65.0,238.0,45.0,86.0,205.0,112.0,162.0,119.0,65.0,131.0,201.0,40.0,63.0,46.0,121.0,107.0,244.0,41.0,20.0,68.0,28.0,22.62,5.79,5.5,8.95,18.79,11.7,13.51,34.24,46.43,22.28,12.98,20.89,21.57,41.0,0.2,2.5,2.8,4.0,6.2,1.3,0.2,0.2,0.3,0.4,0.9,0.3,1.69,1.29,1.69,1.5,1.18,1.5,0.19,0.12,0.19,0.9,0.4,0.2,0.7,0.3,1.0,0.5,0.2,0.5,0.2,170.0,30.0,12.0,13.0,96.0,12.0,28.0,76.0,33.0,58.0,38.0,14.0,39.0,79.0,7.0,10.0,10.0,33.0,31.0,100.0,9.0,3.0,20.0,10.0,79.0,62.0,39.0,45.0,92.0,27.0,42.0,88.0,62.0,73.0,60.0,43.0,72.0,79.0,30.0,48.0,31.0,70.0,59.0,91.0,27.0,16.0,38.0,13.0,3.0,8.0,14.0,33.0,8.0,7.0,17.0
2019-09-30 12:00:00,10.0,5.0,13.0,12.0,6.0,9.0,6.0,7.0,11.0,8.0,22.0,26.0,29.0,27.0,28.0,25.0,24.0,18.0,12.0,19.0,24.0,15.0,12.0,194.0,108.0,62.0,79.0,134.0,47.0,117.0,120.0,112.0,88.0,93.0,85.0,69.0,102.0,57.0,69.0,37.0,106.0,74.0,165.0,35.0,19.0,77.0,23.0,31.15,10.05,21.27,21.08,27.16,35.25,23.6,52.01,27.83,30.49,28.32,40.06,35.88,62.31,0.3,2.5,7.0,5.6,4.0,0.9,0.2,0.2,0.7,0.7,0.6,0.2,1.72,1.31,1.62,1.53,1.16,1.44,0.2,0.15,0.19,0.7,0.4,0.3,0.6,0.4,0.9,0.3,0.3,0.4,0.2,84.0,27.0,11.0,15.0,39.0,12.0,36.0,31.0,30.0,21.0,26.0,26.0,14.0,24.0,12.0,8.0,7.0,27.0,17.0,54.0,8.0,2.0,20.0,6.0,64.0,67.0,45.0,55.0,74.0,29.0,62.0,71.0,66.0,55.0,54.0,46.0,48.0,64.0,39.0,56.0,26.0,65.0,48.0,83.0,23.0,16.0,47.0,14.0,8.0,12.0,14.0,14.0,9.0,3.0,12.0
2019-09-30 13:00:00,7.0,6.0,10.0,14.0,6.0,7.0,5.0,7.0,10.0,6.0,30.0,23.0,31.0,17.0,24.0,20.0,23.0,24.0,10.0,10.0,25.0,16.0,13.0,95.0,98.0,73.0,81.0,78.0,101.0,96.0,66.0,109.0,69.0,100.0,71.0,66.0,86.0,51.0,78.0,53.0,88.0,57.0,146.0,51.0,18.0,55.0,19.0,44.4,17.03,37.38,36.76,41.97,57.75,32.55,61.12,34.92,44.82,39.56,85.89,56.75,74.9,0.1,2.4,4.5,6.5,4.0,1.8,0.1,0.2,0.5,0.7,0.6,0.2,1.73,1.3,1.6,1.53,1.16,1.41,0.2,0.14,0.19,0.5,0.4,0.3,0.5,0.3,0.9,0.4,0.3,0.3,0.3,29.0,21.0,12.0,16.0,16.0,24.0,24.0,13.0,27.0,13.0,27.0,16.0,12.0,18.0,9.0,8.0,11.0,17.0,11.0,43.0,11.0,2.0,11.0,3.0,51.0,67.0,55.0,57.0,54.0,64.0,60.0,46.0,68.0,49.0,59.0,46.0,47.0,58.0,36.0,65.0,36.0,61.0,39.0,80.0,35.0,15.0,38.0,14.0,15.0,11.0,10.0,12.0,13.0,1.0,15.0
2019-09-30 14:00:00,6.0,6.0,8.0,14.0,6.0,5.0,5.0,7.0,10.0,5.0,21.0,15.0,30.0,28.0,29.0,28.0,29.0,28.0,7.0,15.0,23.0,11.0,4.0,66.0,78.0,87.0,55.0,59.0,80.0,74.0,48.0,82.0,56.0,83.0,54.0,69.0,67.0,62.0,52.0,57.0,58.0,51.0,124.0,57.0,29.0,37.0,25.0,58.03,29.12,50.05,50.1,59.28,70.57,48.41,73.62,55.2,59.84,47.14,90.9,68.58,78.66,0.1,2.3,5.3,6.2,3.5,1.3,0.3,0.3,0.4,0.6,0.4,0.1,1.69,1.27,1.58,1.5,1.15,1.41,0.19,0.12,0.17,0.4,0.4,0.2,0.4,0.3,0.8,0.2,0.3,0.2,0.3,16.0,15.0,17.0,10.0,11.0,17.0,15.0,8.0,18.0,11.0,19.0,9.0,15.0,13.0,12.0,4.0,12.0,8.0,10.0,35.0,11.0,3.0,7.0,5.0,41.0,56.0,61.0,40.0,43.0,54.0,50.0,35.0,55.0,40.0,55.0,40.0,47.0,48.0,43.0,46.0,39.0,46.0,36.0,70.0,39.0,24.0,27.0,17.0,8.0,12.0,13.0,19.0,14.0,1.0,13.0
2019-09-30 15:00:00,6.0,5.0,7.0,13.0,5.0,3.0,5.0,6.0,9.0,4.0,15.0,11.0,20.0,41.0,20.0,16.0,28.0,30.0,14.0,9.0,20.0,9.0,2.0,48.0,83.0,92.0,55.0,46.0,48.0,36.0,53.0,52.0,53.0,66.0,54.0,58.0,41.0,62.0,36.0,82.0,39.0,43.0,91.0,48.0,38.0,38.0,25.0,63.47,37.06,70.7,68.58,83.1,72.03,66.67,85.26,72.85,86.52,65.11,84.63,73.2,90.33,2.4,4.1,2.9,3.6,3.1,1.2,0.1,0.3,0.3,0.3,0.4,0.1,1.74,1.22,1.56,1.51,1.12,1.39,0.24,0.1,0.17,0.3,0.4,0.2,0.4,0.2,0.7,0.2,0.3,0.2,0.3,10.0,17.0,20.0,9.0,8.0,7.0,5.0,8.0,8.0,9.0,15.0,8.0,12.0,4.0,11.0,2.0,20.0,4.0,7.0,23.0,8.0,4.0,7.0,5.0,32.0,56.0,61.0,40.0,34.0,37.0,28.0,40.0,39.0,39.0,42.0,41.0,40.0,34.0,45.0,32.0,51.0,33.0,32.0,56.0,35.0,31.0,28.0,17.0,4.0,9.0,8.0,14.0,17.0,5.0,10.0
2019-09-30 16:00:00,6.0,6.0,5.0,13.0,5.0,2.0,5.0,7.0,9.0,4.0,20.0,15.0,13.0,29.0,17.0,20.0,51.0,30.0,27.0,4.0,19.0,10.0,9.0,38.0,80.0,68.0,52.0,35.0,35.0,26.0,42.0,41.0,50.0,60.0,49.0,42.0,32.0,53.0,28.0,85.0,28.0,39.0,69.0,50.0,39.0,35.0,21.0,72.93,44.26,86.04,82.22,93.89,84.72,74.47,91.67,86.41,96.89,80.65,87.95,79.65,96.71,1.2,2.8,2.2,1.8,2.6,0.8,0.3,0.3,0.2,0.2,0.3,0.1,1.85,1.22,1.69,1.53,1.12,1.51,0.32,0.1,0.18,0.3,0.3,0.2,0.4,0.2,0.7,0.2,0.2,0.2,0.3,7.0,17.0,13.0,7.0,5.0,4.0,3.0,6.0,6.0,9.0,14.0,7.0,6.0,2.0,8.0,2.0,22.0,1.0,6.0,15.0,9.0,4.0,6.0,2.0,27.0,53.0,48.0,41.0,26.0,28.0,21.0,33.0,32.0,36.0,39.0,38.0,33.0,29.0,40.0,25.0,52.0,26.0,29.0,46.0,36.0,33.0,27.0,18.0,6.0,2.0,7.0,37.0,20.0,16.0,10.0
2019-09-30 17:00:00,7.0,6.0,4.0,13.0,5.0,2.0,4.0,7.0,8.0,4.0,8.0,12.0,18.0,2.0,24.0,15.0,25.0,22.0,25.0,4.0,20.0,9.0,6.0,36.0,62.0,65.0,38.0,30.0,22.0,13.0,38.0,27.0,40.0,42.0,39.0,35.0,16.0,45.0,15.0,59.0,23.0,34.0,51.0,35.0,19.0,24.0,16.0,86.88,57.37,96.17,95.92,109.9,92.5,93.5,100.9,105.4,106.6,94.48,106.8,92.32,107.5,3.4,2.7,2.0,1.1,1.2,1.0,0.6,0.2,0.2,0.2,0.2,0.1,1.89,1.21,1.61,1.53,1.12,1.44,0.37,0.09,0.17,0.3,0.3,0.2,0.3,0.1,0.7,0.2,0.2,0.1,0.3,7.0,11.0,12.0,4.0,5.0,2.0,1.0,5.0,3.0,7.0,8.0,5.0,5.0,1.0,6.0,1.0,13.0,1.0,5.0,10.0,5.0,2.0,3.0,1.0,26.0,45.0,46.0,31.0,22.0,19.0,11.0,31.0,22.0,30.0,29.0,32.0,27.0,15.0,36.0,13.0,40.0,21.0,27.0,36.0,27.0,17.0,20.0,14.0,1.0,8.0,11.0,14.0,11.0,13.0,13.0
2019-09-30 18:00:00,7.0,6.0,4.0,12.0,5.0,3.0,4.0,7.0,8.0,4.0,19.0,8.0,16.0,1.0,21.0,8.0,19.0,17.0,28.0,17.0,16.0,9.0,6.0,43.0,73.0,61.0,33.0,34.0,22.0,7.0,30.0,24.0,30.0,46.0,40.0,36.0,14.0,46.0,11.0,68.0,21.0,29.0,92.0,39.0,7.0,19.0,14.0,82.51,64.52,90.4,94.45,113.7,101.8,97.31,102.4,110.6,106.1,85.32,112.6,100.5,112.7,1.7,2.7,2.3,0.5,1.3,0.9,0.6,0.2,0.1,0.1,0.3,0.1,1.85,1.2,1.57,1.51,1.11,1.39,0.34,0.08,0.18,0.3,0.3,0.2,0.3,0.1,0.6,0.2,0.2,0.2,0.2,9.0,13.0,10.0,3.0,5.0,2.0,1.0,4.0,3.0,5.0,9.0,5.0,5.0,1.0,6.0,1.0,16.0,1.0,4.0,25.0,6.0,1.0,2.0,2.0,29.0,52.0,45.0,28.0,26.0,19.0,5.0,25.0,20.0,22.0,33.0,32.0,28.0,13.0,37.0,10.0,43.0,19.0,23.0,54.0,30.0,6.0,16.0,12.0,4.0,8.0,9.0,11.0,6.0,14.0,11.0
2019-09-30 19:00:00,7.0,6.0,4.0,12.0,5.0,2.0,4.0,7.0,8.0,4.0,21.0,13.0,15.0,13.0,19.0,19.0,19.0,17.0,19.0,14.0,12.0,7.0,9.0,31.0,95.0,38.0,47.0,43.0,32.0,7.0,29.0,27.0,43.0,54.0,62.0,28.0,16.0,64.0,14.0,112.0,22.0,39.0,123.0,45.0,8.0,21.0,17.0,66.55,54.96,82.38,86.45,109.0,97.56,92.97,81.63,103.4,102.6,71.53,105.8,96.32,103.2,0.1,3.4,2.4,0.2,1.7,0.9,0.1,0.2,0.3,0.1,0.3,0.1,1.79,1.19,1.56,1.49,1.11,1.38,0.3,0.08,0.18,0.3,0.4,0.2,0.4,0.1,0.7,0.2,0.3,0.2,0.2,3.0,19.0,3.0,5.0,6.0,3.0,1.0,2.0,2.0,6.0,9.0,7.0,3.0,1.0,8.0,1.0,30.0,1.0,5.0,36.0,6.0,1.0,2.0,1.0,26.0,66.0,33.0,40.0,34.0,28.0,6.0,26.0,23.0,33.0,41.0,51.0,24.0,14.0,52.0,13.0,66.0,21.0,32.0,68.0,36.0,7.0,18.0,15.0,5.0,8.0,9.0,14.0,9.0,7.0,6.0
2019-09-30 20:00:00,6.0,6.0,6.0,12.0,5.0,4.0,4.0,7.0,8.0,5.0,28.0,14.0,15.0,13.0,20.0,15.0,18.0,23.0,18.0,17.0,16.0,6.0,11.0,47.0,77.0,68.0,52.0,85.0,48.0,16.0,50.0,44.0,49.0,70.0,71.0,73.0,38.0,89.0,25.0,140.0,35.0,49.0,183.0,65.0,17.0,37.0,27.0,58.17,47.03,52.93,60.56,90.08,78.0,73.1,57.3,81.93,87.31,36.86,91.04,79.3,79.58,0.1,3.3,3.4,0.2,2.0,0.8,0.1,0.2,0.4,0.1,0.3,0.1,1.75,1.18,1.58,1.49,1.1,1.4,0.26,0.08,0.18,0.4,0.4,0.3,0.4,0.2,0.8,0.2,0.3,0.4,0.3,3.0,8.0,6.0,2.0,16.0,2.0,1.0,3.0,3.0,6.0,9.0,4.0,8.0,1.0,9.0,1.0,30.0,1.0,3.0,56.0,7.0,1.0,1.0,1.0,42.0,64.0,59.0,50.0,61.0,45.0,15.0,45.0,39.0,39.0,56.0,65.0,62.0,37.0,74.0,23.0,94.0,33.0,44.0,98.0,55.0,16.0,36.0,24.0,9.0,8.0,9.0,11.0,16.0,6.0,8.0
2019-09-30 21:00:00,9.0,5.0,11.0,12.0,5.0,9.0,4.0,6.0,9.0,5.0,46.0,11.0,18.0,10.0,27.0,24.0,23.0,23.0,22.0,26.0,24.0,9.0,9.0,169.0,163.0,154.0,130.0,259.0,120.0,44.0,125.0,85.0,106.0,95.0,99.0,127.0,126.0,185.0,42.0,226.0,151.0,86.0,460.0,77.0,73.0,106.0,48.0,12.35,9.23,4.12,11.26,60.62,20.93,32.8,23.48,40.36,27.66,4.54,26.38,21.99,41.07,0.1,5.1,4.4,0.6,2.7,0.6,0.1,0.7,0.6,0.1,0.4,0.1,1.74,1.18,1.68,1.48,1.09,1.4,0.26,0.09,0.28,0.7,0.5,0.4,0.6,0.2,1.1,0.4,0.4,0.9,0.4,62.0,33.0,30.0,17.0,84.0,11.0,1.0,10.0,6.0,12.0,7.0,3.0,13.0,21.0,43.0,1.0,66.0,36.0,7.0,196.0,3.0,3.0,6.0,3.0,73.0,112.0,108.0,103.0,130.0,103.0,42.0,109.0,76.0,87.0,84.0,94.0,106.0,95.0,119.0,40.0,125.0,96.0,76.0,159.0,72.0,68.0,96.0,43.0,5.0,9.0,12.0,14.0,14.0,9.0,13.0
2019-09-30 22:00:00,9.0,5.0,14.0,12.0,5.0,10.0,4.0,7.0,9.0,6.0,51.0,17.0,18.0,29.0,18.0,23.0,33.0,26.0,26.0,16.0,63.0,15.0,17.0,144.0,186.0,264.0,195.0,339.0,157.0,80.0,206.0,90.0,140.0,110.0,254.0,102.0,217.0,208.0,71.0,182.0,227.0,199.0,781.0,76.0,59.0,163.0,48.0,1.73,0.95,2.73,4.34,23.08,0.99,23.41,2.66,13.07,2.84,4.12,23.87,1.59,35.4,0.1,11.9,9.3,1.3,3.3,2.7,0.1,1.8,1.1,0.2,0.6,0.5,1.78,1.2,1.92,1.51,1.08,1.46,0.27,0.12,0.46,0.7,0.6,0.8,0.7,0.2,1.0,0.5,0.9,1.5,0.4,43.0,40.0,86.0,47.0,132.0,30.0,1.0,45.0,7.0,25.0,14.0,82.0,7.0,59.0,57.0,1.0,46.0,64.0,64.0,378.0,3.0,2.0,31.0,4.0,79.0,124.0,133.0,123.0,136.0,110.0,78.0,138.0,80.0,101.0,89.0,128.0,92.0,126.0,120.0,69.0,111.0,128.0,101.0,202.0,71.0,56.0,116.0,42.0,7.0,8.0,6.0,22.0,15.0,11.0,44.0
2019-09-30 23:00:00,8.0,5.0,13.0,10.0,5.0,7.0,4.0,7.0,9.0,6.0,44.0,14.0,22.0,29.0,21.0,18.0,25.0,21.0,23.0,10.0,61.0,10.0,11.0,104.0,160.0,98.0,174.0,265.0,70.0,67.0,179.0,86.0,94.0,79.0,258.0,86.0,288.0,88.0,102.0,92.0,192.0,197.0,616.0,52.0,51.0,126.0,44.0,4.24,0.8,2.69,34.79,28.95,1.0,23.39,2.49,2.24,2.43,2.97,23.48,2.29,35.04,0.1,6.6,6.8,2.2,3.1,4.3,0.1,1.0,0.7,0.3,0.5,0.8,1.81,1.2,1.83,1.52,1.09,1.48,0.29,0.11,0.35,0.5,0.6,0.7,0.4,0.2,1.1,0.4,0.9,1.0,0.3,16.0,32.0,12.0,37.0,95.0,4.0,1.0,32.0,5.0,8.0,5.0,86.0,3.0,105.0,3.0,8.0,19.0,48.0,63.0,290.0,2.0,1.0,13.0,4.0,79.0,111.0,79.0,118.0,119.0,64.0,65.0,130.0,78.0,82.0,72.0,126.0,80.0,126.0,83.0,91.0,63.0,119.0,101.0,171.0,49.0,49.0,106.0,39.0,16.0,10.0,10.0,13.0,12.0,9.0,44.0
2019-10-01 00:00:00,8.0,5.0,13.0,10.0,5.0,7.0,4.0,7.0,9.0,6.0,25.0,11.0,22.0,29.0,10.0,17.0,39.0,19.0,17.0,12.0,37.0,10.0,7.0,59.0,159.0,55.0,172.0,260.0,137.0,41.0,289.0,73.0,85.0,52.0,153.0,72.0,335.0,79.0,80.0,108.0,156.0,251.0,454.0,39.0,37.0,99.0,33.0,5.54,0.86,2.57,5.81,47.07,1.0,26.84,3.42,10.68,1.98,3.24,26.31,9.4,48.06,0.1,3.3,4.9,1.2,3.0,4.9,0.1,0.4,0.6,0.2,0.5,0.9,1.77,1.19,1.86,1.52,1.09,1.49,0.26,0.1,0.37,0.4,0.6,0.7,0.6,0.2,1.0,0.3,0.6,0.9,0.3,3.0,36.0,1.0,38.0,99.0,29.0,1.0,98.0,4.0,7.0,7.0,33.0,2.0,136.0,7.0,3.0,26.0,30.0,96.0,204.0,1.0,1.0,5.0,2.0,54.0,104.0,52.0,113.0,108.0,93.0,39.0,139.0,67.0,74.0,42.0,103.0,69.0,125.0,68.0,75.0,69.0,110.0,104.0,142.0,38.0,36.0,92.0,30.0,11.0,13.0,2.0,24.0,12.0,5.0,25.0
